nan
nan
nan
nan
nan
nan
nan
nan
nan
nan
nan
nan
nan
nan
nan
nan
nan
nan
nan
121.95537008040459
122.22334893862991
123.26833638952081
124.8013200929171
124.98537295126702
125.47044715686087
126.91745490247797
128.01311475486474
128.62780702252473
129.642852902539
130.25116277677952
131.5169251801898
133.3152664291279
134.8932407156578
136.52173910875484
138.24682297103368
139.37975120963094
140.19441924875204
141.1449752084754
142.26736935093697
143.72861088569175
145.71445258870858
148.2344753905644
151.2749434260009
151.3135511675758
151.6470846109841
152.24507503689316
153.99100238816874
154.68058179523996
154.79922510499125
154.86779311160748
155.15751173237481
155.50782258738485
156.32277167161178
157.26701583470197
157.9879945920513
158.75985738453045
159.28314743906787
160.05571802716943
160.44149570938166
160.52606667935714
160.2260472129313
160.1925808077705
160.49946025761773
160.23178038935598
159.8108654600491
159.6411391366197
159.63027438346137
159.69879156876758
159.63232894217114
159.5164907649206
159.55049989607227
159.9291564639072
160.15708802676232
160.09361747061007
159.9270514433273
159.70569311784035
159.12221203461434
158.1310339701098
157.768919735379
157.8092986843707
157.19337898516545
155.6816416194518
154.57035522534727
154.13098540858545
152.7894056579676
151.43468494595237
150.5549907485458
150.60271726420726
150.763342075888
150.9158320475575
150.46005721900127
151.33584844817938
152.13736245758713
152.53107410093224
152.3687448418053
152.0922985855119
151.74304443866808
151.42173793196798
151.19405687919783
151.08321415192654
150.85935310466155
151.26759197998493
151.74572972163605
151.92141099441767
152.85416513752614
154.03083563427057
154.9836089783397
154.9285824620239
155.2051145298027
155.01815809316332
156.41454357632742
156.99480143938638
157.54030393887768
157.48757125940855
157.12565737123631
156.64352325786123
156.32727302002007
156.12407540968988
155.92581259033773
155.39493650279442
155.01552652923982
154.60846865945948
154.36633617362463
154.38865127314662
153.5779335924624
153.41943821960086
153.0165258108817
152.67043277305885
151.50427694445642
149.74957106017945
147.8933647768506
146.98235438131698
146.79425898606058
146.89311872024595
146.9866411840821
147.12062298705953
147.23733563640167
147.3543842859441
147.2897538647361
147.42685290017496
147.66364165451668
147.94272826676226
148.34225727451812
148.28062082279655
148.62151916073012
148.49244921180133
148.65447533023826
148.91336045524267
150.0364958636138
152.94931714986026
155.675668286873
157.7725613150135
158.95348293949897
159.5472146849158
159.8968904641656
158.36602951710265
157.99799492052819
156.9417779086544
156.02661530827788
154.96217998121062
153.00763942270606
149.77680156461898
146.47836307356204
142.2035560988417
140.2203836594245
138.15262364871788
137.1642207137423
136.38671886128122
135.53093114855156
134.2545644139307
134.31680521725502
135.21713890763579
135.91604343607128
137.81396610351374
138.5163218572606
138.48909017399933
138.989964131044
139.52944986697253
140.54190473411796
141.8048098212006
141.54105234065807
141.06749936879018
141.35718563675584
143.31073023504993
143.29387501098012
143.54163644947968
142.80142618651223
142.79718788733203
142.66959097468526
142.92499498107182
143.0751293152143
143.0653558997838
143.42079153883125
143.26011118138183
142.69407839161778
141.93963484886743
141.31864207611775
140.579880857114
140.22943489349115
140.47124191907815
140.46941543983777
140.4427957788675
140.84369772207913
141.13071402163024
142.1094766767451
143.154651333185
144.97410948316136
144.95942718371685
146.30219641073046
148.58448592336342
149.62933222031847
151.4600183211307
153.9216374460329
154.84196401219774
155.27679405050088
155.28852668402456
155.22042585631254
155.27066544381898
155.29140275103362
155.8060409944327
156.6548894612741
157.43179997851013
158.1787249475364
158.469026212257
159.83402122316494
161.23299928880724
160.75118628826553
160.0527923601574
159.35110674217765
157.0119655742154
155.84258073845746
155.0314155954353
153.7450451408742
153.09324580670238
152.40026542917448
152.34146731173277
151.24096258100897
150.13972198845923
149.5628905537819
148.53004546551176
148.09502528143713
147.03174405951518
145.07615355636096
142.67901075673987
142.2676151997429
141.9977823111742
141.8299459018573
141.23289088793902
140.42270313024974
139.4961886836702
139.28014273581633
139.30473389586834
138.88259241834618
139.41628525601863
139.92594533484453
139.6690819593943
138.62814873445268
137.22293552249093
136.4796500749155
135.1827918603601
133.985525610545
133.68072233133992
133.10090565457546
132.52203485523603
132.15059497500144
131.89225280421627
132.19381420454783
131.52164537315795
131.4204022864262
131.4437689312053
131.6549934723069
131.7667736140902
131.59469771920385
132.02807210766844
131.85372888137547
131.51254142109136
131.52157763222786
131.13892252687776
130.9494176276088
131.30650345359157
132.08357002049442
132.5452848626759
133.33780243863893
134.1450029621209
135.16823639867079
136.40668415739609
137.21404383171097
139.2477366175819
140.55221495202437
141.0495981913723
141.44940982914645
142.03036725660917
142.3196617418395
143.24128482542145
143.4465311203826
143.73128439129584
144.52782190831473
144.49211455724955
144.4893856482791
144.4927333503192
144.5042268661821
144.97990433297383
145.42478527856417
147.74142533635154
149.08632869707196
148.8865751491087
149.64337160581715
149.64097982497992
149.4035895476008
149.23009301038982
148.79122615508427
148.1902919060323
148.5581005773414
147.80907329731338
147.55749308503601
147.57572642787468
147.24887103087616
146.67850936714538
146.24445490462526
145.06295360419676
144.2126666742543
143.29295656364627
142.64776401109413
142.1203308865406
142.27462669611776
143.0383631426639
143.28867219936214
143.52151033176776
143.5024637059287
143.4347039153415
143.27304684495743
143.38893435834197
143.3681098479328
143.55272496039012
143.30398863456915
143.2019582932279
143.16228009608807
142.6819293816155
142.52016647544198
142.4028519590992
141.96450852107674
141.83265483963712
141.49364350235598
141.42464485796557
141.45746781221243
141.46779231660545
141.24659198789286
141.10584604609784
141.00044509765974
141.03506084817525
141.70421556286755
141.66456717882113
141.7275733773882
141.44732771344098
141.44206672324523
141.31160955249527
141.63900010925076
141.63772696772727
141.7625215485041
141.7189786344402
141.78876440080393
141.8205442534534
141.92546982606027
141.92514109682787
141.77799275896226
141.66648807292233
141.68956544872592
141.42327478028508
140.69871355543478
139.1152194435314
138.3823952829063
137.5087948164781
136.59537929735575
136.6802447861864
136.63303904629595
136.59132125265535
136.6088396734598
135.2459175213021
133.09845151898654
132.08703115734951
131.3976035951228
130.86648072376954
130.44396824238476
130.202517953315
130.28919853311314
129.99818378206643
129.8392850512646
129.64492869180586
129.63713596122633
129.68584155976723
129.6857428094046
129.6820808527318
129.7281156273752
129.996344646578
130.24230799191972
130.30655087413473
130.6208623760813
130.65803022346597
131.26490804089863
131.49607343578236
129.63053068595227
128.88797894595447
128.56435315303034
128.53044704047463
129.37223379813963
130.81254736105936
132.3388780312078
133.6469898219064
134.64945950007825
135.31149277936603
136.2717735866043
136.84546395794857
137.60016264400198
138.57793423811742
140.2581235666378
141.59633907621077
143.03628738275134
144.88603675167204
146.48428341882303
148.78609875511597
148.79045896330805
148.9193341787683
149.05747765740065
149.25606883181968
150.12832643780425
150.5770254751754
151.25359281322923
151.49952673630324
152.03746665695837
152.30797384884286
152.73588196291612
152.51587388434365
152.0345596374624
151.64269719494612
150.91437960394475
149.29034717440726
148.14135670057982
146.93191377081018
146.40031520264895
146.14912458407605
146.03224405417416
146.07290090293716
146.1401828167906
146.1304079172097
146.1100786125612
146.1445165729544
146.02600563573094
146.15397780143473
146.2595065101922
146.1967471384579
146.22422496971305
146.16540876436522
146.07111980617526
145.85391293681354
144.53056319988949
144.24989879238478
144.54212974347308
144.75095284256045
145.09012699360215
145.40682797650632
145.83387795091645
145.8165769510332
146.13170722179746
146.86538715439025
147.85713358923948
148.87171160927952
150.5085223917979
152.18057079987176
154.16730152622344
155.2088948692992
156.31383640013416
157.98099969377495
159.68112479734717
161.5455595668689
161.71251109270887
161.82999772918245
161.73591979675248
161.18442730082828
160.863369315987
160.85231752412741
160.52500805085646
160.59768905532462
160.6104367618933
160.57959178349057
160.4988872293504
160.55749980562197
160.53320346474658
160.41921869320558
160.3936431902967
160.05877289421412
159.98588815028484
160.19532301666524
160.84074664933704
160.97366776637654
160.7489625505686
160.33003544279046
160.51401586075164
161.16097370266473
161.8883915105563
161.9919084265173
163.18008349276525
163.7510562063588
164.43267336269653
164.71346743749012
165.20307570795026
165.97764983375396
166.70799387651044
167.47300272287873
168.7624381751348
169.38751333522254
170.0288954425467
170.9637555257627
172.59689479390008
174.07369514798103
175.10951711164418
175.35281643213378
175.64591787395696
176.04595068995079
176.51521010753086
176.39326552330004
175.97190761229035
175.12361294861708
174.81632208534242
174.77822939574102
174.73662411034107
174.51564863014755
174.34526302506876
174.5052922914715
174.8197177891119
174.92258341866867
175.4591435244601
175.86853585495533
176.13186121147405
176.8806227249151
178.11906292751996
179.9344201298609
181.37769865453208
182.2813453300706
183.1453537655854
182.90190266370377
182.77343947895793
182.49129443559733
182.49624525273063
182.5492185250932
182.56388618938684
182.57405951956878
182.57854347558688
182.6321655946323
182.59525281888747
182.44549428755812
182.27073525113158
182.30865401238495
182.7691340611596
182.928942028744
182.43412274960266
182.32557963878264
182.1680077826417
182.592872577472
183.27714106211445
184.64893624942655
185.30264514228855
186.18568353529037
186.00466767481853
185.92938555058518
186.27531945996867
186.4790797987357
187.09737708984176
187.87795526031144
188.50949183636155
188.74137494420464
188.89052466240622
189.56600724062696
190.60313852292094
192.05746150117167
192.18541642988595
192.60702401314055
192.73737961489064
193.45321566802167
194.11172114888046
194.8990689891807
195.361616205941
195.55264251749767
195.85824159484395
196.1593130439489
196.71728829030093
197.26674719865784
197.55122894124847
198.1078023546715
199.0633276244041
199.9591038453934
199.4377770234335
197.39945615961054
196.11722464948176
195.47539079171742
195.1685314740954
195.0824298959749
194.63075358960745
194.4308901993797
193.9507085865769
194.8243706116393
195.6659921504161
196.59188052621835
198.00854424073862
199.58376670308098
201.37003612283095
203.45822043450724
206.32512250356905
210.24268641430876
214.12363671117427
219.38146355047263
222.67227161610114
223.45995819070288
224.14358370630816
224.4142559895576
224.50501458630637
224.29103009056178
223.9311828947436
223.93612901875804
224.84953026003168
225.03254747099712
224.86900830829862
224.89765774583591
225.04693036581833
225.11528476600947
224.48528365824197
224.78304615834054
224.77845211946334
224.62695873951768
224.48836474350549
224.04660729298467
223.88077235319096
223.88570183603116
223.79682061115489
223.87834354777047
224.08315313968131
224.36002595982288
224.28493639938074
221.72069794463428
219.7939340041511
218.82171732586264
217.8971544294463
217.28358019306754
216.2919394688029
214.78768988100157
213.71103736983548
212.11143652986087
211.06114222087564
210.13639299371877
209.86314786026622
210.09752866823024
210.16456030621453
210.5949842248414
211.19825885814947
211.85811740289665
212.73559677447253
213.8515676568629
214.55085395229716
214.25806423663647
213.33773812172495
212.42479619287317
212.19677307067022
212.00445910725745
212.00513380149852
212.00966428904167
211.98432782483872
212.34171282297297
212.43285427520215
212.25061839859174
211.74835390052476
211.69889118196053
211.60244071935696
211.74336118779263
211.9178728847306
211.8886033512275
211.8240361230248
211.82377399894563
211.7718105028171
211.90266326169956
212.47568723551575
213.09971506902485
213.13907523305497
213.507695318875
213.48444814891644
213.5019139600808
213.68645061956832
214.03495222314746
214.08546737716273
214.438269057069
215.0569124310684
214.37600078090912
213.3569885617487
212.1935321111721
211.57678775774147
211.31949843509724
211.46876834332636
211.5212752313573
211.92211985162683
212.32981833302043
213.01064725972674
214.086554699859
215.27647914608121
216.132196214407
216.86487952942434
217.3008554933593
218.0462894854361
219.65472986355243
221.6798043414889
223.5555108231133
226.1551977606417
227.2644413120776
227.10328662225095
226.44857757238086
225.90400788228143
225.49525160953417
225.6705126074907
226.11394467358485
226.4255540973306
226.98799895393242
227.63472220983397
228.1765108647031
228.75276822996508
229.2902234498234
229.2876867564854
228.21172494314158
227.6714961156158
227.21997788608803
227.34038699893463
227.93047844308362
229.29504374123164
230.5582463518804
231.4553620087251
232.33862076333637
233.11865259817043
233.77551763258248
234.49830012240798
235.4795239870599
236.07181872931164
237.12813305034143
238.81756778172638
240.06949505268946
241.69920958273195
242.2632841051442
242.24685808439932
242.06949189251804
241.72240528883157
241.4482316479338
240.93984103140218
240.4323504637923
240.30098132249455
241.40799647709133
242.19039683401132
243.0388738636036
243.08763957466988
243.08740601971516
243.1123759662301
243.15954575808937
243.41404559021572
243.08027668485911
242.9233311673781
242.13813039393563
242.0003308389497
241.97621866747326
241.7300273258541
241.73215444647204
241.68537281887114
241.73992120828484
241.78166271620805
241.10387539741336
240.9952594932646
240.8713166748221
241.04622406066758
240.82964203481632
240.76314299864438
240.05313977228224
238.80437671445839
238.31417148389892
237.9202496310296
237.76105723641325
237.44583170113796
236.86599019617
236.7351785259758
236.75045071667205
237.29472455512277
237.24270984363915
237.56780827398765
236.84363591753788
236.05088663187303
235.92870539201158
235.66821738928473
235.4144738910635
235.46263353897038
235.24616984975708
234.01789508181747
234.22487341273262
233.9511336768107
232.7858539151565
232.71162083789903
232.04603130201914
231.9194446696299
232.4258602732125
232.72170327993257
232.84268998096115
232.86398863334267
233.20335064436907
233.65173361783044
233.8315202432435
234.07729038145789
234.29200931578174
234.70017242994032
235.11598023711835
234.64348627901592
234.4948668753235
235.34362866540724
235.13938005463743
235.94822322867643
237.62560244153764
237.85804689286587
239.03794154252608
239.35258028394645
239.3892613008883
239.45904817895388
239.47681839193362
239.03756944059572
238.51895105072714
238.53699823424253
238.25319485760812
238.16193226523546
238.11856095641232
237.99495603637942
237.95449324359382
238.07594106634997
238.1914909357559
236.75244690304922
236.60757439827665
236.2937755922096
233.91304366053348
231.97783368723037
230.96421303902744
230.7962890457117
230.57172040326276
231.24042534873152
232.22883235431624
233.21460118577102
234.19056220404568
235.8474331650286
239.14519394193246
242.89734632124862
246.96147828854674
252.17920900061728
256.1699358500099
258.97032775082425
262.8585762196474
264.92595435755186
268.24120142692357
272.691139299626
273.70788301304697
274.30459286442465
274.5232421223397
274.67862260545814
274.48516622077534
273.7243811440192
272.8660773277055
273.57584186678264
274.0660447183412
275.1226710401536
276.7970079305393
278.98478707616346
281.4475106684301
283.5730286016004
284.6788664590227
285.3665996204163
286.16010687666795
287.2194031922953
288.6148675322245
289.86901263753947
291.44526794767626
292.2643353539953
293.46467885481104
294.5829289161839
293.94501692635475
292.85473826157266
292.88654047564
292.94110124677843
292.9452343391522
291.1237927278905
288.4982525269822
286.05067141986035
284.6106233152214
281.18983982573815
278.88013042534203
277.3064078001701
275.262830227544
274.38883794297806
273.28986094206834
273.73604724137965
273.9913776795995
273.3711851685552
273.6146678211957
274.2451193492115
274.34194827562754
274.32234818652614
275.68022928926433
276.73672583420307
277.2501809775134
276.70231826803536
275.9322854924733
275.9246237639435
275.7816828221343
277.1294697799291
277.549863233592
277.0529632333931
277.86994296457044
278.5783911802619
280.3511530521812
281.51880579673457
283.09001506360886
285.0187195110414
286.1259146616994
286.92162177675715
287.16329832540663
289.3099585706569
290.72421166434754
290.6737646851004
291.33473437595615
291.66158766427134
290.4773724168374
290.72222835995683
290.792446372718
291.574084708881
291.5193611240182
292.06068727205184
292.67466429972535
292.71490666778055
292.584832601891
291.6043873758795
290.7774581224874
290.74380336503623
291.3519821256752
291.6075142070801
290.25364042657
286.2155110030311
282.8029527802581
281.02101759108564
279.41881000702176
277.7449867592619
277.70101933049745
277.1477919461861
276.8647856128343
276.1090557637503
275.41722130795483
275.027572679719
275.0020839492048
274.7112934252266
274.53608763298627
274.8765555501599
275.240513112483
275.53774376361287
275.39306744082785
275.07822350284476
275.3522184542373
277.174637945784
278.52524227639253
278.8985963541055
278.2983123568904
278.6206364659969
272.63869225678485
266.82803388697425
261.95234673319413
257.44010919417525
254.22485471970086
251.16991814113237
247.71453107394228
245.43873906362813
243.64665496369852
241.38720716737524
240.17187018549993
240.58830642350347
240.94960415231196
242.5722530254547
243.81318922360526
247.8136471273549
249.46569269218787
250.6564605259681
251.26828448244763
253.493943367077
253.01210702532313
253.3730907355473
253.6603924360446
254.03239785080746
254.2659341308359
254.50794139734165
255.0311622922397
255.14033694347862
254.53986422535243
253.5763537270404
253.73267593033762
252.87418007961037
252.3128368224533
251.502818414878
250.5001422729968
249.43314701301367
248.48365501480168
247.88945157940196
248.84645088472058
249.22144755007454
250.29944223917425
248.67967088623124
247.32281134154601
244.55071366213994
244.14525081996575
244.50883230166315
244.8166874347483
244.8031311394131
244.2753601668415
244.11449195711234
244.03312619870965
243.64496407128652
243.62006552759192
242.4654177601425
241.80545224706336
241.76401975716087
241.69182609390464
241.72526505843518
241.66004349487548
242.38174328815794
242.9091492729535
242.7848779558215
242.2278960678394
243.35955734856827
243.60447834895163
243.47799858426856
243.29304353936604
243.00302122831172
242.5112055747021
242.56951795388366
242.56898982552286
242.79693711000039
242.80246855261302
243.95570144400952
244.6513315167619
244.8099861687224
244.75156855253366
241.76801599934498
241.24061660055744
239.38537126340748
238.97460361469268
236.9143115849962
235.88371311052498
235.9290694920538
236.30125619722463
237.49564201023225
238.71944582985452
240.98483210366436
244.78469247725948
247.48731703800513
249.89602580294004
252.74374213037294
256.21848131083436
260.2765736499543
264.091818140984
269.4732896514883
276.11378783375125
278.03515101993577
279.8893845528902
280.52402256758535
281.83348839135493
281.80645480711047
282.72096359300855
285.0711725711544
287.9365726032727
289.89437691025535
290.49790724701546
291.1525258748206
292.3436465164994
292.67554255132586
293.5492374583336
293.9001101213546
295.10274390273645
296.6346058084423
298.039763419631
298.8044858449756
299.00436444119305
299.87889435876235
301.06386893294905
301.14900443879174
300.560459206353
300.2111862899542
300.8049736800449
302.0732012992723
303.5808630568513
305.81184084087073
308.0521119402765
310.13972840673154
309.75107136506665
309.8224755732987
310.5455678711082
310.7314437830908
311.12987479192896
312.0134691658926
314.9056893712342
317.1841470884422
319.0394010358572
321.3068004639694
323.6965723952763
325.4244533784794
326.2628305568697
326.78648214128003
327.903550519912
328.16999120627406
328.645455189264
328.6130815404504
330.149352273809
328.375333728487
327.2474518385817
326.70616130654355
326.5915830088274
326.3505286683616
324.7888473037652
324.4032644506613
324.0788247328075
323.7753758548414
323.6460530999649
323.65784541009197
323.7306358785049
324.04716240960744
324.8546556444073
327.06651799420973
327.38789909412037
327.43144255258903
326.39341732318485
326.19482352745536
324.9574947623
326.33746059686126
325.8460651865608
325.84061186626985
325.8035007834422
326.0122648256882
327.83670472943123
327.6899795053748
328.3959523736844
329.56561310209787
331.0094374016927
332.19746743512906
333.0872771743708
335.5722391067224
337.6838040959627
340.59626621576484
343.69150653600593
346.80046942799356
348.2822704720858
349.9556872803408
350.7407743109452
351.43552226438146
352.2412451068795
354.08861821735604
356.60414090224856
360.09347717933656
363.21608275763947
363.79312054851044
365.3734462356371
366.310120945597
367.8136111536041
368.769171006856
369.86760924711405
372.35102269322266
374.6655203781323
375.7588234437343
376.7741848731808
375.94990900733575
375.07709318451145
374.88087373578094
368.0852644549449
357.8185867727975
352.8780160797854
350.3679381598015
349.7072452747375
348.72744183079755
346.6216004734975
345.45513046520733
342.3744690807089
339.31055784988615
337.2681165082468
337.04361719363914
336.88736369159994
337.4118678602442
337.4795183193379
338.5757808970646
338.9546698556882
339.5647393161002
340.358478173112
342.6984073707376
342.6671274712225
344.9167106039289
345.5909052451188
345.2607571071713
343.99978805065325
342.1745363903853
341.36709481381195
341.2891356534989
342.4945046571542
344.583953534015
346.35537840329073
347.3724115562385
348.6670003002602
348.4268803913031
348.95739155964947
350.5464360900777
352.5457286406391
353.6152437894861
354.68858597205735
354.6122573291819
354.2402081935941
354.4679280591484
354.81037892262634
349.6579719552623
346.24963831355217
344.28778240084085
343.4199271705511
341.9707731665037
341.99613230824764
342.3478429808598
342.9215172325489
342.06593716262216
341.2369883437121
340.8821491580313
340.7647055993525
340.63747406419566
340.6098681106722
340.45381580701104
340.8211709225282
341.23932644796787
341.4666061811996
341.6150526783062
342.85834628985947
347.03134274273265
351.37936962288575
355.37530542594976
358.0036713542739
362.27272403879056
365.94466369652076
364.87500034181164
364.4294593824256
364.25259663731725
364.25926091247305
364.98376142504554
366.40642423780247
368.0264609929009
370.3389512465707
372.6406267902148
375.6881010577336
378.49662267836607
380.04390670451716
382.28990888303
385.418040217912
387.81508426399506
391.904878975615
394.36240215785955
394.18377787748744
392.2155088259934
391.7375321397148
391.1347207479545
391.087545433766
390.90751540801284
390.48799050635404
390.3848213778544
390.18218200754774
390.2593829908439
389.7652148317876
390.00225956935645
390.19980365548605
391.0025296214519
391.2006956327649
390.46367247550114
389.86901046914875
389.4063564574528
388.5326124045011
388.1784635950393
388.8259338030509
390.47435457001137
391.4034087167505
392.9067762266063
393.64502304944733
394.76560637939446
396.1849924160226
397.52383301814206
399.30295849438335
399.6656172211885
399.4663528872473
400.91666574607603
402.35116920458256
405.30658239148374
406.789826336351
407.7611678130404
407.3675422327649
407.70203170685295
404.11184261589875
403.7253895615149
402.5974121443559
399.08158180253145
395.13260391243483
392.2519780179561
391.7793148889739
391.56509886428654
391.44391197725633
391.09944931273935
390.8423747202366
390.8621131525809
391.29922226977567
391.9317223420703
393.96445038333997
394.83967212409493
395.01714635130264
395.35531494414505
395.2361726715563
394.562916206507
390.69171069330946
384.9628605615748
381.66779438040584
375.38150889446
370.6269358400628
367.4121517514436
364.10772154065796
362.4607182708614
359.58727559649316
354.1823924851483
344.04152233562075
334.9156535863087
327.25720915950234
313.41104681561217
305.29655593830523
294.78143165623754
288.8372078173087
280.5665711625327
274.97531234026343
273.29703697807685
270.92037959423084
271.38648850671757
272.8196924408393
273.1034005539766
273.5677718391179
274.7835697655681
276.2910360734714
278.9826230082378
281.190944309924
282.19655972161377
282.16799737781685
281.9924784235618
281.99006125804704
284.97962446480403
286.170361307526
290.97504284022546
293.6143968907176
302.2037470802451
310.3965426671572
315.63387392486766
321.8295304793213
322.4406910013462
322.7916416453903
323.824561902744
323.80740144971185
323.33989571633595
324.0553943477208
326.8102993902187
330.2241496478481
333.3392359291934
334.09613250356324
334.50012541713085
335.0239661978929
334.981073395576
332.9065208892017
330.7177421801477
328.4841709241979
328.7588082394446
329.05325295205023
328.3774846624025
328.0217688415897
328.030234376167
328.3661727765689
327.76705848740556
326.1908903674997
322.7382718256429
322.02507844360053
322.6950705689029
322.6839664229376
323.28487356610987
323.7632650545347
322.28302070188175
323.08161419950676
324.82323004222354
329.2662380627768
336.1370793585847
344.74043183936914
348.2572562498166
350.8325350632322
352.91360259311887
355.45040433320816
359.70375979787485
362.57524808387694
365.3565680368404
366.3135316860966
366.19123353749
367.34071606736757
368.0227344229148
368.17399410118827
368.22716349405977
367.486832608631
368.341090692646
367.48714023667657
366.87490357728655
366.76506303172016
367.9292637302208
368.74181343253986
370.698737280398
372.4063009104774
373.28469976266126
375.5238486042771
377.4486089560693
379.95678346850457
380.7265559499357
383.900824101927
386.89516515377403
388.94902307934944
390.9833707764142
389.3499419172374
388.2298108044651
381.906062250492
375.0344835847817
370.684338325759
366.8000772030235
364.2922751001693
361.64381334766034
359.27298053513726
356.9990765453145
356.3550533917956
356.9704067068804
357.4194572805
358.07401935582544
359.5634956258587
361.05853653548195
362.08326165570725
363.2928478806061
364.2090572862656
365.40044991228467
364.57294926478903
363.0696203783943
363.29306856048885
365.78027525548373
367.59126250316797
369.708809923432
370.19565711233236
371.56633105858015
374.10179268877016
377.4343612366464
378.9061277562043
379.2597860467875
379.7074460371646
379.8801879212623
379.7893692127008
380.1207973609546
380.6667681863845
383.5406839561904
386.85551591664677
387.2384446240757
386.1327570623161
385.83383711010674
385.91697090394
386.44600234463104
388.1972052792065
389.53504320998616
388.72790773233237
388.7766981328964
389.1657921814675
389.25420093107505
389.65006162151707
390.0950635031611
390.34378364321424
390.3824346727886
390.51837303536604
391.156845467345
392.44066938517267
392.5847690066087
389.6890113945694
389.46568865802624
391.45423884141536
392.38941008189124
393.4535309788047
395.105835738878
396.27335420972406
396.93610132911715
397.5492043633325
396.61641603738184
395.70660160678386
394.86099606656114
394.61432308202023
395.17563029705013
395.3574685366275
395.4706407298774
389.3042111122795
384.800482064186
380.21026989133713
381.3991184771251
380.49801739383406
379.32369598326636
379.05224698609356
378.497298834511
378.51067370667096
378.82912692255064
380.68323599961707
383.5990078668758
390.6831334983973
398.7357362916245
408.8513789944375
420.3686482022283
433.2048007449121
444.6417979309965
453.49769586770304
466.43654292374356
469.3009514810048
471.32288166549023
471.4159634764729
473.92409561249957
478.1752611892145
479.7514069334725
483.2521234261091
484.36061734926557
485.3570734934183
485.88118832138645
485.5126225283207
485.2132026299106
485.3833095584437
485.43529353996183
485.51999548975914
487.43227755703396
486.860880101839
486.74853129361145
486.67192751173815
487.91192795773765
488.9197458423584
489.4477432504955
488.1586507609438
487.6909028465823
488.19460453776674
488.2220840133779
488.2578014910672
486.81594345757117
486.4732330486756
485.09238646583265
487.3312705132239
489.34022995534247
490.87472541708115
491.7715148872087
492.110645345235
491.861288059618
491.74504731438196
490.5261058907603
490.4054582315234
489.79478817551126
489.9467978666121
489.4305630301829
489.0467099996316
488.5619378951196
486.8045240678714
486.4766870994217
486.485764331461
489.1474409129035
490.64386509328625
494.3964415081184
495.6143275584724
497.202171933111
497.92925466346753
500.9274804929671
503.38593817853746
506.8185714029775
508.2566760995891
515.2425714612194
520.9796601756426
521.9397099354156
522.8012491277227
524.0844878304556
522.906553843999
523.6810726274207
523.5972578275881
522.5559564265953
519.4569656123066
518.3935407196334
518.0257596482749
517.4231295335944
516.6024568592017
516.7409347827718
517.0338537414892
517.3554940315013
518.0976336715446
519.8224065277784
522.0804487472526
526.04356107163
527.7583564086196
528.3833515753432
529.2355103469954
532.0478771159691
538.7158586557335
542.7985533055657
544.652870148782
544.1885951813724
542.8667165361504
541.4219485022859
538.2884328899837
535.7084881913863
531.407196479183
529.8815632837645
532.2114925368899
533.7360221798203
535.9088676636051
539.8297419904889
544.5443253830459
549.9962738663413
556.777203364932
560.3055405741388
566.4114846345407
572.5313912093346
578.4284040252962
585.2434556332161
590.7975791868689
596.7453199586002
603.6464418397362
608.7315256638828
608.3646625243807
608.2532138510179
608.256370803499
608.2064481669639
611.8085299374725
611.224761139969
611.3033812085396
611.2464176947116
610.8505204033642
610.2660665340661
609.6727194184291
608.1155242006698
605.8242631112935
604.6863048455009
604.4417578843544
602.9719241827695
603.2923398422064
603.4976544759667
604.1678284223115
607.3247521175617
611.5873342671333
615.6092857875439
616.8533925463456
619.07343873613
621.7651362285001
626.0714959434465
628.2167587169567
631.6292822886164
634.543823943843
637.5518356844996
641.3783703304175
643.8561117243322
645.205069014629
647.2544936583989
648.7062770599861
648.7468295141538
650.2950989604909
652.6837026287576
653.3280365777285
652.5338717735093
652.2068194170643
647.1525228993912
646.6422134345812
646.3192518931918
646.3231473073682
646.6677732255556
647.3734234323958
646.4549540981494
642.5160110837978
640.8840427656044
640.6529078833852
640.7913829012873
640.7556331264167
640.4590706390032
640.7410270466492
638.6052654390156
637.6410992030841
637.7084912139428
637.0475547101752
636.1905852307991
635.689096971927
639.2716620502546
639.3568187165426
639.4736932000538
639.1364501493814
638.7949900183675
639.1182737901246
641.8502532273383
649.7426667062184
657.533909016038
656.4158279122717
640.9792676880819
629.6211605603216
623.9839879908646
616.4432639591183
608.3921742363432
601.2394303710668
595.3665771993404
590.1264617712435
585.9585766466314
584.6847242548861
583.9164010077226
582.4378071971062
582.7114514182884
584.115105562797
586.4283390187861
591.3797117623694
597.507811357897
602.1207858418461
607.5740673313104
605.9525623750636
608.4431434908765
609.9966758364116
607.7805934561036
608.9951896348687
610.9558365258305
613.0580314826568
615.3017328832063
617.0156509806765
615.150186747095
613.2415455807998
610.5908414875131
610.1034801214262
608.0258642906242
607.8149883504326
606.7312111784048
607.7500935637298
609.590197972886
611.354612075115
612.0004332400434
611.5715381666927
608.5168895729159
606.9292789736653
609.0668143336912
609.3385822472324
608.9454694659706
608.5232303357592
607.2494512888693
607.2720995198353
609.9548566412589
611.8513786942785
614.7798881480041
615.9303825910608
619.0217704035193
620.5141745198048
624.8351320531123
626.0645430209784
628.1350635245897
631.2438331227582
635.3387766538796
637.1707583229186
637.1237676544771
635.7929611577783
638.3152559184925
641.8588525423053
645.0155756609993
648.2654173100026
650.5358692100001
655.8550298594237
661.445889145337
667.9713365506116
673.1995658847787
676.2106823625091
678.7238067706081
679.1158028361511
682.1003820275985
680.8813946419218
677.365549117247
675.2030418144433
675.572101575434
676.8870699573737
677.5083269092236
677.1600262667996
676.7772134446631
676.1723804995096
676.2672863522703
676.6521594311783
676.8604756501915
676.8001898625417
676.5415147074152
677.3396205017646
679.262926415802
680.4220356617378
680.3693064935361
682.1131381402495
682.8102434476799
685.9374830473108
690.5998384983743
694.4426203926365
692.3678069943413
688.6463329231375
689.1437905114511
689.7233592998206
688.7936471341819
690.0419932721387
689.6597792434309
685.7282554418003
680.1732243930155
678.0127544075391
672.3344187661938
670.6910641714146
669.6439432378951
668.0313373227889
660.0704027874713
654.3920397797161
652.1908353796706
651.6111916372677
651.925761124443
652.3842992211736
653.6681975442724
658.0730204958271
658.8870357449703
659.0262686960262
658.9514144785983
658.939229485371
658.7801237396347
659.7339357786663
661.2381365164937
658.5307495348906
661.4292346158979
660.4946634110893
658.8907774361543
657.9286178571729
659.9560635903937
660.4358693280492
657.2767556636411
645.7442035382649
642.6436965262269
639.4141047445099
630.5112050597797
626.3760184929387
616.9735570064922
597.930964141263
580.9025364988867
561.8381490823157
558.4196150344525
553.0316509022649
548.5271870554033
544.6995442548799
542.1006814174967
543.6640008741637
545.5649553587575
548.5812072708262
550.4470838749087
552.2177707414269
554.0425842820947
554.0569143222228
556.7214896979758
558.8047675014947
554.9271630983022
553.3507228676026
553.093075619193
557.8708976531917
564.9852555776911
579.9883726591132
583.4024721984018
589.6576680005227
595.4783608963738
599.6622540665587
608.7352941985733
609.2789092615267
610.1355749881172
609.7541553470599
610.3511659342877
610.2804539743499
612.0260695190203
610.2298922422918
606.3781746414926
603.8570543280666
603.4114527949126
602.6070956629508
599.011219623521
594.7675467587309
591.5150955784817
583.8647407954727
572.3322465949902
557.302808808331
547.0047399256007
542.75546869899
537.8398667418971
535.9895215128678
534.307980160849
534.277482719859
534.6038280856368
536.8438706351533
536.6717376915888
535.1442395585668
532.1256738289894
530.7342376532829
532.8310963090033
536.3352386676412
536.0238654056902
536.3706939494383
535.986020334736
534.340739281887
534.2295416767644
537.8108393447641
541.5151042331131
542.4220300200006
544.4859878331279
543.7133398923733
539.7566610309926
534.1311160923377
530.9660905774113
526.4304044447281
524.5203064683581
521.7540634173992
521.9982135349359
522.102506461356
521.671628857071
521.678708966597
522.2803967374372
522.4553100712577
522.6766974989389
523.6596620278756
525.0097402222166
527.3960521105921
529.456330179291
529.9474562645106
527.9097381778276
526.3292779816777
527.8397396385192
530.5827004237875
533.1624880394843
539.1797640290994
544.9361195986553
552.2428839911182
556.383683988572
563.0421119918425
566.1509541599506
565.9709996066523
567.4622961938339
569.2056168361786
570.6458128969866
570.516374789048
570.4965590286514
569.2091990443407
575.0647090615165
576.1558405449222
576.1072395983871
578.7069624716082
582.1753962911035
586.2292223598888
591.4053827342898
597.5243500940655
604.5139194331781
611.1801507777014
616.0533312962473
622.4663595557695
627.8758661000427
634.5960166626298
641.6138993903779
654.4221840356611
667.4709723719168
672.4624737052465
670.921312387243
666.1837606402986
662.640412929892
654.9844193546932
644.2416121524582
638.8048879234897
631.6941150913858
626.366219228865
622.1740572249035
618.9896678297989
617.5475887009693
617.5243967093788
617.157299468699
617.9339947215078
619.3252596232551
620.3468316685687
620.1345171157936
619.200328849567
621.6772365121685
623.2288121248422
615.4205611655776
609.9923615696023
605.0156500695665
602.0382934294369
598.6384096249068
595.8079564396686
592.9216899481992
592.8124939266809
592.7904927705015
592.7604120045168
592.0951722996004
591.6420349856169
590.8998461205724
592.3154950647053
592.3145812898731
592.7453916749598
593.0366905682472
592.9177130651346
593.987804416689
593.7746352729741
596.059950704664
597.8184854613243
597.8097254527426
596.5343452486125
598.2911288531501
600.7480800036515
604.4263558709167
604.2270524413553
604.2071209279798
603.885438895439
604.1391158174206
607.7955143463105
612.1651388455839
614.5723428227219
614.535379324223
610.5222485774922
608.4090797906873
607.4039384595523
610.2356375508826
612.6140097765511
616.180991484958
619.7042498204223
620.6495674033472
621.2008971473493
622.960561996322
626.1737952880951
632.0750549404471
636.2088885184529
641.421899694967
653.0934070016175
656.8068353083281
663.994343095771
672.3969739765313
683.3608770357368
686.0229613291772
685.9180585191015
686.6471545978537
686.4367321130342
687.2010794251826
687.9547403195133
687.1391147222952
684.7596125581636
681.6934215547924
680.1918402787209
677.2814798924643
672.4586640967456
671.3998131103573
669.5495704032918
670.4981898143957
667.8498774036107
667.2548611560969
667.2857959249715
664.7974749523709
663.9101103479818
660.5872713647893
656.1981202573069
653.3496188086631
648.8173281577317
645.0997212221051
641.9890801885974
640.3626439879245
640.7656715296052
643.0955153630136
647.504121354208
653.8540580471592
663.4236141405092
670.6966966273396
680.4439430333795
689.1044688229231
704.6768649922719
719.3057321996703
734.6569018953844
741.5449498416672
752.7175103398025
756.4194226615027
760.8552277034504
767.9230322998492
771.5576686638219
775.3312275864442
776.8152880325853
777.4462055092473
777.7179045809471
776.8388588624924
780.4980511166988
783.80491415059
786.5662657669526
788.1389030740228
790.4452333411867
791.1477096856303
785.2081131842929
784.5972513625412
782.7717891006633
782.2286962241609
781.9685672997327
783.1897560525564
782.4908937981219
782.5811653420977
783.3026272087877
783.0835995733164
783.664842148988
779.5986868540675
779.0419565887195
774.4428978847486
774.8787304834325
773.5922998629393
773.7272715617509
773.7450362425016
773.5208758232691
772.8617754520683
776.5482546798547
777.2556251630886
779.1513019303577
780.4177117507655
780.1162458301626
777.2787318334973
775.3016943934912
772.6754335134893
771.8374233400237
772.7182074831896
773.5788498555908
778.8556339452572
775.0633495818536
777.5909096101985
779.4706004241839
785.1493220420157
787.6560163803016
789.6317143582629
791.018087406129
792.6647725416605
797.8508710624441
803.647936477157
810.9363268295946
817.2511703755667
823.0525038082486
826.1280037543605
829.4244806475365
831.8942874009559
835.9868773585695
845.1498174612396
851.6245756321508
862.702166332178
862.7422609081381
