nan
nan
nan
nan
nan
nan
nan
nan
nan
nan
nan
nan
nan
nan
nan
nan
nan
nan
nan
148.12962824112861
149.12664877255173
149.70666132166082
150.06367777085242
152.93462521767827
154.83455162243598
155.89754448717048
156.66688555031104
158.37219297747527
159.74214770781253
161.54383691804472
162.70807481981024
163.1847335708721
163.71675989469375
164.22326211194826
164.79317794449366
165.57524909554482
166.4205816667753
167.08002479152464
167.59763156459036
167.8613900298356
167.9155477164672
167.54052460943558
166.29005596364755
167.13644883242418
168.22291508384012
169.2349237424037
169.20899608595238
169.5294172892327
170.90577367430564
171.98220688839254
172.96748826762519
174.39217741261513
175.08722741286087
175.34298324977067
175.37200449242133
175.42514169994223
175.2268516454048
174.9792810573032
174.79350337509098
174.74893332064283
174.88395339742027
174.8924198025811
174.7605403527338
174.84821991581978
174.85413545547826
174.688862694435
174.6697271424175
175.05621026228712
175.21267227853198
175.52351015060674
175.18950101945507
174.46084445162018
173.86791349911658
173.40138375009303
173.23794947220006
172.94430840803855
173.1627901016161
173.43896877647222
173.54608270602725
173.53570253633242
173.81162284588925
174.4483602116029
174.80464782641053
174.8640173379966
175.31559617308707
175.54031657992653
175.26001016698152
174.21228365132006
172.64666006034244
170.8291691731456
169.8999433913503
167.78915307769955
165.957638763116
165.03392681459508
165.29125576854628
165.7577014144881
166.5819555613319
167.61326115250466
168.3259412897475
168.67178462737036
169.79564567463532
170.4674071044877
170.5442681421335
170.7385865641761
170.85083364177075
170.80416345020208
170.60639041130872
170.6114169276245
170.52488424949416
170.63684068613355
169.9554561184968
170.04019764508627
169.85469575594652
169.87742965611878
169.67434415464257
169.47647796284187
169.22272697997994
168.78092489548592
169.1891883251896
170.25506502308448
170.9344749966391
171.77653195089206
172.9236647419027
172.94135055790807
172.9570670178892
172.72556147522334
172.67347357876676
172.75456570106223
173.22072152966467
174.25542771911745
174.89163430762204
174.59264409280414
174.42073887770897
174.53687853317203
174.6833554589843
174.77937396118264
174.90266222736784
175.48561357782546
175.66524338868186
175.328144353243
174.7563549885497
174.10726868147995
173.19274028407565
172.98937582026986
173.51347839786362
174.37754895714397
175.18552405941017
176.23163923958154
176.89850322085888
176.30068285013974
176.199331713127
176.29743990568966
176.58651797602838
177.22278653578735
177.08811167206488
178.0539732294794
178.23200691052648
178.55322483792764
178.58338835383148
178.70282246019565
179.31736362905173
180.6332020974904
181.89663997819576
184.0064475632677
184.1646200026849
183.91738062374307
183.16078233801548
181.9632841904766
180.56907190320626
179.15543772229975
176.2481956982723
172.82786078718846
169.37895625875296
164.71103389648624
162.3036778375636
161.72090891047333
160.1050355637802
158.4205486071486
156.14809312965156
153.98518804256895
154.39394521793568
155.62249849497934
155.8278119218379
155.15926640801646
155.16112071655897
155.08835927805936
155.11857045655415
155.14280845055862
155.12040536320535
155.0000019671704
155.35486793820368
155.3246419639857
155.2942063249383
156.4498863772119
158.1609188618002
160.04036240455056
161.9713557876518
164.47011761700708
166.7005638858057
167.5937574705703
167.9655836446349
168.47220208490205
168.87130014169043
169.25928384213927
169.37052210255177
169.3703471409361
169.66088807543238
171.62557037487687
172.4828011478633
172.49551133005454
173.0006650330995
173.09997923746306
172.6783610280882
172.89303354639603
173.5082035080929
174.67147087456917
175.85457109192964
176.10433150442321
176.16359450238434
176.3639556486337
176.7801065714407
176.6581963593805
176.28627139035422
176.12097012563362
175.46597419919834
174.62199643873183
174.82880943927356
174.6872039777332
174.663889595713
175.64803045849945
175.8474155994332
175.6635810476311
175.5849505866649
175.32175053118823
174.77973029836457
173.4085281106305
172.2790325361785
171.73027312872827
171.02210395305403
170.26494965167575
168.39497105645347
167.56325258355122
167.7738433918812
168.3759864966781
167.04238235885086
165.81721402671644
164.63505043603334
163.50710544995158
162.39729351281667
162.20880856974776
161.26985421242588
159.9402627471981
159.17740514024757
157.5437123025751
156.00905222374922
154.34091559919943
154.20684882414105
154.05706173092702
153.0153480940298
152.79720691893675
152.62947225322452
152.07927522725382
151.9390922091941
151.9979633137093
151.31440288876811
150.38274566990484
149.19118487992483
148.82835310096314
148.57959618769488
148.49122862738844
148.02500378111108
147.79822272380045
148.1702986186868
147.3319239250464
147.61126745651515
148.80745522197506
149.37341901083855
151.2610744213644
153.0705790154576
154.44849227394747
155.32142570704465
155.68971117003892
155.94219328890014
155.68999307059394
155.52676024439563
155.75831218049453
155.8859531165312
155.93726094101186
156.0727835220967
156.71040089310037
157.48558925532623
157.61463243821504
157.56533734263317
157.30871517457857
157.60346887961742
157.92371591387996
158.07717839686106
158.43788574792623
158.5306140465451
158.59226726003237
158.87577343899366
159.10509627737775
159.39521594213898
158.2585761895274
158.05867252363117
159.06342637677022
158.95662992006174
158.9140220060748
158.95641106275076
158.9149082103133
158.8437759811462
159.1197102301982
158.9169009485375
159.3509273130382
159.3625081356671
159.41427448765265
159.321130189827
159.27149215873354
159.25554662125367
159.63704792168215
159.63233607232775
159.58704526740843
159.24223690443324
158.93966972381097
157.87037452458537
156.611638383215
156.1263287161652
155.62848966823222
155.70753690442288
155.88529577948273
156.441952544691
156.66106564165804
156.64189076241874
156.617276260313
156.54101258613397
155.91304262229943
155.8427202090877
155.95307122873604
155.91983444008534
155.9721480409008
156.16549025822016
156.22234393965974
156.36635558211665
156.3853542265071
156.40753157743603
155.5872064626914
154.933406791404
154.36915395390218
153.75455520751603
152.76993945700053
151.13078504748404
150.18043251600307
149.5624260122602
149.20267076068012
148.9229311405243
148.68338861645003
147.79599897522192
147.79227181156958
147.4824766204412
147.46102014485666
147.46623437849297
147.52945574654663
147.5795304791155
147.54985890317215
147.75200602033462
147.9735113167261
148.05043394092255
148.051723693836
148.32128461351056
149.21977964094125
149.39260319121482
149.80620457317036
150.04962039746846
150.11475490863785
150.01196064852826
149.97867844216887
150.04116032654017
150.41408156317056
151.16154756548613
151.23296701159578
151.05739518417408
150.6535174451758
150.166029316209
149.57247899492717
148.0007993306564
146.78681377652734
145.70071281250495
145.06506886678787
144.77286159736744
144.98415508329916
144.98925413883762
145.33291548515885
145.53688071051545
144.91365291201578
144.2826904822014
144.15844698963483
143.63413487733666
144.31196794547935
145.01009043322247
145.6839253435145
149.41946778816882
151.89702013851817
153.94564593144233
155.579552043998
156.23276498115723
156.52745202858907
156.65612166361643
157.2480098729178
157.69554019474594
158.42350783098553
158.84322732892304
159.78953665240297
160.89483857670112
161.75206606705834
161.85187551783483
161.90366092378923
161.95371200689712
161.5789626379764
161.15071566564964
160.1689000241809
160.4495404263404
160.54566521088012
160.65752173224777
160.71893116818035
160.37167356219575
160.1079736092973
159.70640627124342
159.74047265334522
159.54753242751428
159.5320240149267
159.44411529050186
159.45412428460168
159.29543761595556
159.01730036364765
159.11061887017635
159.8696503841865
160.04364085801393
160.21308287225622
160.0346823559448
159.60087389004502
159.00775380959539
158.827096045305
158.54481474180315
158.17958964138404
157.90991955638412
157.94548129081517
157.87399131251124
157.306019757159
156.85549135357732
156.96325194601474
156.9157744199354
157.06459001493164
157.47887866794582
158.2010858424833
160.85443588458318
162.83010151279097
164.07287117205425
165.87904898849425
167.1748739219252
168.48317293902105
169.77112388013822
171.17842579554883
172.203294914433
173.0946149818402
173.60786732628787
174.15829022177516
174.25147974443257
174.19443072600717
173.56270030483122
173.37610574105238
172.9211642102174
172.04400030622503
170.97387550782864
169.8294404331311
169.86748768658802
169.87500105011443
169.92407928772016
169.99557147846858
170.04662976848564
170.00768156034522
169.84999042326461
169.52230911362068
169.31956201740354
169.38040730098209
169.58111307582536
169.44250019437803
169.4917965352534
169.7107816119702
169.9313568097033
170.82622771613742
171.79411215489097
172.34967820403787
172.4492542661903
173.00133375950236
173.92104019601345
175.34996638826425
176.56598597030305
177.32902873874153
177.94661062567417
179.0530927941858
179.2649177279379
179.91394470916853
180.62732724765502
181.43653256250985
182.0369236816982
182.49735016624606
182.91700612348956
183.18199758229707
183.13756182486517
183.52248727512904
183.65110486262907
183.80124386388573
183.43310551127573
182.8163042416674
182.28048227800426
182.16218295751466
182.13908121051568
182.22404747899455
182.24978928211758
182.90673447669997
184.33309269288543
186.30138705138293
187.44367852500912
188.24677213013788
189.1983780258894
190.45935289573134
191.74973819563436
192.6947092344074
193.2902843471186
194.24241749685868
194.81085769624303
194.94646658645092
194.93814153510797
194.8793809371943
194.63094012423784
193.87058322707267
193.39730439722575
192.91365741651143
192.38464806546926
192.53809977770248
192.56156265727253
192.45870861616046
192.67875779902718
192.9557833059615
193.0011147261405
192.9609410907828
192.54645805029205
192.2678359312466
192.39974840181563
192.65950754349655
193.0092665799231
193.3563469031424
193.44586685436775
193.571057971256
194.79587755557313
195.56442127674472
196.26199404841302
196.69712986393426
196.9428616844676
196.81606619197967
197.1773566887661
197.4243170750612
198.45033263035722
199.34561597529373
199.9096826762618
200.61092264267052
201.45762474121295
201.86704596039166
202.10550907916578
202.58362658167428
203.40947686347266
203.77399520077927
203.90686361330953
203.65254063505878
204.2545860115203
204.7129772075626
205.73262160581248
206.04678585785726
206.63328007182264
206.84093192634663
207.5383853199379
208.6323596187328
209.24676023621072
209.9706887871058
210.51771384592956
210.95325554792421
211.17877441568513
211.1022013074379
211.0166757325295
210.85089829083708
212.64722511279695
216.8905447559168
220.50277657122135
223.5896101238099
226.28646883108036
228.8875713247282
231.83924763109567
235.07411010579608
238.74429263412625
240.7606299987123
242.55900784958394
243.94312008413323
245.1114569799645
245.8262339072706
246.27496357199325
246.536779260317
245.80987658090362
244.3123123649881
242.60136328882575
239.47853705987893
237.44772960460196
237.05504425070336
236.80641781957075
236.6857455363213
236.64498693957253
236.7239708249656
236.7138168000806
236.16887128641775
234.59046912961676
234.0674525290029
233.49099230205294
233.03234255933987
232.25306963418168
231.82471462363898
231.74471664693382
231.0019529261321
230.99654635465777
230.88803912425183
231.18663220473672
232.0833899604333
232.75922398469967
233.23429328115634
233.58817542155998
233.93165248494435
234.1118435033851
234.1449712935951
234.17006085403722
235.6592993087837
236.2710638596184
236.3132802327311
236.61784343432322
236.60641767070197
236.81805808979087
237.17230767759216
237.5189598835825
237.80356133390868
237.69885686359703
237.6236060907539
236.8018515293822
235.522471026594
234.11543999896128
232.72001669068592
231.1617417522021
229.26188381780645
227.21440322552746
225.0034326483129
223.43914696323017
223.51193698406666
223.91726218345082
224.0052041123026
223.81822631897822
223.33554028239098
223.3148658933257
223.86033540578256
224.45567156480973
224.92328656667547
224.91214389374318
224.96937977035358
224.94164396324476
224.416106681809
224.31755744958835
223.86163759150423
223.41712619974206
223.29139542806936
223.14096326662363
223.15122447517547
223.0981876661282
223.16233460206996
222.97431123860537
222.66528432062358
222.65592446176927
222.66730468112502
222.81555185108357
222.78308665027077
222.44354968560745
221.60004838720408
221.62453323318886
221.75673216363415
221.6880887896347
223.2390001346182
225.36801143825133
227.64646727847634
229.25821132673119
230.7455009545512
231.82123104632205
232.8037247686427
233.70788045354894
234.4851825825069
235.14435304544907
235.5584449949652
235.88352146427036
236.22780439594456
236.550121386103
237.28414511699228
237.76871143009123
237.87027013644754
237.54019687921422
237.08449009241406
235.52980284970985
235.1105586879224
236.19671337774906
237.76642181726757
239.4559912021912
241.04474778011425
241.98948647698194
242.5460544108878
243.32444437679047
243.77199860466132
243.8502753487598
244.33848699906642
244.70722932862864
245.479773193243
247.29730927622944
250.4232710895733
253.13349961192324
255.70501906215418
257.62460933895596
259.109517894807
260.519952596659
261.9917490704829
263.0146346343413
263.65637587973004
263.76634343454447
263.7794780949566
263.60669560513105
263.29047113012757
263.0881773034032
262.7318629823734
261.9374294716916
261.50550189555275
260.96578675515866
260.7117128430979
260.7131394741944
260.45550658160306
260.0575934904653
259.41676621583576
258.9101574427189
258.3726483155046
257.0190183723297
254.65200413326022
252.79960255563714
251.3561258312206
251.00736012015432
250.89759306475747
250.89762311824256
250.9004533263833
250.86595318908115
250.9397230099651
250.95166730674296
252.21686838536124
252.4446688558745
252.80878041699938
253.419971148267
253.40784341729747
253.83962565524996
253.8700778761878
253.85833514756146
254.21612277153193
254.2697383705049
254.2586821044748
254.44377532898088
254.34035766000792
254.32685791688297
254.49686175359665
255.0256251165963
255.08583004198
255.0547518948493
255.0789436791141
255.11417043509252
254.16401163488467
253.12982238955152
252.36955050403105
251.0402775811077
250.26229198741555
248.8171923363639
249.95136377728636
251.46411428365434
252.60129491316422
253.84678352624263
254.75552580376075
254.5473655455023
254.4588289295398
254.69210247677626
254.78512414586112
254.90386357660728
255.34414333826146
255.3283770258705
255.42896717210195
255.41055258378805
255.45913728538125
255.91829458383694
256.0173075776326
256.0460089252511
256.2566469142247
256.2982648562907
255.6034788412292
255.02770839783898
254.36298946351513
253.344825739005
252.1240191525301
251.68151372098407
251.6601334298523
251.33137286047165
251.15562116606569
251.16177890755407
250.5893999998686
250.85195524336459
250.28705998335283
250.17242124193245
250.44074053016638
250.2709536521008
250.33318374429686
251.41743239045897
252.53105047515174
252.93800329163636
252.83680605791923
252.37806865029188
252.246439959115
252.11004426879637
252.7605061460546
254.36405832329848
255.7585090642441
259.51255248659925
261.79742590689915
263.7762241026146
269.076955729115
274.1571653972423
278.92078604544525
282.9837112594641
286.74328051226456
289.2495755667959
291.941167340508
293.52039942458055
295.2044390166574
296.72256652979564
297.3098063632433
297.2426530683998
296.768522016629
295.6007913045585
295.5200635396385
296.3946716388242
296.0464225596495
296.70904320104194
296.2287967420217
294.71885825896777
295.3921139351952
296.20540469416915
297.24675604660564
298.3813749531356
300.14983133781845
303.68561641457455
307.12392206194295
309.5941563021627
312.34895467130724
314.087329570198
314.6279920694607
314.880212313485
314.8924887212184
314.6769713983996
314.42113354097734
314.41339915888057
314.19989068192575
314.15059497665004
314.1101294160177
314.65098553140587
314.49473144197214
314.05566281495
313.5303193141343
313.0520686424099
313.3749781908328
313.3152568556148
312.6784528104928
311.86889326005746
310.3647601676837
310.2412005582424
311.1317401487991
311.5943236973271
311.18937058126295
312.1501534603946
312.7898646918454
312.75358975842363
313.09216855175293
312.29616266737355
311.0901408889863
308.2139527586204
305.7636210996974
305.0938142210933
303.57533156845267
301.8498818714916
301.54305538648185
300.6126554755832
297.93477620389973
296.32827965896104
295.4398245156507
296.6176890561834
298.6127218317455
299.64538356027526
300.673325112436
300.7405375442896
302.3201440906267
305.12704164941937
306.91006191824204
307.79661187149594
307.74384816852194
307.9311972550232
307.7749904295552
306.9412872028258
306.6040902211131
306.6033812750007
307.3717022849449
306.5650414293431
306.5157877253009
306.52623226314176
306.3202613515829
306.413406232213
306.8326220899985
306.8227637054729
306.8175450823601
306.6559079669002
306.4856315517631
305.31430662443256
304.05032959675907
303.8300884494069
304.35516373599967
306.2756083516595
308.20753638434854
309.8311905314481
309.90801238116075
310.06747968940425
310.2613559113206
312.4844859452111
313.6620435576325
314.30397935715655
314.63618572051735
314.7000114096834
314.70397944879943
314.497209274517
314.32521682857197
313.9709460673044
313.5877805230998
312.9774291513356
312.65291788184993
313.5937084058281
314.07891480841994
313.30344628089483
312.5844899392748
312.0422580674418
312.43193561092994
313.2067801592646
313.79778459752055
314.1253651059738
313.50476260641994
313.33641035976166
313.64169618803146
313.49437207892504
316.9313150674339
319.91697343724445
321.807659980673
323.54989935074667
324.38015321486944
324.82508918308633
324.7704756399249
322.7862670398875
320.33334991911397
318.00779710508573
314.59313225590637
309.95669784895745
305.3804007305006
299.2627536884125
293.9818181006135
286.5863589761607
283.11931096992146
281.213540694735
280.1867173486071
276.6910572432746
278.2678948057316
278.8119098748043
278.87460817430696
278.80260275954413
279.11406770021875
279.2670616544162
279.193840759518
279.1846661082792
279.3851388264054
279.92865115577206
279.8723289524749
280.035823582499
280.1971668396561
280.4721846368798
280.8998592528821
280.74185451286525
280.36134773178037
278.3055526930589
276.1035521670372
274.6135561120348
271.8605614229351
271.17033216552653
270.8771917102118
271.62928816891474
269.98974979038576
268.2511683086884
266.9883143963064
265.7718703864658
265.38464196938895
265.36050956876653
264.6168753271692
264.16503806494393
263.68993508275963
263.69958162950593
263.6545468374093
263.31598054801486
263.5581754319743
263.59973646744373
261.50495742065186
259.7132564066663
258.3058501166949
259.49512082347536
261.2571014907544
261.7154395996739
262.3755173785874
262.23699622774313
261.9169509674699
261.9069732785242
262.0437886269581
262.1254756374249
262.6110043761373
263.0830570916598
263.4675265645744
263.58429489388107
264.28366604183185
264.7150107795198
264.9284271750054
270.3419800333699
274.47938004250904
279.6846253796589
283.2853939439011
288.60568658394914
292.291286889475
294.6709305079462
296.82374380277537
299.28935707424046
302.46555172873923
304.7701651497536
305.4003050813343
306.7776823516433
308.15397419705994
309.32125725927546
309.7715180788141
309.6234263500457
309.67318124866443
308.7167097381601
306.5262115558972
307.0848471490096
307.4556136160551
309.01597682206307
310.2465103879419
312.058544582538
313.0240345759368
312.9388249874394
312.298424955321
312.15062125868997
312.9270927529845
313.85747473553096
315.14135409385216
317.2494574486741
318.5807613209633
320.53488743723915
321.4922542662088
322.0453899190968
322.0102335286112
322.7255129343213
324.38063311740075
325.5561031998314
326.5811292359963
328.6259925094505
331.7395377418892
334.638810658288
336.75502387854885
338.23679625932147
339.75413450174244
340.0831573280746
339.71288439761406
339.5502679311591
342.8739255831755
345.23252015424043
347.0894296874856
349.5035537755029
352.3701221563132
354.9365277823496
355.6093069666564
356.6558492494484
357.30559713308804
357.39319953603064
357.12842760472375
357.51554601116896
358.4521688327788
359.9835160276653
359.90644703868173
359.79000635231966
359.6695442003844
359.68691845954953
358.775647726191
359.949666271513
360.0125457200121
359.9788362520502
359.9184145497664
359.61447072128686
359.0961502548286
357.766733718284
356.8111716050831
355.41961926234615
354.413941406871
353.6221472656893
353.27435679727637
351.87283270758
350.1303388624287
346.2734783436809
345.5620978541218
346.22355622670784
348.2515808457605
350.30017464149
353.8875034066453
355.95253879278715
358.97393603414235
360.94438874408166
362.3864986062062
363.4927339536087
364.4932940498656
368.00501866357047
370.269047015964
372.69938628755057
374.4355607672526
376.5075313441678
378.52772221527766
378.98275967257445
379.5411959040373
380.19873195318047
380.5134922432909
380.9445287409518
382.5127276968595
383.93931088860455
385.52922385800014
387.3144746838607
388.84875123101114
389.42137934123775
389.69085726669675
389.20152098960875
388.2539154113058
389.3268776204349
389.4165531540113
389.764879054403
389.66138884639594
390.0608277724408
390.12238709077656
388.9089718136133
387.3744729080005
387.41117167345317
386.8108096336552
387.33508549950017
387.73790010162134
387.70911955035183
392.26472944153954
398.5564071236869
400.2419790374021
400.4170563470344
399.59274862174686
398.60755267603844
398.36339403333847
396.9548640416286
396.58052359507235
395.9294354362467
394.58687921929226
392.0163803649546
389.4126363084
387.76813397081054
386.1954847324199
382.0892215443417
379.1953331960696
377.12026434600915
374.38152732005204
370.2665981224265
370.69787802194156
370.41329427888365
370.259097806639
371.67424655493807
373.7502150011046
377.1304654406694
380.17790945864897
381.6158692293136
383.41050022565827
384.72105134879746
386.30462525881865
386.31259210587086
386.1680033618491
385.96812388115785
386.05761088175683
385.92356513062543
385.20927319041556
385.1597562105139
384.62141463829425
384.65274206046655
384.7997911960543
384.7470713305001
384.5496216877252
387.2520286550892
387.7003616864479
386.6322188198623
384.9850716087458
384.2242250024416
382.0838664710492
381.4471551880855
380.4934821570995
382.56406161667473
384.72300921488164
386.4178477902109
387.2802925695928
387.90752410474965
388.7501294479215
389.5661823619343
390.578826025714
391.7756698899227
393.9283919877457
395.52494671134224
396.59665248943736
396.46865725726735
395.6906315978174
395.65969518440176
397.40133047678086
398.05227901296723
398.6353381345339
402.4200008788915
405.3455406175744
407.9224033626827
410.20573847717543
411.85623796460294
413.333575151846
414.7585396174506
415.2110487534293
415.0643750408399
414.33690199402423
413.2733815940949
412.9560963472407
412.9250935583762
412.5069628338458
412.52991695670806
410.86512224508806
410.2125978421405
410.2962209018095
411.30949117400655
411.43246908098837
411.2552816934518
411.13745761799174
410.91748764374495
410.67701193505224
410.55518106355186
410.20282165456166
409.9556194505623
411.1947888303217
411.4027422616983
411.4701975652171
411.44247159925123
412.6693055879382
414.3613275244989
415.63098953085125
416.6386447632504
418.59738942655355
419.6815400670701
420.79907230046473
421.9956497024496
423.376596166062
423.7682268251515
424.49497939195896
425.32939484130867
426.6800100253836
427.746168202561
428.82204150561665
431.17938399951464
433.5536483334558
435.0283354746271
437.4138301850659
437.2084169981647
437.1701742740006
437.1638352387174
437.34246142934444
437.22797012420176
439.1581586048043
439.28461104883667
439.7525878556441
441.2434181974686
442.81239425651046
443.8530207613408
443.7856845006745
443.61990174606507
443.0960874123921
442.4705519079638
441.4076252797634
439.52288745777065
438.4107783405759
436.74327765792964
432.30055205806633
429.89032970695973
428.10285486940046
427.3246838351518
427.22882366633434
426.7220813520868
429.0582862549327
431.5921351659643
432.6522007367817
436.03348744343066
438.34306232888247
439.49284702785326
439.47227723863887
438.13928172913865
436.66272440350684
436.70760690450015
439.29347827473083
440.66434519298815
438.8677877887398
440.7089513533332
438.81844039958537
437.6535659023562
433.8377891309335
428.9984282271157
423.10468949079126
415.4329648529778
410.3846222368239
405.82851393468866
402.220310000567
401.3216024977812
397.93722999193676
394.111431455135
388.71396575758325
379.96737699176225
372.8390575211307
368.30344027838623
368.5070026221831
369.6525227971413
370.95994179371075
372.56037797660224
375.0796417442319
374.7149596011808
375.2306043299855
373.64625291975494
372.0034573328428
370.6661260751323
368.67547135173334
369.0143108297085
366.39836079601594
364.0904405386623
365.64260160204594
367.09010611471876
367.7746074833339
366.40970183048444
364.7108509625035
362.7307652915097
362.55386749643674
362.9248745828691
362.97103197105247
362.9589259940724
363.33847727974364
364.42725598879764
365.40582846545055
364.3361899295007
363.746743996192
365.5975122858397
366.5932274963009
367.249761351372
369.0238235613217
371.0679360194304
374.32910474968776
380.4817232915446
383.4499154528839
386.81492393793303
391.07102930460144
396.17512399248386
400.14673250405906
406.82697685671195
410.74838457979007
413.85176690601867
415.743759495817
413.2829188103606
409.5695657192246
408.19274375018347
407.54746371606467
407.2063955758265
406.41459200468245
404.6362365400158
403.459746422959
403.2034264699955
402.9964628207393
402.8237628004006
402.9442814912262
403.32226374603044
403.72600284705396
403.48783284383086
405.40816556031433
403.79890869700245
405.4428585426203
406.79009581236187
407.0399357475767
408.46073565942766
409.8031877881633
411.53626332995356
412.6137003102257
415.02530084769035
415.871152616426
416.966393485337
417.84821836255014
419.00844771217373
418.09917894983084
417.07983789798374
416.16597936205676
415.32163105464053
416.41005869311414
417.0851885851833
420.6089371391564
424.48551458416364
425.6656586224832
426.44991974521866
426.5877236791276
426.5411842109334
426.2420158027533
424.8359179615215
423.284942946095
420.58459207241646
418.44054332985155
415.36598003382295
411.3715049844929
407.48646163346336
404.7817377339412
401.5471515090424
399.26594271373443
397.27955191877004
399.3070525662656
402.39538206301194
404.88693327056586
405.35972718592257
405.5987399382383
405.9861943490289
408.614346549777
410.6836719931777
411.03321097333924
411.425642425463
412.12387407485045
413.0552133428609
413.9225527421323
416.8048126890893
420.1456313976508
423.60920447010005
426.9582318136155
427.74931543345804
427.27448286265013
427.1015517138149
427.6072392755745
427.61615983813545
427.613024823599
427.46899399325963
427.02779166903565
427.01495373825605
427.0370886055582
427.11830003604894
427.20920476677463
427.4957960171671
427.7799371577798
428.0049364968389
428.0412169671373
427.53256471685984
427.19662635428244
425.83315392230344
423.15433183553046
421.31023221409436
426.0809898261337
429.9793125626769
431.90576482069406
433.7405917491634
435.21647329365624
436.3441673128798
436.7616494523853
436.98890172264066
436.6507986884253
436.9935845729697
437.3683983932162
437.5240045437904
437.5456775283313
438.0893690925983
440.8625296323178
443.1093580494194
454.3357882773689
464.5645173254625
476.67472766725666
482.47087969182024
487.08698016475967
492.76130157532737
497.5127493517971
503.9026981137312
510.0343214105165
516.1708669739337
521.3917578968673
526.0759860296085
528.1968622291417
529.3392606566176
528.5936191745078
524.801349966717
520.7451962033301
516.9132008483003
514.1823029115939
506.91845585555336
506.5390479086437
506.5621189448613
507.52903774423027
507.83590499785197
506.64973881078555
508.2635955079338
507.9828802360003
508.7593869231954
509.18793077904263
509.3638159510745
509.5023829648433
509.5468010321988
509.56669349331406
509.5847107324991
510.30000878270175
511.3777261050754
513.5841211188642
515.0014687063886
516.4880700468556
516.6430708215591
516.4952504955322
518.0522506459889
522.0713419148374
524.6790922706052
525.7153899690692
525.9779068313486
526.0221881329562
526.3590473871554
526.376757796051
526.9076043788939
526.4187203315026
525.9397627204388
525.9452666483485
525.5934753471663
525.65434488914
525.2637027851085
525.7699459717509
525.728886785021
525.4095381063672
527.8902093830825
529.9582009126848
531.4544345284108
532.1782900003684
533.2130621048804
537.0904771528317
539.1583165626876
541.4992393306484
542.3725603077995
544.5011391791747
545.6235627643425
547.1356754932855
548.1878305082953
550.4907465572356
551.5925237794938
552.2740685353298
551.4814347005381
551.4433300039265
547.1274358629993
544.3303434864669
544.8102900645844
545.8787496515743
545.4755158316539
546.1034498181103
546.0289310346886
546.4827470552244
549.8740484562171
556.2730392705058
560.7464678252884
563.3442476759438
565.9968777906242
570.1375516857203
573.2290725414471
574.4961572448389
575.5445120720143
576.2823712112679
576.6176020171436
576.819557356263
575.8464474732917
575.9116570191147
578.7066630730943
580.2845030807389
581.2521350910621
579.9441511098915
580.091455239356
582.7771347340305
586.7714084807369
590.613288346662
595.1980527184173
603.6915658893132
611.9115130293169
622.392803520817
629.7784403783448
632.2385074631102
637.5139778201797
643.1211311156918
646.6702519059954
648.9756697341417
651.3037200301432
652.3527893108493
655.0444533223456
654.748512924053
654.5186026871498
652.8315935332976
651.4765394839714
649.8424171510217
648.2046800413998
644.8335569395607
641.4984731154141
641.7053386963223
641.7467861489821
641.5536267550948
641.5135469502235
639.6814664004182
639.7152351979215
639.3266175707572
639.7335810845854
641.2994795966359
642.5839334659338
643.9172769194615
646.7444733579239
651.9957320058941
655.2736927130929
659.3382347914268
663.7280697137148
666.307654054278
668.0823381998147
670.6421630327666
672.2252417789227
673.1926584086478
673.3407081089405
676.0966013501387
678.736552718948
681.5248540058749
683.5384955116317
687.2332290760121
688.7707055043522
690.1161614077195
691.258149667063
690.281615021145
690.2838724065272
690.7149138955273
690.2254868103511
690.4637058501702
690.4531521752994
689.8648863910715
688.696283943508
688.3919524359434
688.7961147987563
688.9131695966075
692.1174661142807
692.0577804619031
691.7207444446989
691.0068514719286
689.5922243330382
686.4765765676041
684.7150471225538
684.6339950197178
682.6559596758018
681.8970982201305
680.4786244229315
680.5543766392083
681.4309440094343
680.7089851603821
685.5347492094219
688.5089130039472
689.4915209930884
692.7824562761529
697.6494294176384
701.5809164558073
703.818352598183
707.2331959318949
710.25632388979
713.6835632783531
717.34502463007
721.9017396376097
724.7197602003962
722.327346721516
719.0761068531026
719.764189177572
730.4707445189493
736.4288516467095
738.386019333354
741.3967445858035
742.8378306464692
743.7505720703394
744.5434203592532
743.5835357873503
740.8414172498531
737.325267200192
733.0535880059493
728.2821818165658
723.1385363746803
716.874884671578
708.9516536569952
698.6402833548182
687.8821849799936
679.4792080546383
669.6559253444708
667.9074290800146
666.9068504056079
666.4533180600728
666.8794041024901
666.8348091444282
666.9941634741696
668.1419685173432
667.8782719996061
667.414353902136
668.3898217978269
668.1684641848253
668.1291658367057
668.1265247613862
667.4441369300789
665.6050128702706
664.2987876008921
661.2299052155671
655.8098020271141
651.5153891455882
649.5795716427691
653.278467936823
660.2531177513029
665.2207271298503
666.2131905491214
666.9414226355802
668.6145341961388
669.5967769884595
673.3105523732402
675.5179029215709
677.5451433587411
679.5286200850182
681.760114293402
685.3296210710485
688.4682381414026
692.2058328044141
693.6548764918097
697.8854630825372
703.9349437996291
708.3961754221635
711.6412282289328
714.2792416770815
718.146233566226
725.2870437250342
729.8447477436168
734.6711523405073
738.5144292218133
742.1445863521068
746.4941356728125
748.0249750233888
747.7441132960693
747.3986646700916
748.4704353359244
746.939317637491
745.8061920086888
745.5941947224427
744.1096155309954
744.7386004752657
745.8644435585342
746.2969459785255
747.6978874382379
747.9929227184076
748.3316633251513
747.3899615261691
746.5927755690087
744.387604852053
742.8727038821048
740.9678295824934
737.3095133634805
734.31979915113
732.9184767476629
731.050375836126
727.8570687013855
729.2379618968558
732.2006886236514
734.8768581976412
737.219755331617
738.4325181733924
737.9701627223287
738.2173832694729
742.1921966677681
750.2436695182688
750.9562094885488
750.9566394794764
751.256352865818
750.8480091692676
750.9102219772722
752.5117469996059
755.706780489797
756.7272541373828
759.555589778728
759.4289431528041
758.6660665277299
758.258671222133
759.8696057574507
759.1679699859088
756.9391695031419
753.9188132455449
752.5442461997758
751.2457056616389
748.7818085592431
741.5069843869854
739.1529727999516
738.0437386281925
739.4585891835111
739.0807717353321
740.029873818959
740.6960630006307
740.1518598213969
741.2192443615937
740.4207592805865
740.3453268232856
739.9692079154082
739.8413650529833
738.7539217611687
738.4941172442163
739.8732321293276
745.59578669611
743.7162888253356
740.675885489865
738.9387827331891
733.9439705207332
733.9164332278829
740.1290273138151
742.3274561768945
745.7918435934656
737.8103776413287
731.3683429942195
726.8628092824873
723.5604533037139
715.759316141097
708.3260015672425
700.995048303352
693.2888000533925
687.5229234493102
683.2222378034951
677.2474242628272
676.1130930019958
669.3885200676491
664.8852410434273
673.3628454466196
677.1892856773193
680.646932925729
683.0491096710269
685.544755408637
681.6216432100274
681.5675473328482
678.9223490893211
676.7816549727669
674.717763023285
669.7347253326767
669.7111053869107
669.8744408810235
669.7258556392683
670.0388426106341
671.0595545705719
670.8439378051984
671.7301114198175
673.7118277999137
674.3229444512303
669.3085484257905
666.0129055577524
665.3287767143696
664.6624520205661
660.8548995387058
659.8152518803086
663.917747301494
670.8071826467473
672.8852503087744
672.4445190939789
670.8101210510715
667.380467500804
662.5620088528228
658.1925062938129
651.4861621487381
640.7561171578154
632.62825010138
628.6857531172145
626.1543188467917
620.9857574639045
614.2888988081842
608.1747588909526
608.6861321529036
608.0093048298585
608.8439784445608
613.8992570560038
618.7304497783138
622.2691533310173
624.4548908840743
626.41796631789
626.5740036219502
626.5066552248142
627.9633340861948
628.978881466256
629.4739057604793
631.0995943345688
631.8196959730483
632.7459365826008
632.6717876857673
632.6374959800502
632.5483723636321
631.9412922541062
628.4996081453754
627.5146911494454
626.4133049424674
622.79034407564
618.5302683227053
613.2939564343299
607.5936759242247
606.6925461768957
610.7302642635786
615.7107244597285
619.630261582184
623.5573020176188
626.4175168433283
627.1002408537132
627.7138865048603
627.5871208916943
630.9063184528342
631.6478904495638
635.2690470607525
640.1790003933478
644.4077050268693
646.2743880466338
649.5341919858258
657.7836313144677
667.3034470748643
678.8908070591749
683.7352970419992
691.4441655585935
700.0327689465347
704.9630448526104
709.974609812412
712.8007825229238
716.0046209278196
718.6056486852312
720.2260769047126
722.0798467808924
724.2866711451591
725.34364410634
727.294141224176
726.9339882201828
724.436100609622
717.0878135229327
709.1190239659738
706.6075214119411
707.5486827299444
709.7462381389984
711.5695846287018
715.4155806453069
720.1383866268386
721.8151071936978
723.515882467208
724.7037758883225
724.0359403336903
722.2103321702011
719.4324100783276
715.3956045113243
710.9627017520043
705.5660052784922
697.624740376745
690.7231695521343
686.7754865463157
683.1296760332456
676.3327671499408
668.5011927579702
669.729444937938
669.5476408718039
668.7643548132461
668.3117126740788
669.2315976993119
668.6420557673626
668.828322258832
669.8075195010535
669.4195169951236
668.609595319702
665.8648374660246
661.4779723386018
658.1801587622401
653.5345110388104
651.1454223722362
649.2846132078528
648.6633155352683
648.9922905969747
646.0622016868267
647.1853683891352
647.7300517367422
648.8815206421913
654.27027943007
660.525658413497
663.5088772503656
664.9419224377548
664.3636465704894
664.9629500000509
664.9228839548327
664.7345684287797
669.2808915067981
670.1744929779084
670.5048684786348
671.7076620600907
678.6746243378864
690.7877550846173
699.2009238714221
707.0160688646664
711.54436733193
715.4459938855583
718.5490133978544
721.3657514002807
724.4104362587623
727.7491089561662
730.6694428864905
732.5462120361237
732.6149536044749
733.601121247172
738.4481076292517
735.8766003226013
737.0731695744844
735.7356617870414
733.0030321269843
727.5191278470757
728.0770447743384
729.5919451430078
730.4128490642557
732.8732715490753
734.9889291197394
734.7152670047053
735.0908901605172
736.270392324649
737.8365833280202
738.2981621626853
739.3885213282389
741.5713346825513
741.7801856689397
742.0904259345988
737.0618077441981
735.6001225963894
734.0751376231999
732.8742016336222
737.7425213855198
740.1898896520181
746.4927274145075
754.8118773012869
761.6703763085245
770.7626645180496
779.110270232973
790.5909124871839
802.107351129263
812.7143272496917
822.2844834162831
826.3858749836826
829.9159370700283
831.7763797559751
834.9632948277385
835.7860496424017
837.6355214114519
834.1731228006968
830.0142568140016
824.3830883389905
823.2450403927078
820.14247501176
824.5005663521692
825.5247649723309
823.5669640380415
822.7123264533657
822.4887675307433
822.2347058638992
823.3637859458307
824.4020844327247
827.3511252683669
828.3619342348637
828.615074863082
828.4037232467193
828.2410896017585
827.6547605552977
827.6922866522603
831.2618819328945
831.4727437546463
832.1982060165241
832.4113001137297
832.1914302588609
829.5402366232248
831.3190976569562
832.0988212301678
832.4073642462904
832.2263918817616
832.14514930609
833.3513070424168
832.9080373077649
832.717099673845
830.1212695165675
828.2976964749513
827.2527272175461
827.0149613160922
827.7791241767309
829.6182233272286
829.5417477615516
831.0543784990209
831.6787029524548
833.3922919113439
835.96375905265
841.7312779321277
845.6183129307275
851.7345762521358
855.9925815427888
857.5017937375135
860.4511550272218
860.6643672754459
872.7966540802558
882.0790916105046
887.3893971344098
890.7306767372811
896.2739823989954
903.2782832003307
910.5119052696522
916.9852213548239
919.3991228340402
919.4420598607336
918.4436658461867
917.0288223002144
915.3974900882357
915.8019889214207
915.4655156903541
915.585711378341
915.4831238621337
911.450188642276
908.1354280299585
902.1578373299315
902.2677427539712
