125.06999969482422
120.43402629782038
119.35853297815353
127.10340708258941
127.10937053249825
131.62177336353693
132.55484278607852
132.71498684109818
135.03435926625684
131.95155332244724
134.2562567583911
140.17807468140384
139.65521413034043
140.9820276902551
140.07493197293294
142.2773477128294
136.48008706875575
136.1402346164405
139.33127357287069
142.67882024743216
147.6049521611438
148.99999444104273
144.64700967832633
141.16368032535692
146.9964249842211
146.10085473763817
150.39374677311494
153.37888331962733
146.0943813225501
144.9701178760268
139.60557466053328
142.48766536571645
143.3728309333322
142.80242127967009
144.6061310916719
150.08918371730266
150.07150816653765
151.59144700568547
150.90804275836115
155.09420999357323
158.49680744114698
154.39588235641227
153.42660004719653
150.09035976442271
149.8983171433247
153.97715361385187
150.9746731832013
153.27390923483617
150.84848226759271
149.03400388194297
148.76612724928376
156.91440727419234
153.03801622408383
159.6033275122574
155.24482623364185
151.6466358736694
157.68801095530296
152.17047660935057
158.0428491246784
164.67707736743665
163.25890146617346
163.24427305334459
158.9031643125154
156.50613734578184
158.75342440527675
162.008430850574
155.58182655680184
157.55330231845556
160.158988045512
163.09467947869945
163.3873230826919
173.9154812609766
168.47854323232104
163.2679073434582
167.52796858504328
166.3421659307362
158.38252990600373
163.59385434060002
160.69055820670488
163.93184666964294
169.66730669708653
166.9028243132011
171.59449912235945
175.18931364336797
177.84010851405745
176.66147508250424
173.982495879646
174.30149791997363
167.4804198698005
161.2564437140568
155.757319146848
150.88249484598595
150.1482027782295
159.39883568754928
161.8433547229959
163.2594907405635
159.60597371633827
159.47710105988267
156.9416035166281
156.719148343399
159.63573833589305
154.40218125641204
151.7669973777892
157.50584685556532
