130.85000610351562
127.05000305175781
125.5999984741211
125.69999694824219
129.64999389648438
127.69999694824219
131.9499969482422
132.9499969482422
132.6999969482422
135.0500030517578
134.1999969482422
134.1999969482422
136.5
137.39999389648438
137.85000610351562
141.85000610351562
144.64999389648438
145.10000610351562
145.1999969482422
144.6999969482422
143.5
143.3000030517578
144.5
156.25
153.5
152.8000030517578
150.60000610351562
156.14999389648438
156.5500030517578
159.14999389648438
158.5
156.9499969482422
157.60000610351562
158.75
160.8000030517578
161.0
161.25
161.1999969482422
161.60000610351562
161.9499969482422
163.89999389648438
164.75
162.39999389648438
165.10000610351562
167.6999969482422
168.89999389648438
167.8000030517578
166.25
171.5
170.60000610351562
171.25
174.6999969482422
172.6999969482422
170.75
168.3000030517578
169.25
164.5
166.4499969482422
163.60000610351562
162.35000610351562
162.25
164.5
164.14999389648438
163.3000030517578
163.5500030517578
165.5500030517578
167.5
170.8000030517578
172.39999389648438
172.5500030517578
168.25
171.1999969482422
169.0500030517578
165.4499969482422
165.0
164.10000610351562
160.85000610351562
159.3000030517578
161.0500030517578
162.64999389648438
158.85000610351562
155.75
156.60000610351562
159.5
154.64999389648438
154.25
155.89999389648438
160.8000030517578
158.35000610351562
155.89999389648438
154.39999389648438
158.85000610351562
158.75
160.14999389648438
165.9499969482422
166.0
165.60000610351562
166.39999389648438
165.89999389648438
165.0
167.85000610351562
166.5500030517578
162.14999389648438
163.1999969482422
165.10000610351562
165.5500030517578
163.4499969482422
160.3000030517578
160.25
155.14999389648438
161.5500030517578
165.5
162.35000610351562
159.85000610351562
160.3000030517578
159.1999969482422
159.89999389648438
159.9499969482422
168.0
170.35000610351562
170.85000610351562
170.89999389648438
171.1999969482422
163.60000610351562
157.14999389648438
161.64999389648438
158.89999389648438
157.64999389648438
153.25
147.9499969482422
149.35000610351562
153.39999389648438
158.75
162.0
162.6999969482422
161.5
162.3000030517578
166.9499969482422
169.14999389648438
168.35000610351562
167.5
167.1999969482422
166.0500030517578
160.9499969482422
165.8000030517578
169.0
168.60000610351562
170.6999969482422
171.14999389648438
171.10000610351562
175.60000610351562
175.35000610351562
173.4499969482422
174.3000030517578
164.85000610351562
155.85000610351562
160.39999389648438
159.60000610351562
160.3000030517578
158.89999389648438
154.10000610351562
148.0500030517578
145.6999969482422
139.3000030517578
147.5500030517578
145.85000610351562
151.14999389648438
150.9499969482422
148.64999389648438
144.1999969482422
147.14999389648438
150.14999389648438
145.9499969482422
146.60000610351562
147.8000030517578
149.75
149.25
148.14999389648438
147.6999969482422
149.89999389648438
155.5500030517578
155.60000610351562
150.64999389648438
152.14999389648438
147.39999389648438
147.60000610351562
144.0500030517578
151.14999389648438
147.14999389648438
145.5500030517578
152.1999969482422
149.75
149.1999969482422
156.5500030517578
159.25
161.0
162.35000610351562
165.75
166.5
161.25
159.25
160.39999389648438
158.64999389648438
158.89999389648438
158.3000030517578
158.0500030517578
165.14999389648438
170.64999389648438
169.14999389648438
168.5
167.6999969482422
169.0500030517578
169.60000610351562
167.89999389648438
169.75
172.75
173.5
168.75
167.3000030517578
168.39999389648438
171.89999389648438
166.9499969482422
162.39999389648438
160.14999389648438
165.39999389648438
163.60000610351562
162.39999389648438
162.25
161.89999389648438
154.9499969482422
158.0
159.10000610351562
155.9499969482422
158.75
157.39999389648438
158.4499969482422
151.1999969482422
152.25
154.4499969482422
150.5
148.85000610351562
148.0
144.9499969482422
142.1999969482422
147.9499969482422
148.64999389648438
148.89999389648438
145.0
142.6999969482422
143.8000030517578
146.4499969482422
146.0500030517578
144.10000610351562
147.75
147.14999389648438
139.1999969482422
139.4499969482422
136.6999969482422
136.60000610351562
135.35000610351562
135.1999969482422
139.4499969482422
137.75
137.0
137.39999389648438
136.75
140.0
134.64999389648438
139.1999969482422
143.14999389648438
143.89999389648438
144.89999389648438
146.10000610351562
143.6999969482422
148.1999969482422
147.75
145.1999969482422
151.75
152.8000030517578
152.6999969482422
151.6999969482422
147.75
148.1999969482422
142.5500030517578
146.0
151.4499969482422
149.35000610351562
155.5
153.60000610351562
154.5
155.64999389648438
152.0
148.5
150.35000610351562
153.1999969482422
153.8000030517578
154.6999969482422
155.0
153.6999969482422
153.35000610351562
154.64999389648438
154.8000030517578
155.5500030517578
154.35000610351562
157.4499969482422
159.5
155.85000610351562
155.0500030517578
151.64999389648438
152.35000610351562
150.5500030517578
148.75
150.14999389648438
147.1999969482422
150.8000030517578
154.5
150.5
148.8000030517578
149.1999969482422
145.35000610351562
146.10000610351562
145.14999389648438
145.64999389648438
146.0500030517578
148.3000030517578
154.5500030517578
153.5
152.39999389648438
152.25
153.4499969482422
154.5
152.10000610351562
149.75
148.8000030517578
147.5500030517578
147.1999969482422
149.39999389648438
145.10000610351562
147.25
144.6999969482422
143.64999389648438
144.39999389648438
143.6999969482422
145.5500030517578
148.85000610351562
146.4499969482422
144.75
145.35000610351562
145.0500030517578
143.9499969482422
144.8000030517578
142.1999969482422
144.1999969482422
142.39999389648438
144.6999969482422
143.5
143.8000030517578
145.0500030517578
145.39999389648438
144.0500030517578
144.39999389648438
145.35000610351562
145.25
145.25
149.39999389648438
147.5500030517578
145.75
142.6999969482422
140.5
137.10000610351562
139.1999969482422
137.60000610351562
137.5
143.89999389648438
143.1999969482422
142.75
144.60000610351562
135.14999389648438
131.39999389648438
134.64999389648438
135.75
136.0
136.14999389648438
136.89999389648438
134.5500030517578
132.5
133.3000030517578
134.39999389648438
137.5
139.6999969482422
139.25
141.0
140.0
140.35000610351562
139.35000610351562
142.14999389648438
142.5
142.3000030517578
144.4499969482422
143.6999969482422
154.4499969482422
153.35000610351562
153.39999389648438
152.89999389648438
149.5
149.85000610351562
149.85000610351562
153.39999389648438
152.0
153.60000610351562
153.0500030517578
156.1999969482422
158.60000610351562
158.6999969482422
157.14999389648438
156.0500030517578
157.39999389648438
157.0500030517578
156.14999389648438
156.89999389648438
157.3000030517578
155.60000610351562
155.89999389648438
155.5
154.75
151.6999969482422
152.60000610351562
156.1999969482422
155.4499969482422
156.14999389648438
156.4499969482422
154.10000610351562
152.1999969482422
152.0
150.8000030517578
147.39999389648438
147.64999389648438
146.64999389648438
149.0500030517578
150.0500030517578
150.1999969482422
154.1999969482422
153.75
151.75
151.85000610351562
152.39999389648438
150.6999969482422
151.8000030517578
152.0
156.60000610351562
156.25
155.0
155.39999389648438
157.0500030517578
164.10000610351562
164.35000610351562
163.0
166.8000030517578
165.39999389648438
166.3000030517578
167.35000610351562
168.10000610351562
167.14999389648438
168.0
166.89999389648438
168.0500030517578
168.0
167.9499969482422
165.5500030517578
165.14999389648438
162.75
162.89999389648438
161.6999969482422
164.25
166.14999389648438
165.60000610351562
162.5500030517578
162.0
162.6999969482422
165.8000030517578
162.5
165.5500030517578
165.25
168.3000030517578
168.10000610351562
167.25
168.25
169.0
167.5
170.75
171.6999969482422
170.5500030517578
169.14999389648438
171.10000610351562
173.10000610351562
175.6999969482422
176.5500030517578
176.10000610351562
176.14999389648438
177.89999389648438
176.5
177.75
179.1999969482422
179.1999969482422
179.0
179.60000610351562
179.75
179.3000030517578
179.9499969482422
180.85000610351562
179.39999389648438
181.39999389648438
181.8000030517578
179.6999969482422
178.10000610351562
176.9499969482422
179.25
180.9499969482422
181.10000610351562
183.25
186.5500030517578
188.9499969482422
187.5500030517578
186.85000610351562
188.10000610351562
190.0
190.9499969482422
190.35000610351562
189.0500030517578
191.39999389648438
190.4499969482422
186.85000610351562
184.35000610351562
186.60000610351562
188.0
187.5
188.9499969482422
185.14999389648438
184.4499969482422
182.35000610351562
185.5
185.10000610351562
189.8000030517578
190.14999389648438
188.6999969482422
189.6999969482422
186.85000610351562
188.10000610351562
190.0
192.5
192.1999969482422
190.6999969482422
189.85000610351562
189.4499969482422
195.3000030517578
194.10000610351562
194.35000610351562
193.75
193.75
194.8000030517578
195.64999389648438
196.39999389648438
198.25
198.35000610351562
197.8000030517578
198.75
201.5
200.0
198.6999969482422
199.60000610351562
201.9499969482422
201.10000610351562
201.5500030517578
201.4499969482422
202.60000610351562
202.89999389648438
205.85000610351562
204.0500030517578
206.1999969482422
204.75
207.25
209.25
207.4499969482422
208.60000610351562
208.85000610351562
208.60000610351562
206.60000610351562
204.8000030517578
207.39999389648438
206.89999389648438
214.6999969482422
223.14999389648438
224.85000610351562
225.89999389648438
226.5
228.0500030517578
230.85000610351562
234.39999389648438
238.10000610351562
233.64999389648438
233.64999389648438
232.35000610351562
233.3000030517578
231.5
231.1999969482422
232.10000610351562
228.0
229.0
229.10000610351562
228.25
227.3000030517578
227.10000610351562
229.1999969482422
227.39999389648438
227.0
226.6999969482422
227.14999389648438
229.0
231.4499969482422
230.25
226.25
228.0500030517578
227.0
227.89999389648438
224.10000610351562
227.64999389648438
227.89999389648438
226.39999389648438
230.6999969482422
232.8000030517578
232.39999389648438
231.89999389648438
231.85000610351562
231.64999389648438
230.85000610351562
229.8000030517578
226.64999389648438
218.25
218.3000030517578
220.9499969482422
220.0500030517578
221.8000030517578
219.1999969482422
216.39999389648438
216.8000030517578
214.5
216.35000610351562
216.39999389648438
219.75
222.35000610351562
219.0
222.25
222.3000030517578
219.25
219.14999389648438
218.85000610351562
218.0
216.0500030517578
213.14999389648438
212.6999969482422
215.89999389648438
215.0500030517578
219.0
221.89999389648438
222.5
222.75
217.14999389648438
215.14999389648438
214.4499969482422
216.60000610351562
217.0500030517578
219.10000610351562
219.60000610351562
217.6999969482422
217.0
218.9499969482422
216.9499969482422
218.0
217.0
215.85000610351562
216.1999969482422
218.85000610351562
220.25
221.75
220.9499969482422
217.8000030517578
217.89999389648438
220.0
219.9499969482422
225.3000030517578
228.14999389648438
230.25
229.5500030517578
230.0
229.25
229.3000030517578
230.0
229.85000610351562
230.39999389648438
230.75
231.35000610351562
230.85000610351562
230.8000030517578
233.4499969482422
233.25
234.89999389648438
234.85000610351562
234.1999969482422
230.39999389648438
232.1999969482422
237.39999389648438
239.39999389648438
241.0
241.8000030517578
240.4499969482422
239.3000030517578
240.89999389648438
239.9499969482422
237.64999389648438
241.0500030517578
240.8000030517578
243.9499969482422
248.9499969482422
253.9499969482422
254.9499969482422
256.1000061035156
255.25
254.9499969482422
258.1499938964844
259.54998779296875
256.6000061035156
254.64999389648438
249.89999389648438
248.5
245.9499969482422
245.9499969482422
244.8000030517578
246.9499969482422
246.60000610351562
249.25
251.6999969482422
247.0500030517578
248.8000030517578
249.60000610351562
247.5
246.9499969482422
245.10000610351562
244.5
243.3000030517578
246.9499969482422
245.89999389648438
248.6999969482422
246.89999389648438
247.39999389648438
246.1999969482422
246.4499969482422
247.0
244.35000610351562
245.14999389648438
254.0500030517578
252.60000610351562
250.4499969482422
252.4499969482422
249.5
251.35000610351562
247.8000030517578
245.39999389648438
241.3000030517578
242.75
245.60000610351562
249.5
245.5
246.10000610351562
242.0
239.0
242.14999389648438
242.75
243.0
242.35000610351562
238.75
240.9499969482422
243.0
244.60000610351562
241.1999969482422
240.14999389648438
251.89999389648438
252.60000610351562
251.4499969482422
252.60000610351562
252.14999389648438
247.89999389648438
242.4499969482422
236.14999389648438
245.0
237.4499969482422
234.89999389648438
241.85000610351562
237.35000610351562
240.89999389648438
244.3000030517578
248.5
245.1999969482422
245.10000610351562
246.6999969482422
245.0500030517578
246.75
249.3000030517578
246.9499969482422
246.5
244.10000610351562
238.75
240.75
241.35000610351562
241.1999969482422
245.60000610351562
245.9499969482422
246.8000030517578
243.5
242.89999389648438
247.35000610351562
247.5
246.0
251.5500030517578
252.64999389648438
249.3000030517578
242.89999389648438
243.8000030517578
245.1999969482422
243.89999389648438
250.1999969482422
256.0
255.85000610351562
264.5
262.6000061035156
262.25
275.1499938964844
278.25
281.0
281.8500061035156
282.70001220703125
279.25
282.79998779296875
277.20001220703125
279.25
281.04998779296875
281.75
280.6499938964844
281.1000061035156
284.3999938964844
289.29998779296875
292.75
291.25
291.79998779296875
290.95001220703125
291.6499938964844
292.04998779296875
292.3500061035156
293.6000061035156
294.75
298.45001220703125
307.0
308.6000061035156
309.0
311.70001220703125
309.0
303.8999938964844
305.04998779296875
305.8500061035156
303.5
297.79998779296875
299.54998779296875
297.04998779296875
301.8999938964844
304.5
309.6000061035156
306.25
296.1499938964844
300.3500061035156
301.1499938964844
295.29998779296875
295.5
302.54998779296875
301.45001220703125
296.70001220703125
289.54998779296875
286.54998779296875
285.20001220703125
287.3999938964844
278.8999938964844
281.1000061035156
283.45001220703125
280.0
285.20001220703125
281.45001220703125
285.29998779296875
284.29998779296875
283.25
287.6000061035156
290.20001220703125
293.20001220703125
286.0
289.3500061035156
295.95001220703125
292.95001220703125
295.8500061035156
298.79998779296875
295.45001220703125
296.25
293.04998779296875
301.1000061035156
306.54998779296875
306.0
301.1499938964844
298.6499938964844
298.8500061035156
298.45001220703125
294.20001220703125
295.29998779296875
298.1499938964844
303.29998779296875
299.3999938964844
303.0
295.54998779296875
297.5
300.04998779296875
291.1499938964844
297.79998779296875
296.8999938964844
299.25
298.8500061035156
300.25
299.5
299.3500061035156
302.6000061035156
308.25
309.5
310.1000061035156
302.1499938964844
302.29998779296875
291.70001220703125
281.25
280.6499938964844
284.1499938964844
284.79998779296875
283.95001220703125
290.75
290.20001220703125
292.3500061035156
288.1499938964844
288.1000061035156
290.25
296.0
305.8500061035156
305.70001220703125
303.8999938964844
305.95001220703125
307.6499938964844
304.6000061035156
306.8999938964844
300.3500061035156
302.75
287.95001220703125
286.20001220703125
281.8500061035156
285.70001220703125
265.29998779296875
261.95001220703125
262.5
260.45001220703125
264.25
264.1499938964844
260.8999938964844
263.25
263.25
258.04998779296875
259.6499938964844
265.45001220703125
262.45001220703125
261.95001220703125
259.95001220703125
268.79998779296875
269.79998779296875
279.04998779296875
277.70001220703125
273.0
276.25
271.0
266.0
263.45001220703125
269.70001220703125
268.1000061035156
265.3999938964844
264.25
259.25
253.85000610351562
260.6499938964844
258.5
258.45001220703125
256.6000061035156
254.1999969482422
256.54998779296875
256.5
252.5500030517578
265.25
261.8500061035156
259.5
247.89999389648438
249.5
243.25
249.25
254.35000610351562
255.85000610351562
251.9499969482422
250.10000610351562
252.0
252.39999389648438
250.10000610351562
253.4499969482422
245.14999389648438
247.14999389648438
252.75
258.20001220703125
253.3000030517578
243.64999389648438
251.14999389648438
250.6999969482422
258.54998779296875
261.54998779296875
259.1499938964844
258.29998779296875
251.6999969482422
250.8000030517578
248.9499969482422
246.5500030517578
253.39999389648438
257.25
257.1000061035156
257.3500061035156
257.8500061035156
261.1000061035156
258.6499938964844
259.75
277.6000061035156
279.75
284.6499938964844
282.6000061035156
291.1499938964844
288.1000061035156
283.3999938964844
283.54998779296875
288.29998779296875
294.79998779296875
294.6499938964844
290.8500061035156
294.20001220703125
295.1000061035156
297.25
296.6000061035156
296.95001220703125
299.75
302.8999938964844
304.25
302.3999938964844
302.0
306.6000061035156
308.0
309.0
306.8999938964844
306.04998779296875
305.79998779296875
306.3999938964844
308.6000061035156
310.5
315.6000061035156
318.6000061035156
317.1499938964844
320.29998779296875
318.20001220703125
317.79998779296875
313.45001220703125
317.70001220703125
322.79998779296875
322.8999938964844
324.1000061035156
327.8999938964844
333.25
334.5
334.0
333.54998779296875
336.04998779296875
332.0
327.29998779296875
329.75
344.95001220703125
342.8999938964844
342.95001220703125
346.29998779296875
350.8500061035156
352.29998779296875
349.1000061035156
350.95001220703125
347.8500061035156
346.45001220703125
345.3500061035156
349.04998779296875
351.0
355.04998779296875
344.3999938964844
335.04998779296875
339.6000061035156
331.8500061035156
333.54998779296875
323.75
334.29998779296875
337.1499938964844
341.20001220703125
340.8500061035156
330.04998779296875
335.1499938964844
336.29998779296875
334.0
336.5
338.6499938964844
342.6000061035156
338.20001220703125
341.6499938964844
338.6000061035156
340.5
342.1000061035156
349.5
350.3500061035156
357.04998779296875
358.20001220703125
359.6000061035156
356.79998779296875
355.25
354.0
358.29998779296875
368.79998779296875
366.0
370.0
368.29998779296875
371.25
371.70001220703125
367.6000061035156
368.3500061035156
374.29998779296875
374.6000061035156
377.5
380.0
381.3500061035156
380.79998779296875
383.0
383.0
381.0
383.1000061035156
384.0
380.04998779296875
385.29998779296875
382.70001220703125
382.8500061035156
382.29998779296875
384.79998779296875
383.29998779296875
380.29998779296875
376.1499938964844
385.6000061035156
378.75
374.5
375.29998779296875
379.1000061035156
358.3999938964844
343.25
350.45001220703125
357.6499938964844
368.25
364.3500061035156
356.54998779296875
359.54998779296875
348.1499938964844
345.70001220703125
348.45001220703125
356.8500061035156
355.70001220703125
369.1000061035156
361.1000061035156
355.5
353.6000061035156
359.8500061035156
355.8500061035156
361.3500061035156
362.3999938964844
362.8999938964844
355.6499938964844
368.5
376.3999938964844
379.8999938964844
378.95001220703125
373.1499938964844
378.1499938964844
379.70001220703125
382.0
367.1000061035156
367.20001220703125
364.70001220703125
367.29998779296875
370.04998779296875
366.45001220703125
370.04998779296875
361.20001220703125
360.8999938964844
360.1499938964844
364.6499938964844
357.1000061035156
344.0
346.79998779296875
349.6000061035156
353.79998779296875
351.04998779296875
357.0
376.8500061035156
378.20001220703125
379.25
380.5
378.1000061035156
374.75
375.04998779296875
374.6000061035156
376.6499938964844
375.0
377.04998779296875
383.95001220703125
382.1000061035156
380.25
384.45001220703125
382.5
389.25
397.5
400.25
399.54998779296875
404.0
403.0
403.25
403.3999938964844
401.8500061035156
403.75
405.5
402.25
398.20001220703125
398.20001220703125
394.5
396.25
404.25
407.3500061035156
408.6499938964844
406.75
407.29998779296875
396.54998779296875
390.70001220703125
396.0
396.20001220703125
401.3500061035156
399.25
396.79998779296875
399.6000061035156
398.20001220703125
403.79998779296875
409.70001220703125
402.6499938964844
400.8500061035156
402.25
410.5
413.79998779296875
414.1000061035156
414.1000061035156
417.6000061035156
414.6000061035156
414.20001220703125
419.1499938964844
419.1000061035156
415.1499938964844
416.0
418.79998779296875
424.5
423.6499938964844
426.75
431.0
431.45001220703125
431.8999938964844
439.04998779296875
429.75
424.95001220703125
423.45001220703125
411.95001220703125
416.29998779296875
401.0
412.0
407.6000061035156
398.8999938964844
395.29998779296875
396.75
410.6000061035156
415.0
418.04998779296875
413.95001220703125
413.54998779296875
412.3500061035156
424.70001220703125
421.54998779296875
414.95001220703125
414.3999938964844
408.8500061035156
419.04998779296875
409.79998779296875
404.5
385.6499938964844
380.04998779296875
385.25
369.8500061035156
370.8500061035156
376.1000061035156
377.3500061035156
385.20001220703125
374.54998779296875
360.3500061035156
338.0
334.79998779296875
330.1499938964844
301.5
314.8999938964844
297.6000061035156
311.25
287.95001220703125
294.95001220703125
311.0
311.3999938964844
339.1499938964844
363.5
363.70001220703125
341.6499938964844
350.0
338.45001220703125
324.6499938964844
325.3500061035156
325.04998779296875
339.75
344.5
343.20001220703125
347.3999938964844
352.0
342.0
342.79998779296875
358.0
360.45001220703125
350.0
353.45001220703125
348.6499938964844
340.8500061035156
350.95001220703125
357.0
359.79998779296875
352.45001220703125
338.54998779296875
342.5
336.3999938964844
345.54998779296875
352.25
348.8999938964844
346.8500061035156
335.04998779296875
331.0
330.25
350.04998779296875
357.5
361.75
359.8500061035156
355.29998779296875
361.95001220703125
365.3999938964844
373.8500061035156
386.79998779296875
375.0
378.8999938964844
384.95001220703125
393.45001220703125
390.04998779296875
404.25
396.1000061035156
395.29998779296875
398.3999938964844
375.1000061035156
379.1499938964844
371.45001220703125
376.79998779296875
379.1499938964844
377.29998779296875
380.04998779296875
378.8999938964844
390.6499938964844
381.3500061035156
383.8500061035156
387.70001220703125
389.5
390.5
391.6000061035156
401.8500061035156
396.70001220703125
404.0
402.6499938964844
399.79998779296875
400.95001220703125
400.70001220703125
408.3500061035156
404.6499938964844
412.04998779296875
408.1499938964844
410.25
412.79998779296875
409.95001220703125
404.0
403.6000061035156
399.1000061035156
401.3999938964844
385.04998779296875
387.1499938964844
373.8500061035156
366.75
372.29998779296875
371.6499938964844
376.1000061035156
374.0
374.0
371.54998779296875
382.70001220703125
391.20001220703125
391.20001220703125
386.04998779296875
387.75
386.04998779296875
387.20001220703125
383.3500061035156
385.45001220703125
393.45001220703125
397.04998779296875
403.0
401.0
396.3500061035156
392.79998779296875
396.70001220703125
407.25
408.3999938964844
402.8500061035156
408.79998779296875
404.3999938964844
404.04998779296875
404.3500061035156
416.6000061035156
420.25
424.0
426.1499938964844
420.0
413.8500061035156
395.54998779296875
391.04998779296875
400.1000061035156
401.79998779296875
400.20001220703125
405.8999938964844
409.95001220703125
399.3999938964844
409.70001220703125
407.6499938964844
412.54998779296875
411.20001220703125
410.75
407.20001220703125
411.8999938964844
418.25
416.75
412.20001220703125
403.0
432.6000061035156
432.29998779296875
430.20001220703125
427.79998779296875
427.20001220703125
428.0
421.75
418.8500061035156
402.1499938964844
403.79998779296875
402.29998779296875
405.6499938964844
408.95001220703125
421.79998779296875
436.75
435.5
468.8500061035156
474.0
487.3999938964844
472.8500061035156
469.75
477.29998779296875
475.0
486.1499938964844
488.6499938964844
492.54998779296875
492.5
494.8500061035156
494.20001220703125
495.75
496.0
482.8999938964844
496.75
497.8500061035156
498.0
492.25
493.70001220703125
494.45001220703125
498.0
501.0
500.3999938964844
509.20001220703125
507.20001220703125
505.0
502.8999938964844
499.54998779296875
490.20001220703125
492.29998779296875
496.1000061035156
496.45001220703125
504.0
512.7999877929688
513.0999755859375
510.8999938964844
512.0999755859375
506.20001220703125
502.29998779296875
515.2999877929688
525.2999877929688
522.4000244140625
515.7999877929688
512.0999755859375
508.0
493.95001220703125
499.6499938964844
491.04998779296875
507.70001220703125
507.6000061035156
511.5
501.8999938964844
508.0
506.3999938964844
517.0
498.29998779296875
507.70001220703125
524.9000244140625
524.5
525.0999755859375
528.7000122070312
527.9000244140625
537.0
529.5
531.5
529.2999877929688
535.9000244140625
539.7999877929688
535.0
534.0
541.7999877929688
542.9000244140625
539.4000244140625
532.7999877929688
531.0
525.0
537.0999755859375
539.2999877929688
543.7999877929688
533.9000244140625
523.2000122070312
534.9000244140625
540.7000122070312
553.0
564.5
563.4000244140625
558.2000122070312
560.2999877929688
568.2000122070312
566.2999877929688
557.4000244140625
556.5999755859375
554.2000122070312
553.4000244140625
555.5999755859375
554.9000244140625
554.9000244140625
573.5
568.0999755859375
571.7000122070312
576.7999877929688
577.2000122070312
586.0999755859375
588.2999877929688
589.7000122070312
594.7999877929688
611.7999877929688
616.7000122070312
630.0
624.9000244140625
605.2999877929688
624.5999755859375
632.0
628.0999755859375
625.7999877929688
632.7000122070312
633.2000122070312
635.7000122070312
626.2000122070312
630.5999755859375
618.9000244140625
631.7999877929688
625.2999877929688
631.4000244140625
625.0
612.2999877929688
610.2000122070312
616.0
628.0999755859375
624.0
623.0
619.0999755859375
628.9000244140625
631.5999755859375
637.5
639.7000122070312
640.5999755859375
648.4000244140625
655.7999877929688
652.0
657.0999755859375
661.0
654.2999877929688
651.2000122070312
657.2999877929688
659.7000122070312
662.5
657.7000122070312
668.0999755859375
672.5999755859375
677.7999877929688
682.2999877929688
687.2999877929688
681.0999755859375
680.0999755859375
681.2000122070312
669.0999755859375
673.2000122070312
673.5999755859375
667.5999755859375
674.0
661.2999877929688
663.9000244140625
663.4000244140625
660.7000122070312
655.7999877929688
660.4000244140625
639.2000122070312
662.4000244140625
666.0
670.7000122070312
671.5999755859375
663.2000122070312
654.2999877929688
639.9000244140625
645.0999755859375
659.2000122070312
660.4000244140625
674.0
673.4000244140625
669.5999755859375
688.2000122070312
684.0
673.9000244140625
687.0
695.9000244140625
694.7000122070312
697.4000244140625
697.4000244140625
697.4000244140625
701.5999755859375
704.7999877929688
712.0
709.7999877929688
694.9000244140625
690.5
654.9000244140625
613.0999755859375
620.0
636.5999755859375
624.2999877929688
622.0999755859375
621.5999755859375
623.0999755859375
625.0
626.7999877929688
646.7999877929688
647.0
634.9000244140625
648.7000122070312
653.0
648.7000122070312
658.4000244140625
663.5
657.0
646.7999877929688
621.2000122070312
628.0
631.0
618.7000122070312
636.0
643.2999877929688
654.0999755859375
642.9000244140625
637.5
617.9000244140625
625.5
620.0999755859375
630.0
621.0999755859375
632.5
624.7999877929688
637.9000244140625
627.7000122070312
631.7000122070312
633.9000244140625
653.9000244140625
667.2000122070312
664.7999877929688
650.0
646.0
656.0999755859375
659.7000122070312
667.2999877929688
659.7999877929688
665.0
664.2999877929688
671.7000122070312
677.2000122070312
683.4000244140625
684.7999877929688
682.5
692.5
708.9000244140625
707.4000244140625
707.2999877929688
698.5999755859375
705.4000244140625
722.9000244140625
720.7999877929688
729.7000122070312
726.0999755859375
728.5
733.5
728.2999877929688
718.0999755859375
726.0999755859375
734.7000122070312
692.0
697.2000122070312
686.5999755859375
697.5
686.5999755859375
685.0
690.0999755859375
725.0
714.7000122070312
715.0
710.0
709.0
701.5999755859375
711.9000244140625
713.2999877929688
699.0
697.7999877929688
701.5
715.4000244140625
722.0
717.4000244140625
726.2999877929688
730.7999877929688
727.9000244140625
730.0
727.0
731.0
744.0
758.0
727.0999755859375
715.7999877929688
702.7000122070312
710.0
708.7000122070312
690.0
675.4000244140625
686.4000244140625
673.0
697.7000122070312
703.9000244140625
697.2000122070312
662.7999877929688
667.0
683.5999755859375
694.0
716.4000244140625
722.5999755859375
732.2000122070312
729.2999877929688
711.7000122070312
706.0999755859375
716.0999755859375
706.0999755859375
716.5999755859375
706.2000122070312
685.0
670.0
694.0
687.5999755859375
684.0999755859375
686.2999877929688
672.2000122070312
669.2000122070312
665.7999877929688
635.9000244140625
666.5999755859375
659.9000244140625
625.7999877929688
638.0
617.4000244140625
577.7999877929688
567.7999877929688
550.0999755859375
602.5999755859375
587.9000244140625
594.9000244140625
598.7000122070312
590.0
628.9000244140625
629.7999877929688
639.4000244140625
633.2000122070312
643.9000244140625
624.2999877929688
624.7000122070312
626.0
635.7000122070312
671.7999877929688
660.5
649.4000244140625
649.5999755859375
663.9000244140625
660.9000244140625
636.2000122070312
624.0
631.7000122070312
619.9000244140625
630.9000244140625
634.0999755859375
640.0
634.0999755859375
642.2999877929688
653.4000244140625
639.5999755859375
615.5999755859375
607.2999877929688
616.5999755859375
617.2000122070312
619.5
606.5999755859375
600.5
593.2999877929688
574.0
561.9000244140625
542.5999755859375
549.5
573.0
565.4000244140625
581.2999877929688
575.0
590.0999755859375
578.5
568.5
556.5999755859375
560.9000244140625
551.7999877929688
551.0
571.2000122070312
593.4000244140625
608.5999755859375
597.2000122070312
597.7999877929688
608.0999755859375
609.0999755859375
613.7999877929688
608.4000244140625
601.7000122070312
587.5999755859375
572.9000244140625
550.0
544.0
551.7999877929688
539.4000244140625
544.7000122070312
542.5
553.5
551.7000122070312
566.0
587.4000244140625
580.2000122070312
589.0999755859375
589.0
581.7000122070312
580.0
585.2999877929688
572.0
597.5999755859375
607.5999755859375
606.9000244140625
604.2999877929688
610.7000122070312
606.2000122070312
606.4000244140625
608.4000244140625
614.2999877929688
628.0999755859375
625.7000122070312
633.2999877929688
634.7000122070312
637.4000244140625
625.2000122070312
636.0
662.9000244140625
675.0
688.2999877929688
679.0
685.5999755859375
693.0
682.2000122070312
689.0999755859375
679.5
690.0
693.5999755859375
694.5
699.5
698.9000244140625
700.4000244140625
706.9000244140625
698.2999877929688
682.5999755859375
679.7999877929688
686.7999877929688
687.7000122070312
669.0
662.9000244140625
661.7999877929688
647.5
632.7999877929688
644.5999755859375
635.0
638.0999755859375
641.4000244140625
643.5
652.2999877929688
658.9000244140625
650.9000244140625
654.2000122070312
641.4000244140625
639.5
641.0
634.0
643.5999755859375
624.9000244140625
603.2000122070312
606.7999877929688
604.2000122070312
613.2000122070312
608.0
610.4000244140625
608.0
646.7999877929688
637.2999877929688
635.0999755859375
618.2000122070312
610.5
610.5
621.9000244140625
617.5
625.2000122070312
637.7000122070312
636.0999755859375
625.0
634.0
631.5
635.9000244140625
658.0
663.0
655.4000244140625
649.2999877929688
639.0
650.7999877929688
636.7000122070312
630.0
666.2000122070312
656.0
657.5
658.0
686.7999877929688
706.2000122070312
700.7000122070312
704.2000122070312
698.5999755859375
696.7999877929688
698.2000122070312
699.2999877929688
697.9000244140625
701.9000244140625
702.2000122070312
700.2000122070312
698.7000122070312
702.0
737.2999877929688
721.0
715.2999877929688
714.5
714.2000122070312
712.7999877929688
719.0
720.2999877929688
716.2000122070312
726.7000122070312
727.4000244140625
701.5999755859375
693.7999877929688
687.2999877929688
682.9000244140625
691.5
684.0
673.7999877929688
690.2000122070312
686.5999755859375
696.5
679.9000244140625
694.0999755859375
702.7999877929688
738.0
728.4000244140625
748.7999877929688
759.5999755859375
756.2999877929688
772.2999877929688
773.7000122070312
785.2999877929688
792.7000122070312
797.4000244140625
801.9000244140625
776.5999755859375
782.7999877929688
788.0999755859375
794.7999877929688
792.2999877929688
801.5999755859375
801.0
798.7999877929688
800.0
795.5
809.0999755859375
829.4000244140625
814.2000122070312
807.4000244140625
800.0999755859375
809.2000122070312
797.5999755859375
810.2999877929688
810.5
822.5999755859375
823.2999877929688
818.4000244140625
813.5999755859375
808.9000244140625
809.5
809.0
777.2999877929688
794.7999877929688
789.0
792.2000122070312
804.2999877929688
815.0999755859375
825.0
816.0999755859375
810.4000244140625
805.2000122070312
802.5999755859375
781.7000122070312
800.5
774.7000122070312
801.7000122070312
787.2999877929688
804.5
806.7000122070312
814.9000244140625
820.7999877929688
813.4000244140625
817.0
814.2000122070312
822.0
827.0
844.4000244140625
844.0999755859375
851.0
844.5999755859375
829.0999755859375
840.7000122070312
836.5999755859375
883.9000244140625
892.7999877929688
873.5999755859375
877.5
885.0
896.5
901.0999755859375
902.0
889.4000244140625
875.4000244140625
877.0999755859375
871.0
868.7000122070312
879.2000122070312
873.7000122070312
876.9000244140625
884.5
880.4000244140625
872.2999877929688
887.5999755859375
885.4000244140625
