26.16865348815918
25.886810938517254
25.581707021917342
25.41767841029335
25.33747731569064
25.220702934932564
25.106442171524286
25.04943155183658
25.038781584385063
25.036398733915448
25.073389493535913
25.097075288441147
25.178752572513943
25.334764899771383
25.49688921163513
25.613959645733832
25.63741348231574
25.61828478655843
25.604346833683937
25.696187533279588
25.75230737720508
25.80573931979665
25.8271837999076
25.865946533736984
25.914566571951067
25.946273393173524
26.01020280066907
26.06475726927236
26.140735277914278
26.232843549347464
26.294505181114964
26.33962653314679
26.392554385190657
26.42718378596137
26.43400596122266
26.455084435049248
26.501889178707096
26.585702703037224
26.67335875096502
26.799219620354837
26.92370660214451
27.038162640974868
27.15099913799383
27.22973550717762
27.306786104719347
27.331668514340933
27.341912740387023
27.365958760704274
27.360936112803355
27.38024683133155
27.38600949184018
27.420131215408237
27.44691115589038
27.479701060398764
27.505143913124606
27.566366976173814
27.585925574781378
27.592289099160748
27.575814981977437
27.57253654131214
27.55628713281382
27.523336352148007
27.469619161098322
27.423498833122082
27.38126691754288
27.356778788053575
27.331207440254833
27.3048189161344
27.277438908019445
27.223347324983163
27.17975477834031
27.143142234180637
27.077321299468746
27.052522758698363
27.024779902916368
27.016315758804772
27.033111399905387
27.107231275267853
27.150114613383398
27.18472560301809
27.202176837602728
27.180460992813497
27.1619712477279
27.154008205098183
27.114257607757533
27.05579414990984
27.022092703609577
27.01490507382599
27.000033159984635
26.964588496882048
26.933316944672736
26.932455928279715
26.9169434372362
26.897426232350874
26.895524397780697
26.899917141957964
26.914493460184154
26.920373430724595
26.900709700429783
26.90644539122791
26.91177784846835
26.89199596290786
26.879563891810108
26.884693765882716
26.893140503134532
26.8893862495945
26.874995042814767
26.840550317065897
26.807879110784167
26.809597666003853
26.80449143087283
26.792356086397888
26.76444729647731
26.74140689617146
26.723436729277623
26.730734331738223
26.737431585812548
26.748537026132947
26.76631519806981
26.774426620789523
26.773592345824675
26.761389226390563
26.71715846913309
26.67252386641459
26.63506167570849
26.605050974102987
26.575234958602316
26.554312434229573
26.508316050678864
26.47770978626524
26.479567533521706
26.534281034842778
26.63240574686119
26.721358986614565
26.867902257627073
27.305281446959256
27.682465242478266
28.03298676008615
28.36024421851599
28.60889558062289
28.774657885197406
28.94166063406937
29.10027459201106
29.26133228761434
29.414126911445617
29.534545217047906
29.665259147081205
29.78121613859335
29.936564491032687
30.078340863847092
30.187162147571865
30.28389748652062
30.461652712571695
30.62400336419796
30.765846345123826
30.900698991159295
31.038948073248598
31.152986673390863
31.275054960698153
31.34385942058681
31.297415904044264
31.18019309415045
31.046178130563916
31.07100577365385
31.12323212752256
31.148765877888895
31.133522720746058
31.0532620757641
31.031567410891924
30.98517541216843
30.923873079413543
30.91155854596687
30.893780381138836
30.90498814663128
30.929731047273254
30.94471630301724
30.997122092419804
31.048856498802202
31.119575926317083
31.14170017082496
31.18236486728245
31.179276827284532
31.17532346576014
31.18272204556639
31.145030090224154
31.054672888581088
30.970403399931634
30.934957861602697
30.911057326360243
30.939086034988744
31.012274350081952
31.093547154624748
31.159641058443423
31.211148222598368
31.27368718959497
31.34206234759895
31.424187627389205
31.497336860797816
31.599896065852878
31.697322322511397
31.801043639057507
31.84704088456988
31.865328644755607
31.912049462581837
32.11772382983608
32.34490317903555
32.54358701416234
32.74383959508601
32.943979196342
33.11149684746699
33.301432683679046
33.482501784134904
33.671082345427195
33.85762553809698
34.0402304325934
34.182441400080414
34.32654205327887
34.484184607474596
34.61820505164977
34.697675628778754
34.81059994671719
34.90443220370855
35.03963017304648
35.160976763212396
35.33317198126253
35.49225769138127
35.61624119364383
35.731806385460814
35.84672216080264
35.929514366415475
36.08580387078192
36.21697780615056
36.30794692529904
36.439079395743825
36.55026774074271
36.65144401456154
36.71138321899954
36.76051976423267
36.77232497561641
36.81207822122531
36.83516983317223
36.90415882191229
36.94076150751074
36.942357531545476
36.97114093269613
37.00526087508042
37.03817947351255
37.062812939350344
37.13137338136461
37.240962319895466
37.3254163190879
37.36532496141935
37.347691031076565
37.333582036027394
37.32373801754706
37.258948463565574
37.15988722351722
37.07224923279585
37.02265257938513
36.89396530453056
36.81925786740648
36.68398315294988
36.58111329719647
36.47410602466199
36.40026036286739
36.39137264656744
36.339251823790065
36.29491302324653
36.21133800585699
36.233058156497606
36.292054346234174
36.37643783947311
36.496183668664095
36.48659116395605
36.4165208462459
36.272132475937
36.13438205925365
35.99058311897024
35.87544880593504
35.76448426950584
35.6583884405015
35.58687945914838
35.57611292422812
35.53039598079156
35.4991124792106
35.48775050381997
35.44289560285425
35.41290237936376
35.4048118047975
35.39504987490648
35.36236925147602
35.39966790325611
35.434689397877435
35.44670933241032
35.453018307344024
35.4081783790192
35.362392779414115
35.35591589283017
35.37430834109632
35.43667551942876
35.50685786027975
35.56554445595082
35.645477109238456
35.72570438870135
35.80017514232109
35.884325121441215
35.95872340235471
36.01964446536813
36.06773187989181
36.107007140139125
36.18000659489503
36.26687718252386
36.330143259401936
36.405327478676895
36.460757942307616
36.48845093892974
36.539808950779076
36.570401917777644
36.595376017145966
36.60890016476808
36.64410009312048
36.704867734570804
36.76648916123292
36.842844748471315
36.9388226070842
36.98770494669963
37.0293690885723
37.08921629142023
37.01497649522172
36.959655509753595
36.85948428299268
36.75835625289735
36.615946087371334
36.48914319468958
36.38729521906064
36.27314714235928
36.17713763944281
36.105806105973606
36.070334728541496
36.042893807842255
36.050384555513325
36.03194036898157
36.008299096197376
35.978183031378315
35.968268064036614
35.925895966308694
35.88754790441956
35.83131893253827
35.80910477635463
35.77058200371843
35.78567357398107
35.81650109912123
35.84163014316254
35.89268622555271
35.95031932701011
35.999169722544984
36.03277170546385
36.03820582639119
36.02461186272982
36.01221757853799
36.03813911959088
36.063356005714375
36.057365356703265
36.04837399611429
36.039672560203584
36.033629114094026
36.000362820048245
35.909113511343534
35.830170775038
35.76351465309941
35.70606216571344
35.66654191179452
35.54360382631643
35.406145398775465
35.31555530216723
35.24393893147142
35.20271703539124
35.18709005309579
35.15872949310808
35.14129534604436
35.117211875744275
35.12781122376213
35.16824284434383
35.22396920892603
35.26429371308835
35.314823190331474
35.35854429451525
35.44438009332285
35.5349361887705
35.6332952506535
35.71705036230213
35.80866008328935
35.884778702931904
35.95163178237696
36.024978182002094
36.106947441807684
36.25743463274748
36.411406656898436
36.549606300269915
36.685696241977276
36.80794174613365
36.95652615354699
37.094040675977844
37.23074780986475
37.3599899614652
37.48144224170481
37.58980076147214
37.68865243156759
37.76402959363453
37.843479210640574
37.91002893898643
37.965575453145256
38.00698982190659
38.045506613496705
38.073667376729425
38.09926954249174
38.12363932621394
38.15485602574502
38.174187784794746
38.18569185774525
38.202034265376234
38.22596765867922
38.276163397953596
38.323991683960145
38.35250827469383
38.32866914142224
38.336561468661
38.31384788261898
38.30163190791183
38.320107349415636
38.32810043939789
38.32531975604397
38.34113779889056
38.371451542444376
38.43526114200885
38.493954050311714
38.50792467995705
38.54938123294181
38.58348561242881
38.59426071648771
38.611695388870935
38.61274719294705
38.62621504313431
38.638943207249135
38.652108065145235
38.6586818427121
38.69986371640873
38.72913054781923
38.76641239676915
38.77564386291761
38.785376414541375
38.79909413609566
38.86128164268828
38.93958610205933
38.99822566309393
39.060823893215655
39.16370612621069
39.242402450036316
39.288279636507006
39.31919719744557
39.34818455772252
39.34036627594594
39.33005232462798
39.272307101961076
39.19709365785143
39.12637805021598
39.126353624439695
39.15210508423202
39.15942082815191
39.092877442597
39.003078911695454
38.86120290800492
38.80077043082517
38.76355937228403
38.75052331918934
38.703844422934935
38.688112465614786
38.67039564457525
38.630337829552246
38.59509020401914
38.58327785206818
38.58061475302471
38.53683318361964
38.46323103683432
38.40270010064365
38.38484844580752
38.35714864649068
38.37020367884284
38.399287257337356
38.46801068765405
38.53223586758363
38.614349702267
38.694294906392415
38.77159857895128
38.82117292324651
38.87851654655142
38.93932187551635
38.99020437650685
39.027158915141364
39.05737438237267
39.09093083445498
39.101354562987495
39.10381553726615
39.070730638298755
39.08597377173387
39.10268522005447
39.141286187381475
39.21652571928491
39.28852408950935
39.3498772539557
39.41733679777181
39.475444152332145
39.534705884896525
39.579595780553404
39.62629935143063
39.657425160347906
39.69572027585343
39.77764154050352
39.8689872810387
39.99250427396438
40.096697428479274
40.16565247443991
40.162449161840584
40.14161375960868
40.11859041331714
40.10619738104416
40.10415245566052
40.101755609667805
40.11767455730832
40.137114825756925
40.159107458989965
40.192939131478894
40.24255607786974
40.29287498152154
40.33520571253666
40.39151503321852
40.45680436031871
40.529462155337214
40.594528996893715
40.657236907896156
40.70722157232498
40.756046032297846
40.78213980910146
40.845356662552824
40.889624088840996
40.92603534541085
40.955904028865945
40.9971683461033
41.04693176130556
41.104161848183274
41.172441630501844
41.24370348835631
41.310625729751415
41.37832733495142
41.44675777631103
41.521547532221284
41.57951208942929
41.57586607138962
41.56964889368026
41.52509100489003
41.47324644952477
41.4411336591982
41.41564125759355
41.42563210679177
41.435268794285165
41.43802568761316
41.469604783797266
41.48630772459815
41.49173944689285
41.485433741098475
41.469180043887356
41.45416841437056
41.435673648426416
41.42150112938416
41.40579146966961
41.43499856416358
41.461192179589894
41.49017975334241
41.528393992337335
41.56911051683623
41.67032922467139
41.79579196362594
41.911321402133815
42.02752657140769
42.23852487878096
42.457233073187986
42.67431471983337
42.9115848146948
43.14845032233419
43.355421186587584
43.572168216652116
43.76806068230851
43.94037929480638
44.10745151961221
44.26897078034918
44.435746864942956
44.6108600688743
44.69925612849015
44.81620741294869
44.937774708131435
45.07682140468029
45.22934917806155
45.39184285035647
45.59088532389383
45.783312179572555
45.97755002077831
46.12370808592278
46.267178522147894
46.42929595809299
46.60701867743604
46.75033997826804
46.89851164967073
47.045091653497416
47.07389224710998
47.07847987360377
47.116642344270964
47.14382659299302
47.141999161432736
47.13212814541036
47.17963599124578
47.20233700923118
47.25202493427511
47.29089428154088
47.35467523459986
47.371373521899486
47.30654302722805
47.28834681905444
47.19809861552232
47.08444712738
46.945773207761356
46.85801356918414
46.759722329825856
46.706159636277995
46.688987958241285
46.67708559595304
46.710273726371014
46.7520626284751
46.81963920158759
46.874565797248145
46.964593839862054
47.0665231691357
47.15303788214005
47.24935801286955
47.36339932113704
47.3744703228322
47.37547219811067
47.33218355894324
47.31568784152528
47.264675821161
47.21801932247659
47.172953606989196
47.10905330536956
47.06317882178536
47.02478009164686
46.9805685003952
46.92666088474155
46.825714989707826
46.75434637716935
46.71429171706215
46.67536967473783
46.654249022996936
46.582942620634356
46.515236688424835
46.438963365501
46.42577223772738
46.420883607817295
46.397858805766205
46.358932330787965
46.31580755796622
46.299594096250146
46.311136436247615
46.35341791317443
46.38655227876537
46.38887152596448
46.38897653170808
46.41533292387863
46.40950504252772
46.41237559240811
46.424706222976035
46.44598332747909
46.433694131735734
46.406649327385466
46.364284854650926
46.34662130776568
46.36161338892105
46.37844487178363
46.38154510025474
46.36005832353089
46.35250617559455
46.40876376096131
46.4775530972942
46.57290461078467
46.6432657158632
46.72366790608536
46.77917317884044
46.89006530269801
47.02260947474862
47.140505539224264
47.23660202495917
47.380208444373345
47.509969097360475
47.63732600460612
47.76395003489741
47.882985591334226
47.99637356060235
48.07547848233202
48.16157663491783
48.17841043978452
48.20090011639494
48.23093882446964
48.25655556818455
48.43119720743474
48.58760379196013
48.73240359457056
48.896442170784006
49.05015553580525
49.21621005280597
49.35032541513754
49.499756039422394
49.66057825011617
49.78331511948556
49.887843150697556
49.978143494144234
50.06342450981626
50.12678432911743
50.223443404658234
50.27060823603613
50.31243988005069
50.40354045222673
50.49350560599877
50.59266643816909
50.72930078472685
50.83518451843651
50.851172625834515
50.865322741597836
50.84230186443074
50.783701622074574
50.74975311063907
50.760672182098595
50.811370825812745
50.87854050902014
50.95444114103018
51.02344482615714
51.08841603122046
51.17674405873938
51.30788956199044
51.47234819951387
51.605358018689
51.71130275124397
51.80615415317669
51.883563596120055
51.94507573834051
51.97884493134954
52.006467935479336
52.02669579092094
52.10561864311959
52.23583683061616
52.370298950887644
52.547150617693404
52.72778606958869
52.89457404737921
53.038827385835845
53.18316116588272
53.37218295920657
53.547397042562324
53.74427458971556
53.92138578640667
54.111973782467
54.349298095912296
54.61698859449696
54.848924930370515
55.08567179174908
55.32478972885524
55.54764196109769
55.71776194089456
55.89706772844647
56.05757937961336
56.0277356274256
55.818849516980556
55.703439791968705
55.49218566697022
55.14275434739944
54.93283470814559
54.78213570259235
54.64167530515003
54.56705113129207
54.56117697698303
54.572714054498114
54.608216444442284
54.6700735346572
54.71274627481351
54.81769815561561
54.9705885971888
55.03148618383375
55.044712867868796
54.94350569829675
54.87915043682649
54.857689193138846
54.85093494532671
54.89164871940908
54.982510043128535
55.177315775918125
55.37394046612477
55.47294435033522
55.602076892170324
55.72316871148532
55.791770667095136
55.74010811625999
55.68497222886078
55.61136103462858
55.40766023017989
55.128359495351
54.96914272615118
54.665004554664996
54.378746237645906
54.19879489503947
53.9487759719346
53.737274406582976
53.57725670096358
53.436175566384655
53.23719657437181
53.07818383308799
52.98165589110953
52.85371040290728
52.774471004354666
52.6898922928842
52.63886687143993
52.707843214128026
52.76565978686511
52.870133240714665
52.92031811614046
52.94949122950501
52.82365312110574
52.70980441057699
52.66413953901507
52.589194964027584
52.478053408573686
52.43853392439529
52.359854430564596
52.284121939816856
52.29227533549021
52.321128419550696
52.34528138733233
52.460940684167745
52.61691237500143
52.76504694432152
52.909882517044856
52.977728694041836
53.049391421946396
53.10617265793915
53.11983898926288
53.17526873779771
53.19534816028669
53.246261239301084
53.29243804970341
53.32408726882222
53.304210596016404
53.309745356895895
53.37037470642895
53.53841494950586
53.7594527222633
53.967423624632396
54.15300931143157
54.28462166511063
54.39809762174349
54.533671986447665
54.6905963488234
54.822783561055935
55.00234584698265
55.17077508023553
55.39672509671668
55.59067830840784
55.77786039043533
55.91367581170828
56.033696614856005
56.047038859304564
56.03903637391029
55.98484056348097
55.967173335847114
55.955259005837824
55.98221010859879
55.92816434239383
55.94657315750148
56.01508451156641
56.1239499875717
56.22188858779389
56.316928014053914
56.501255225171526
56.69091630045658
56.852341106456606
57.05154481744063
57.22847732717102
57.365220697853786
57.486528953297196
57.66643040959279
57.97208001727153
58.3083975241115
58.63795252846255
58.850020058049516
58.98788970022173
59.10886449133016
59.230905474169624
59.364879245635116
59.482338720022064
59.59563936310091
59.75792069845151
59.92066765368939
60.084173084487155
60.200065194743274
60.300093228975435
60.41653879757291
60.43605253773076
60.42885566675444
60.404284355073074
60.40326602336662
60.382474749713175
60.38144417582795
60.37418977784422
60.416661483835114
60.524683297992304
60.59131656469504
60.71219937681716
60.792444661005625
60.799996626235604
60.73870642287338
60.647435125414184
60.513535994496586
60.36695308223824
60.22921407329407
60.14139381246977
60.012336072331856
59.931959458999074
59.847736214936255
59.71578559968016
59.60902529157013
59.540991439200056
59.52824994183105
59.4492983700893
59.398924216723536
59.388187052350744
59.364723487717605
59.38841864616186
59.40681099550852
59.42995216450734
59.467084334117004
59.5109820599464
59.43991870911569
59.338472360474405
59.216538762180186
59.069729931851775
58.74658611844034
58.43816118197783
58.24886056491034
58.01425660827486
57.88843354812974
57.75269590773881
57.53629607724961
57.361244837528496
57.212648309767076
57.08180013803689
56.78849042414767
56.658813596994364
56.45976120924725
56.107776719452694
55.83053313101271
55.70201492749979
55.559949448306256
55.38766236546757
55.169393912390525
55.01591692713108
54.993567347548655
54.937208094925175
54.83206556827741
54.644932272337
54.46154965337764
54.31454636330338
54.244930490554346
54.16941891294423
53.96494027339944
53.79223433314547
53.66889668542363
53.50922594727634
53.43966296718492
53.361007352917824
53.42232949462096
53.48637281209879
53.566058462720065
53.67931268259939
53.60587317831626
53.59494591192917
53.48101382507399
53.38401299220001
53.332625155663166
53.323036313872656
53.30832437237785
53.23069051236872
53.07558144311685
52.96976980798885
52.85239764303606
52.69872688839148
52.45861555302335
52.223285570504075
52.20713808677826
52.20629048402744
52.183562071609714
52.15755797051481
52.16626387836781
52.07831146065431
52.17232359691881
52.25278649025331
52.35350988933538
52.44250936157079
52.51179898764195
52.5342313681173
52.51489391759423
52.601513546713655
52.69486751537956
52.81100502612183
52.94661748891803
52.98399706876606
53.03525529679867
53.077819451509995
53.172766552168625
53.19413655637914
53.1836115030631
53.26550747802614
53.430216706463085
53.566170368892635
53.76448191861882
53.99254756978656
54.106673617687804
54.16014635839393
54.19839487411373
54.2340145419349
54.35236847592612
54.459183375554495
54.563977990579836
54.63614063195435
54.71948648820301
54.78210017455824
54.78638398898001
54.83361736270635
54.87467438580292
54.93156637666341
54.98775575097331
55.052803662689115
55.18162274972329
55.32409866197652
55.503285939580856
55.65746114066573
55.754721771301966
55.84254624600186
56.032575404289666
56.26660278771692
56.485918760522985
56.666020785817494
56.83098715916823
56.98466548768775
57.17549358965081
57.43504249270005
57.70226553602951
57.86824850311657
57.98320031103672
58.06370345180338
58.10159361469106
58.12242625320898
58.157463310477375
58.25836892894519
58.372312985176926
58.496421917380104
58.64181405174268
58.75250334962672
58.84537418789425
58.910995158808205
58.98822138785183
59.068400588178804
59.18614902002135
59.30672007067647
59.438963854391645
59.59238562783563
59.73600594338164
59.9105862917295
60.124580783587426
60.29718842574698
60.48269243765695
60.68438977456089
60.92275158283015
60.826057918542844
60.669796074031254
60.50597057205872
60.42623056468485
60.364506108599464
60.2574413164998
60.13202571225359
60.0021530521857
59.88675614408097
59.674804229291475
59.43913939895853
59.35987226417504
59.333364460825415
59.25476041035066
59.10558238827096
59.00080279665746
58.9085573998091
58.78790864753122
58.651495190337926
58.52607617533314
58.351684284122754
58.19334975511307
57.999036834215524
57.59984094486719
57.280657667945945
56.94713137072589
56.64196154383745
56.42648003381102
56.27115880627999
56.12050345258287
55.97411622756744
55.87504417744591
55.77133176800131
55.69737487974316
55.66399587493236
55.628673615549125
55.624952681998074
55.65521391348333
55.663006627230374
55.57619981696488
55.473864453190814
55.36590538926898
55.28071805505707
55.255994250503235
55.2757688149869
55.32759008922476
55.40835836030804
55.434754664037534
55.48680280535719
55.58597670568886
55.69078458337438
55.79105647682667
55.90240756161305
56.01702648373429
56.10092806982338
56.17935216966907
56.200361776020436
56.24572550681083
56.314420706283215
56.35158705523206
56.36800072863128
56.76493617730703
57.1007790656127
57.368922349733324
57.59247572289821
57.77686441743905
57.90090548970735
57.882524563219796
57.9222004864502
57.97234890910487
58.118649087773385
58.20134922735063
58.235810589179195
58.34082272457048
58.33267289893665
58.33462941916024
58.36981468683476
58.46998797222294
58.51285962538219
58.5805783592285
58.638379849913356
58.56909720807167
58.56105867654978
58.55015155490241
58.55020620863414
58.6206768939516
58.671278305909354
58.65503444382511
58.6818386358471
58.80359099767249
58.89668177897814
58.982089467175996
59.06711590394274
59.192366435656616
59.35495579631612
59.5241844959647
59.65584992375465
59.77208544207782
59.891337907571284
60.0232194037688
60.11826964274566
60.22041353282432
60.26670941621254
60.39956688701322
60.50730450523704
60.555510752820034
60.580961721214834
60.559932001660016
60.448420324590344
60.380231824015084
60.38473304588117
60.384685679750106
60.32480279764236
60.311299481911156
60.319183281953556
60.34842946276124
60.38124036475106
60.49538622839426
60.604199968919986
60.73641284855557
60.835644393844696
60.930602751137606
61.00862834071895
61.13429754500031
61.257858962207955
61.38680356104232
61.587654944200885
61.68722562643301
61.77608196675134
61.85539931040977
61.97356711455483
62.14098192678366
62.299725122787535
62.447484556019994
62.640743668112705
62.82963096075715
62.96704207127785
63.09432983709259
63.21082478475622
63.363223059731624
63.58130542722373
63.73960853915184
63.87079525433635
63.95348564682372
64.02535736337819
64.07320516516126
64.15457923023654
64.25283204530318
64.3429395253378
64.40133059458263
64.40743843991702
64.43044240759752
64.53344615080066
64.65428844881478
64.8076245637287
64.96055210179836
65.10716175387488
65.2454738633464
65.3917978978999
65.5208110903174
65.68453309721728
65.81817591056466
65.93513209079285
66.0555753077175
66.14744140508375
66.23096140106372
66.29206075607952
66.40354049072384
66.48037643846192
66.5014488751123
66.52400042670536
66.64300038342496
66.73267759296836
66.9247953369389
67.10171175500055
67.3026337977727
67.54062522078686
67.79519801951508
68.06399182955896
68.28850840302364
68.52537876956875
68.78728975762706
69.12485175600092
69.4535710763043
69.76608265914605
70.06069001294736
70.27196824595151
70.36377672652395
70.50985554107407
70.666090880095
70.80324629537239
70.86184344245774
71.08346625715804
71.16540394161306
71.24579717269852
71.4113264228029
71.57585388424756
71.82476641480645
72.0579749623265
72.30671837926057
72.5277689166621
72.75417108742433
72.96251473466333
73.18006237589978
73.3560261723387
73.414056793056
73.26344011550502
73.01563756678543
72.79908008389806
72.3542686506564
72.00667062987942
71.842078830642
71.5341707631283
71.39170790092169
71.0407592285399
70.6459039046976
70.0092649352287
69.62282853504762
69.0517105768578
68.1932452917203
67.72829396879493
66.8565652823316
66.15549666272742
65.42546462981518
64.80217656752431
64.0804878295647
63.354714503898485
62.92686192769561
62.42348375653191
62.14374296745752
61.71740468392825
61.43505596904717
61.22250391394672
60.83918096659406
60.52968540854892
60.166092866518674
60.1131836926392
60.0623654213903
60.09150313220156
60.12253507990038
60.17127464584557
60.383547137113474
60.560318342717416
60.72891071164114
60.950432502768884
61.1039853449384
61.08547024802453
61.21934310768449
61.3868369944178
61.55320234174115
61.697769849903764
61.696849110075675
62.04376190926812
62.39145460268479
62.6262318747268
62.86582958202769
63.16838871969173
63.439137696729006
63.773902900298154
64.13807063625421
64.5267758864417
64.80162922044394
64.97355632419679
65.15632709656464
65.38233825950049
65.62844537799667
65.82494875630006
66.11598422590369
66.37559810743561
66.64304363102973
66.91452455320875
67.17113576209951
67.40761100810569
67.66815217826067
67.92123935501603
68.1818689795412
68.41652260951535
68.55797283855745
68.77484570434734
69.00424260998295
69.24964622593416
69.5104757182567
69.55444511338682
69.62570649846064
69.71388674405517
69.870152217788
70.04343270411519
70.15663036972042
70.24884767071627
70.40008345449819
70.58204562719816
70.6476235294946
70.73916380518749
70.5621211562452
70.50962927579566
70.52065294934563
70.60977214146823
70.77914172010587
71.03758442604158
71.2454178621387
71.4747459388883
71.73763326616769
72.08275357066266
72.30754374950853
72.54763765783785
72.74985453194786
72.9530898218789
73.13530959710546
73.46761240456917
73.7549275797343
74.05619028502362
74.1676616590241
74.25965111521484
74.40483505205457
74.44432945456818
74.55121129135763
74.68161715231717
74.64719040858779
74.58753319913757
74.50114376753369
74.44819876419734
74.48412124737287
74.49962971937957
74.51933104749546
74.48685800187201
74.54131885863758
74.63042735874815
74.67920607738108
74.7579025933691
74.96255405864696
75.11829269942604
75.37437068822945
75.60963733564331
75.85482225993145
76.14876941172898
76.56620385586895
76.89848098314278
77.24183686367212
77.53004091335708
77.88523179460849
78.4354749991398
78.67138002297932
78.72819434105323
78.59214949366547
78.5441398213486
78.41877582802319
78.26504855607286
78.11659360969442
78.04920038301681
77.91989701436704
77.71709700616317
77.41273568060173
77.03501071135172
76.79230051220074
76.40315196605069
76.0813032827886
75.83399346445596
75.66573568770427
75.52384947098872
75.39198843137227
75.33473119984976
75.17900645273873
75.12236103659052
74.96427303876614
74.83848145426535
74.80351498364615
74.86528831288925
75.09704368902972
75.3220085886916
75.52084670094462
75.67798544232772
75.86976040969519
75.92529194891345
76.04601512380084
76.27953007234092
76.56901215672997
76.92262447253822
77.09035831846947
77.29181890673101
77.19757260834437
77.2726969246911
77.5164260884144
77.76062430290935
78.06706777026197
78.6728374103988
79.2854609844129
79.85333456773328
80.38860340374268
80.8164032313994
81.25634483239783
81.65864495709066
82.12266772920124
82.57081821403604
82.95382992247399
83.23674392019869
83.55669587021865
83.78590885086986
83.97668868086666
84.26490233011013
84.54274751433186
84.87286058579886
85.07699877790711
85.38848264896451
85.77616112867472
86.13502176402231
86.47466539123634
86.76494498041062
87.033496779337
87.17369035437223
87.2764524205657
87.3933587790171
87.43269036437412
87.49435526982907
87.5366550282839
87.5275157776247
87.46448243470712
87.43248345375702
87.3513556858861
87.30410714459657
87.28077747419795
87.3790819445811
87.41501194875505
87.3866884633389
87.40006351538281
87.33631764751789
87.31758732313796
87.28190449448414
87.41613665946953
87.60609536021317
87.65318588762885
87.63217385550108
87.63784013712701
87.59726997896055
87.5464462156695
87.67525608998619
88.1055622274518
88.52213885793878
88.94345234218594
89.33226194725155
89.7535353385075
89.86875869573207
90.08080667144844
90.19088382577283
90.50550404691121
90.88421369162914
91.69836131746531
92.435144442523
93.23932877048144
93.97521079710233
94.63329390454105
95.28721024569214
95.90058392392496
96.50090094442652
97.11987515579919
97.71959268292001
98.24478029114141
98.68427828568345
98.9784540927941
99.27294087826402
99.62684786324749
99.75208353616424
99.8869815221753
100.15720855224666
100.391711214482
100.45260098287102
100.58175564791262
100.89435218373276
100.91462002498514
101.02561241925903
101.13696019806314
101.43383389511979
101.54107046133056
101.65613049850909
101.84773494703647
102.02233274751748
102.00869818376005
102.01845982752452
102.0127202751124
102.05370623313816
102.06656378919703
102.07633401694792
102.05705416668616
102.10482490498715
102.14819106771354
102.2309854050158
102.53140550457879
103.09566942930859
103.62094901785369
104.19275883345462
104.77851653283356
105.3924186093128
105.86642398633293
106.35010647124315
106.76248649020403
107.28316479297186
107.77379935395956
108.2477479599352
108.66282894935219
109.05003336394161
109.33041854840631
109.74555279622838
110.17080732459041
110.50533606543085
111.05308849070799
111.72672789172961
112.29313233123747
112.77476889990008
113.09333229512453
113.39937524291261
113.76506053391296
114.16308899288303
114.35147035999415
114.42156927483576
114.26237141067675
114.18728313339393
114.2918454252541
114.40659754200307
114.45594616249758
114.51914325515146
114.73110154611825
114.89393352723437
115.24487353987374
115.58091388183878
115.97417739998376
116.24200489289056
116.52174670171617
116.842311521206
117.11467871278772
117.31569939374194
117.65584765456654
118.02027662944204
118.41525890051382
118.81233895175964
119.28122042784318
119.69510960575955
120.12458623606463
120.50577403576031
120.84065975510138
121.19745604169262
121.47939418438457
121.80040112933104
122.13582663453296
122.4149024694144
122.72890861207567
123.00414049172123
123.25029296220242
123.42888704733377
123.55063639215675
123.73243402852465
124.05414758414403
124.42297652024764
124.78778444730577
125.07095977026184
125.36151032754837
125.6971545232761
126.0389191886091
126.42882790369632
126.74093544223054
127.07026249503774
127.21114864392139
127.46213914849703
127.79364593793372
128.15073371417841
128.7742989108569
129.47560225418368
129.94791782038303
130.36298765417385
130.76153663301244
131.04924349810793
131.36796985004452
131.68487494225434
131.96510903746173
132.28606990223236
132.5925167139205
132.94151556472355
133.274094985195
133.5589597539803
133.87060724402087
134.16321360630178
134.4698450101669
134.652468338014
134.77618053067238
134.9140719754551
135.1413574260684
135.52575388654634
135.96915676710182
136.41953355298185
136.78749920108837
137.2883383875857
137.8161551161714
138.3094357935303
138.795407370674
139.14531619454183
139.50852120757037
139.8962938517518
140.21804903199413
140.52098121862704
140.61130534962035
140.7954144456378
140.96383969813698
141.2375270500213
141.43984818477296
141.44137417134002
141.2849628242223
141.1792555216137
141.16372336409526
141.20648363533812
141.29851666566913
141.31158056337296
140.98076928427176
140.56400972359293
140.09313831753454
139.85890319359584
139.46574810947018
139.25357093809308
139.13101822636128
139.1345332503788
139.1939827023453
139.17162921587845
139.01300781075875
138.94120046145073
139.10060704867823
139.26669711339304
139.50500665414944
139.78352275553246
139.95329504782927
140.13569551695875
140.0382312900582
139.95660314199748
139.93824145995328
140.3569036556443
140.7292968264243
141.21582558302345
141.38086922767968
141.67003938020335
142.00035898703752
142.43149703027552
142.87081962925473
143.28892813477663
143.67341694147953
143.86390662784075
144.04997723885958
144.4109782269145
144.73207643732525
145.01232983029266
145.27359864510996
145.62426967663765
145.90351030328353
145.97931650757016
146.02948988025466
146.07387755116062
145.8630467256573
145.8792371571043
145.65812481468527
145.39747135669398
145.29289285088157
145.11402831558024
145.0290260713669
145.2230565844037
145.448698402232
145.6201373961278
145.81722550294265
145.87446890862478
145.81614864101942
145.91630032584783
145.84676488395846
145.65039255431043
145.44078687445824
145.36205899615396
145.46444261749582
145.57270450224155
145.73343294476325
145.77953391909304
145.82630601094337
145.83767352258616
145.76295293367937
145.71853619010025
145.6345341072712
145.11962890150977
144.63132993193153
144.13927647456651
143.78022671020435
143.53747026638825
143.41556863598367
143.1391446403784
142.92284492315642
142.4949514975445
142.0534702911127
141.5020528687274
140.76592011843903
140.09534424102714
139.2334185816703
138.58868225337955
137.9778641852432
137.6753893994135
137.54784825022
137.56918025102485
138.2444911395676
138.52874961033893
138.81825005288007
138.82597608430967
138.85094520380733
139.0188198957996
138.99196011453077
138.67828558345215
138.46033187172995
138.3290528214117
138.27475928788564
137.8898394755876
137.4109787855043
136.89430249856147
136.29370227829767
136.0601403527069
135.96074424817238
135.89172890762745
135.7805205437533
135.71413182230654
135.6234135535917
135.39751551907318
134.82119196476177
134.33456689722675
134.30433660156393
134.19967016507192
133.95940075989088
133.49369731179814
133.24639472407878
133.2750470632637
133.36055979368317
133.58255583364465
133.76939096477795
134.18926873078524
134.4676058618762
134.90917944884941
135.33578075110358
135.76250437672545
136.2455686104851
136.65840294093263
136.8513773070166
137.099675348386
137.52179318597754
137.75025837011054
137.7132091122355
137.63267925582616
137.39899014557125
136.90850649297138
136.3579252005191
135.96618779941457
135.40404654474594
134.92384989896598
134.64044060608913
134.2278637061625
133.6284854025391
132.72432495160666
132.11307818053527
131.29971808528148
130.24944596256046
129.55022357939123
128.60933814385717
127.87047746881247
127.24202739616479
126.94092865758914
126.28322346083566
125.59785444156299
124.79050897009371
124.13205698323786
123.47585966400679
122.81038504779946
122.4042636208245
121.9131823134767
121.57694474092754
120.98494836903303
120.32433871020682
119.61392998955083
119.10119233066726
118.25118008368496
117.4504265574631
116.85981823889315
116.59783019774355
116.43274447304033
116.28463199333434
116.37891394197507
116.26182291286202
116.31012453441124
116.369439068765
116.42547519093516
116.32821867975083
116.01204314323591
115.422653455977
114.89177260360046
114.60136810850929
114.08747349421282
113.6860559399932
113.57824583997095
113.47861685558775
113.42738361638526
113.75710093237073
113.94196523083673
113.85354829243093
113.75051293447672
113.46806032958104
113.18502426197828
113.2303130862118
113.35826069204087
113.7419857929324
114.15659979387979
114.30923845778901
114.34409420654305
114.20492660998936
114.02654440556464
113.94528336591631
113.68494273986425
113.74526919191057
113.80686453102874
113.88642171712542
113.5298784199142
113.18666039827282
112.68687601395884
112.74578714042092
112.86476837896734
113.10833166997902
113.26134274655674
113.4315787968356
113.77663815054277
114.10524231802917
114.37071063433072
114.61389055402864
114.80009116344615
115.17750473521602
115.47702053906171
115.93979350595315
116.38754858643475
116.78254558964737
117.01076843514265
117.25910599483355
117.3146477207528
117.16983171907998
117.01500364965975
116.86564837860054
116.91947731857742
116.55693059168583
116.15583805918291
115.7528810013072
115.32688877708603
115.01870260125841
114.60975406602726
114.14977014931155
113.9130110014162
113.62313920577292
113.50422692019382
113.39879310254143
112.87693532551255
112.42487515912994
111.87488331182342
111.34295517902308
110.8595386174165
110.27698785700606
109.61460168147215
109.03107897265616
108.39488021112642
107.77650068515656
107.15156492081682
106.73791543326539
106.17998516904765
105.53288945013354
105.13076774701253
104.95523458024458
104.77876791188706
104.61497629587947
104.28949393452106
103.92952652484053
103.55020242980294
103.2114798892839
102.98557790187671
102.61102450854116
102.49289381633186
102.42173933719098
102.28420782611592
102.17103304890179
102.12645048812965
102.18087311603762
102.35823616049814
101.87189832400306
101.2737112369139
100.97089127524556
100.56373723568838
99.91446386564397
99.08578875784914
98.07960870016659
97.34544020004243
96.784444156548
96.27641573755196
95.70374385292789
95.6047925184774
95.67738676611972
95.7001359282602
95.89496594712747
96.09464542562051
96.24982959170951
96.34984078268037
96.3163027858013
96.38170272420474
96.5390122061802
96.60746293314413
96.58440080842516
96.51056865571427
96.82924144878058
97.11638708300744
97.35597513126855
97.51817046128878
97.50473995143749
97.35282134333693
97.13328428558889
96.87113689263633
96.65751500011746
96.60541715973059
96.52184170159273
96.17849687879593
95.83536808728338
95.40405411557988
95.03153431802104
94.72304823298742
94.30607751706762
94.01600784232737
93.6233621947692
93.16120973604039
92.8895185884405
92.62116276705295
92.43270045616194
92.19252617411748
91.84268555921096
91.6050931787528
91.42411962217247
91.28320854098517
91.3462274826139
91.38260013935553
91.47404548854277
91.51830085457932
91.53518459165788
91.6883987252354
92.17817937388453
92.76087741972893
93.17694978519627
93.406179047889
93.77739353912902
94.22465841302215
94.46500283464925
94.81371250638685
95.24056978372806
96.11537193005258
96.70276736815906
97.13936310058125
97.84263005638422
97.98181521403686
97.81911739922627
97.62820663865371
97.45864492003089
97.29679666378647
97.2841000063887
97.18706121754406
97.01950864466319
96.69889538060478
96.38283781100175
96.04007406157095
95.60845628173547
95.25307190705067
94.93351907767693
94.64813088790619
94.49728357633765
94.4664908709653
94.53833028774527
94.51456692524204
94.52330464141217
94.40309167500554
94.18418267250392
94.02133241376879
94.03608516126758
94.19827341226696
94.64161059178679
95.14602275260523
95.58369872373882
96.24539534400668
96.75988604572903
97.37279676124525
97.93326132881613
98.26401850493082
98.4637592859257
98.68545233366463
98.85542313115879
99.18733131624532
99.55653598372042
99.91546932325988
100.2402775571297
100.79896942608127
101.19580991138199
101.51349977171746
101.75262889745848
102.16794331964866
102.63839853028246
102.88237270051877
103.02673592929705
103.15533339470151
103.33240875800328
103.49870520342948
103.71040156316286
103.76844021136858
103.81241161374753
104.10644975134976
104.37184016872739
104.58720526006579
104.6770632017992
104.77015607565616
104.7985330439669
104.88991777260713
105.10605197203697
105.28888748618982
