nan
nan
nan
nan
nan
nan
nan
nan
nan
nan
nan
nan
nan
96.86402776566764
94.40795384616929
92.67678421840718
99.5293830422794
96.8992718757627
95.76717996206294
92.67603914502641
85.0299373841314
83.83235064886414
91.01796243047883
99.15613091141338
87.44682149684175
84.13046131963316
71.46345929401677
98.529396365116
94.60153011431925
95.75594991876815
91.75824037627174
83.24173866384966
86.81321813784054
93.13186698022645
99.73751683072199
100.0
90.5138535396789
90.1185723073954
93.28070154276685
96.04742892295816
100.0
99.00491469504446
66.08687691066577
89.56524392832881
97.7272490824495
98.60131353603687
88.98302783435166
75.53644752093989
98.83273149143191
91.10178915952434
96.61021770952408
95.34885371422546
81.31489606597711
67.13783814677345
46.41516343602594
53.584951724646224
28.524630186987704
41.31149542136271
22.623030865778688
18.18187906044108
17.554881426271336
31.661467197423892
29.4670711442372
24.13797391942401
25.705372338440963
40.00004002305328
63.13727883731618
98.69570524796195
97.36837576537725
97.03708224826389
64.4688435857795
86.0805283449982
70.3296678728368
35.16943070507225
30.769250833363763
23.077003333455057
3.9215686274509802
6.122506176171397
18.027258195104736
28.911540617409536
11.490716783713856
0.2873737094710552
13.157894736842104
28.4210205078125
3.0985227772887325
9.711316572964634
27.604107475933624
62.76921198918269
49.2063492063492
39.25916883680556
31.53520035253537
68.46479964746463
67.63487263646816
80.25203942155055
99.67530473002832
96.8553447048143
94.33965885557119
94.89485636571253
91.89185226187574
83.96500887056449
97.14287651909721
87.77431146494926
60.188041890406474
66.77113438355914
78.68341976793243
74.8936429936835
57.02125062333777
1.7965155164411046
2.3668286446398294
7.930992389547415
52.559728028896934
79.52217576882457
58.02050198833041
40.95564846235087
44.02730126590716
37.67599996131574
42.60555699427581
42.9576912372624
97.92385387462447
94.55589046198725
97.14285714285714
93.93935827312485
89.43297063547371
50.25774777056438
7.999965122767858
33.71425083705357
17.999965122767858
10.857107979910714
1.7199311967535904
0.0
5.533632357313754
21.541487315605398
42.68775394873892
55.53360220160778
58.30038822455869
53.55731785501258
74.739627002021
99.21666274905081
95.92756150809268
90.46566028594492
86.69623239910761
85.36584210572614
80.26609159196853
55.58138115461483
76.61693770620236
81.65138299639575
71.06388173204788
88.93614424035904
92.4106577221074
91.96433802041682
99.32892023029515
92.08860912301576
80.0632370452423
85.44302147142986
25.63292575634809
4.377933975186551
25.345607861998747
21.659030244731152
24.884820818320662
18.433169354180905
0.0
1.5517136146282327
1.1199707031250001
10.765549453257185
30.502390117562022
27.41936033495122
40.874977111816406
42.78144078538907
49.999972457056415
33.9349997548678
44.58480940558472
55.415135508528124
43.133453947659675
50.97194886755367
66.66666666666666
81.6939587712591
78.96171878973642
59.91894930625053
47.058797130154325
68.627368849369
94.40298889866918
93.7270062487824
57.19555907402256
65.5999755859375
19.911499047338694
21.681518100564844
12.67608055352881
62.676026825386764
34.50700668700456
23.239463105422136
70.07041610296892
52.816912759466625
48.94365099918226
97.27895252024385
93.66394334321441
90.14421754335
96.63463055029202
99.78767284382971
97.97979797979798
76.76767676767676
67.0912993812902
71.97450000745121
64.543503093549
62.14949339379808
59.34579705804759
58.17757242579164
88.17887012766687
95.43966170234339
85.66767861722622
81.43319237597642
76.22144818276344
85.01627272166986
88.59935306736331
77.52435937962858
89.57651161357406
96.4285357468858
95.49294055347711
68.73237717319543
60.56338028169014
66.76051180127641
75.384521484375
24.615322015224358
11.194022202661632
19.602248589862967
49.431783699804235
39.204583877360996
32.38633506555208
31.5340973128935
29.54542695984339
11.238516537935233
26.442303812716002
31.730793919080014
16.58652135606599
30.04807251445
24.747440107335546
42.96024784228699
1.337772502125514
12.738855979356895
27.272718265174078
6.769268329326923
7.5472422393747545
11.55011701499072
7.225432251429519
0.5290522593510572
30.952342507447746
34.656031260344086
35.97878301026134
15.343888005296174
3.1745557591855516
10.416668322351507
33.57398534494251
30.6859408619624
17.557287474622054
50.854688035932504
45.726429403302944
9.206329830109127
11.912189717965864
8.446880306273314
25.71431254292583
20.21980704842033
24.65371853667815
48.19942092693958
38.781156878077645
34.626032926855046
36.842065219688486
33.24099160978084
51.246528731745464
21.606610731872266
69.83465029647434
85.51719928609913
89.76108788441228
96.25848186435452
100.0
77.00347283511371
100.0
93.2098439837089
77.46909626593224
82.15056388608872
86.66670604418682
86.236572265625
81.9354969968078
62.70024113785222
50.95542391742758
14.96819465164761
36.94270177808662
67.87003689654755
52.70763810314948
97.03708224826389
82.35299397502497
88.97059318515859
87.45869302255781
63.366338628079575
40.26404235796997
52.47529638794969
71.28710577708483
75.24753971059684
81.18808989284611
83.1125693971467
64.18598973473837
60.930260946584305
73.02317064861919
74.4186046511628
81.3953488372093
45.34538029681792
63.96395075395858
76.27628590857188
49.8350237191173
37.31344983158388
11.940235623139623
10.483900739067195
3.007586943527579
14.782626387001812
22.898533033288043
5.797101449275362
26.66670204936594
48.11595972033514
24.927553923233695
17.747470844273998
20.47780290239693
3.2374957599256162
12.195134054177439
4.583231608072916
10.096042395983416
17.129681303326276
53.951920666898076
96.90723811781041
89.69072381178104
82.13054599186827
81.09966032159858
88.13559322033898
95.25425797801907
78.98311291710806
63.0508681475106
56.610210871292374
48.13563460010593
45.76271186440678
60.67794541181144
31.525485798463983
21.28708757797475
11.392336605283795
2.531544512561792
11.47536267774305
5.737681338871525
21.88844968002368
51.091769980023635
37.70490983133607
22.727281734825922
30.519571881805767
26.97370270281123
15.286573442341261
26.114668252801977
0.5917512369533027
31.550748904142228
12.299391933572904
38.21981916343516
25.654410108185576
28.795802316459195
41.88480336939519
53.048688581025125
52.17391304347826
58.260710343070656
74.7826617697011
67.199951171875
67.199951171875
95.428466796875
74.28571428571429
53.71425083705357
18.85707310267857
1.0638936820558438
0.39218079810049017
16.862697227328432
6.513455208741354
5.747125092809663
54.78921244789505
49.42525241305123
45.9770007424773
60.15328940829821
12.797580392459619
4.5945451066300675
24.188740902114176
31.707310265261118
33.23170107648936
34.146298346653765
38.71947078033848
24.390252979651837
11.890229719294002
16.76829892351064
23.475562668056085
42.3780459438588
55.79266647438105
84.87801900724085
97.20927393713663
87.73582732818758
89.3519113747176
80.09265473184804
99.13414651868507
93.65077250609745
92.06349590798229
98.21428571428571
91.90282800552035
95.67099395527126
90.18695587071382
89.15341950380663
86.50791600397213
68.51852449884146
70.3704092424695
66.96169998244564
87.90558453775763
77.81352880279859
87.32882188487969
83.56167533247981
100.0
99.39399488044508
94.59454258024607
80.63055880129218
70.72073682040003
82.88280981510758
79.72974087566156
71.62155474603065
76.69894714386663
77.40114552909168
54.32105975035887
58.024609959272254
44.11762725936564
31.578995674770262
0.0
12.418445360635562
64.53902244231423
60.3174795399114
73.17062278096599
78.04871392170143
39.83753755765457
16.41778127996247
35.999930245535715
23.353282470647358
2.9701788603638244
11.574070803586945
7.860210797894952
28.82099503322952
37.554621815143385
38.86461252660294
73.7991196542584
69.86901425531093
54.29862753789495
55.203659898946796
68.55665967698549
51.03091242868088
62.37118510490027
64.433009962262
97.30952504769229
94.1704551363986
79.56993128613713
83.2402177489613
98.37844436233108
88.73632891918291
90.10995552313761
82.69233832597641
95.44306887856013
88.35441492780855
92.91142330893987
95.56653319612953
96.3380625550176
89.59535991772604
92.73923802790091
83.93434618340164
91.47538982453894
90.75338671817028
81.6992486302012
50.32681694062643
45.09794535165981
0.0
13.999837239583332
11.560681405641688
41.040454270427794
63.005678380347405
60.3175115772885
28.04238869979138
22.222258104101943
30.93924980736839
67.8161020338008
30.409417257238108
66.0819548375698
71.33341471354167
94.38202825101882
88.1721453358163
79.03229775958391
89.78498240317646
97.84949588587087
81.72046892048205
99.49235511904946
93.07356848155933
82.27275501598011
67.94251596332633
73.27943126064874
89.12143828488614
100.0
91.35343133374406
86.383056640625
86.80848466589096
91.57083642698876
80.84291635730112
90.42145817865055
92.98245614035088
91.80327663816274
90.16395698020985
94.30896931247386
94.90738058941295
89.69071840603807
94.8528537288649
98.47342292917362
76.33584229641174
100.0
96.800048828125
56.834513420055984
33.81305230803008
16.66659295264464
50.0
74.63765872471794
76.81170637641034
94.90453040778918
93.88648790557406
100.0
89.35365364041226
84.03048046061838
93.53618829470479
93.42105131070014
97.4275943616087
91.79817953395684
83.59626279789553
94.90443817030561
80.0686697799484
52.898561140737975
31.55898301111976
30.76923076923077
45.128142528044876
39.999937399839745
54.87170097155448
15.897310697115385
8.717854817708332
3.508849421304197
31.140352638362973
27.631637065978147
68.85964736163702
71.9297400252439
61.08595598013182
87.57056107476974
55.367296903071406
69.49158094738911
90.4493794479753
89.7872600149601
87.2340425531915
74.46808510638297
67.23412047041222
62.05356108898737
94.4681370511968
82.38103957403273
83.06887448229092
76.71960149520034
76.71960149520034
87.83074848824911
95.0274911018528
91.14577538440997
98.01983040067199
99.00999073896418
93.56441103286987
81.25002980235081
100.0
82.77508538353598
64.97170660386142
75.14129456511618
100.0
80.29558427579447
84.7290477471884
83.16317712801653
93.4640601095839
94.90434593300134
100.0
72.57385378868454
90.71725285281263
78.48099798867374
95.93496035817208
100.0
86.64256109572379
65.85371559330613
67.13783814677345
65.37105293238467
48.12035854704237
30.4000244140625
47.413768155976314
43.103425596342106
87.13234427890393
90.82772308051523
89.79591836734694
94.08158282844387
95.28690908135813
100.0
100.0
100.0
95.74179106354616
83.51648075254347
83.51648075254347
79.52317239053261
81.7790745684301
68.83366807370435
59.178752685952695
53.25083191138372
27.863787620251586
27.79665154925847
22.99277267851952
11.96913835542029
5.000070425180288
5.992536332516102
23.868274512660406
25.123047550323967
24.157251358718945
20.786428240780428
27.05867991727941
48.82345760569853
77.64695111443015
67.49992370605469
17.499923706054688
39.999961853027344
26.874923706054688
38.124847412109375
0.0
40.5712890625
43.428431919642854
26.285574776785715
75.428466796875
91.09956092978072
75.4544344815341
70.90897993607955
70.45454545454545
68.63625266335227
61.36363636363637
51.81815407492898
23.181707208806817
2.0349177622824293
2.325632973155196
17.732563297315522
12.500044356913467
22.674455740671743
11.911321512352854
0.7957233311261388
7.36846923828125
2.6895018769432575
11.735987840720604
11.980426962620065
32.76838447327427
54.36900203549323
39.76381311222902
84.26393815934193
76.60549623920161
48.62384036800248
47.706353950413174
44.95417467519105
37.155960092000626
28.74494977575151
7.1428052422392145
6.177623920102935
30.88800177213877
24.324372092584827
54.82625027689668
77.22000443034693
81.85325182751811
83.78375193827678
43.56845369623494
27.426146211315448
21.519002011326265
39.662529841540454
43.45997048681306
60.759565388706186
64.97897249813933
44.23963457681847
37.78805342963945
55.76036542318153
37.32719606900063
47.00463810672989
39.047677176339285
34.302443178793844
38.372101275704836
69.18613935167936
78.45307966096837
83.90249857088415
76.0975907488567
45.36594297827744
46.34146341463415
66.82932783917683
66.3414931878811
97.2000732421875
98.68413127366617
94.47513998458948
90.60775483433682
93.09392498073684
87.05501362427422
87.37865803614902
91.90938351517138
90.93854904195527
91.82387703906444
93.43748092651367
96.71535001108211
93.06571416160732
90.09431653619929
100.0
85.18518518518519
96.402876118338
95.620610307827
77.12416475516106
27.45088261693428
49.32428252702251
85.92221575328767
100.0
98.27588701647029
94.53127514570352
83.33327419078205
74.41859914953011
86.82162015105007
79.45730794935032
61.627839581743885
87.98448099454114
86.04649787382527
91.34611810689364
100.0
95.9349586772075
100.0
95.71785469947498
86.42854236421131
84.99995640345982
96.33858999051651
100.0
83.15571525060221
74.84009166993098
52.77162012564317
40.78627413195447
22.340423805025015
21.08106547675507
8.163321594886568
20.699733616147455
18.65896994684779
34.11083490073331
48.39653647608151
21.282859791697437
31.486945055883663
36.15168754259561
27.702709668905307
33.49057554391794
19.540342778568974
12.643730575764167
11.999969482421875
48.499908447265625
38.30835498157559
66.16907340462197
48.25860071632781
53.23372358370392
41.29345906774141
50.57466022874161
56.89653660444469
26.58964941804878
40.78940235668265
99.1736287571644
83.39927385016223
66.40314584514432
82.2134301533117
58.89328492334415
71.3675921494162
40.77255354986418
20.171605801748278
3.597123881662001
14.028761183379986
34.53241121905703
62.589933585817
33.81294253252099
38.12953510071903
8.633075360886986
0.0
23.793082401670258
28.125003311367045
31.970290166644165
27.13762069477991
6.465513839451316
25.43099479359868
43.103425596342106
56.896574403657894
27.586166073415786
21.392967598236964
91.74917159346137
89.02446059230175
82.01220703579304
87.95181165881361
85.24089574574087
59.63849552071977
26.807200675063285
13.583105702282886
55.03511307224016
19.67211122975084
10.859697889868858
42.307708240986614
21.945722914276008
38.009011658816334
53.39366422111843
72.3981700505266
57.46603366875043
58.74129555318276
74.73682604337993
76.06062455610795
86.36363636363636
88.18897827004608
75.65441010818557
73.2984058964416
55.489630366156476
23.738863804716548
35.608295707074824
27.046279191251777
25.97859860270792
57.29538294122055
59.786420440908316
65.83628463228499
42.34872352926483
38.078218382003975
69.75089625003122
70.81846823511779
73.16012740755224
100.0
93.78881634378355
72.98140796054321
28.571370635780013
34.55150276382011
32.669281535266684
28.83210093524146
74.81753491423333
98.16521124802033
90.59832701100807
100.0
92.07324221475824
90.46651022028979
94.36995728766661
100.0
100.0
97.55532510459999
99.4186048574741
91.39532350218182
99.65110613761506
84.76821807731253
89.19704946384871
93.93931724354775
95.33975841929612
78.98984966856061
80.8080808080808
89.99991581357759
100.0
99.40472622310868
88.85633280471957
87.46516827188725
82.72992340845143
86.62954682625364
88.85792735278866
90.11637500465748
97.19637363431357
96.11943942397389
100.0
100.0
100.0
98.23177999534742
91.86992071634414
80.69810665734221
59.753528319929416
64.47629467816182
67.76178999650332
58.11084332517442
31.905694826912445
39.40033954881047
19.17466271419704
42.57903748683884
47.72722149685201
76.70451885413469
57.67039986683243
5.39083025827223
40.73173709032012
46.923045622996796
16.923014322916664
17.94871794871795
57.07429454650307
51.79863380819745
29.016865896872574
5.591345346102151
4.406105852708873
4.8824824648054435
12.839018360217871
0.0
7.586248989762931
16.880756343176607
5.090886896306818
24.000022194602273
10.363658558238637
24.363569779829543
20.72720614346591
20.758906979944225
63.38036341754333
88.88901880632896
95.73774494108606
48.524550140881146
70.49180327868852
100.0
76.9437576396241
92.49332785707624
83.56806570022837
67.84047177623869
70.84343232304217
55.42168674698795
94.21695571347891
90.42766895310359
82.71601217185778
62.7571543572915
52.46909626593224
51.495751018555715
40.50632911392405
18.9873417721519
24.556838409810126
38.98724906052215
65.06316752373418
45.316362984572784
63.54424198971519
16.045764093165115
27.22061133049552
41.833711669424034
7.876667231032601
53.4245515903623
47.260212410615935
63.35613789759058
60.61645482041666
70.2054501027355
65.0684659488768
64.04111092298913
86.30137558971015
91.93951832975887
98.23674561261906
88.93805608481183
53.76102042111546
54.42471004932774
1.6470875459558825
3.6866713732152383
1.8433356866076192
16.32349350873162
18.235240263097428
15.735312069163603
35.73527616613051
34.117665010340076
40.44117647058824
28.088199391084558
27.941176470588236
38.3223560378137
66.41223685850434
100.0
99.44956368262615
89.87564219730947
97.15812445320402
100.0
80.58421748646373
86.43722895585455
59.006226092978174
68.94409153001149
7.660482695960178
10.428371225510643
2.4055397258032887
18.166707356770832
7.510274563978587
8.78191377157987
9.820606247831494
6.391021868248991
13.533854426596637
13.345873072144226
7.563859050825833
12.576084998542214
13.39094979497864
2.306804750181803
7.914781188540999
27.887840301348614
17.98684621350227
16.836779709750783
27.436943219702226
90.03542640929123
97.1528548559811
93.2789279698678
87.78004984741223
68.63541155192024
81.87369088389033
60.48877811686173
40.122194529215434
29.735286622620283
55.193516107178155
48.67618449757911
37.67817963714565
32.99389027353923
2.054847969677545
6.608723989085859
30.260842889753054
24.394805531355544
24.208631192385266
17.318475757270942
9.16496831082429
23.529361261726045
23.273669265993824
12.873577249461206
71.26436781609196
57.48224760281023
50.51816666719374
5.999963378881415
13.111106439281167
3.5513924865109376
25.981311823086934
45.046766076070384
50.65424591021438
36.0747641160992
29.158906545995723
36.261691519017596
37.75699665789547
29.158906545995723
50.338552089626575
14.430344539860238
33.333263419079664
71.82126980364932
93.80538063708832
62.928374972548454
2.803718770588666
49.532681848128966
46.7289630775403
79.53361874379866
79.78251596035105
69.3477668113597
65.65209055222849
36.95649722124367
33.04348287600119
24.999983414370718
12.860340578601983
43.23721544580664
60.31039938071696
59.64523851734764
59.95473457309234
59.661830051098484
75.36230388413352
63.5265031004072
83.5777724478874
94.55079399608441
99.27536231884058
97.50933959646862
92.40351617279869
97.64704576788101
90.80842866557394
77.27854480893605
77.04481897597807
89.5778025246657
97.20188748593853
90.15063591852265
79.86347293414454
87.48578277045371
84.4856582939813
90.06081224960755
84.02060720465629
85.8247601069687
98.11824737278194
93.859672605105
96.80851063829788
88.93614424035904
84.88665452113553
85.08945960211864
87.8440578882384
92.43121642014609
82.79815550534619
74.51518440745136
73.13014191951468
74.92622660091428
86.46872198777282
85.39690290178571
96.59450154288619
86.7132658200474
79.95330599794558
94.63858387136244
82.5
80.4998779296875
58.75
88.88888888888889
95.98960270291825
94.29657529954815
92.97822093550813
94.40715654568183
98.95941700931469
99.79548851534148
93.51402420253984
92.64275167551273
97.20074797541155
89.38223688008947
80.30885210282659
85.03860651285332
97.0516164572009
80.58252043641133
78.59717876941654
90.15148975522354
97.20566055665064
92.46317135836821
80.69853807402754
87.50002804923201
76.10295190117694
70.9559178269699
66.91177955547577
80.51464730895668
87.68380661737481
100.0
26.80410425065125
2.2004014296267003
29.932017040028562
5.882403919126541
12.77888306874442
2.1875381469726562
35.15625
44.06251907348633
56.71882629394531
55.625057220458984
21.875
37.81251907348633
41.40625
46.49683096903278
60.04463190936289
79.38924540140272
99.49106371876029
77.09926509414622
94.65640200530524
74.84661657795361
84.3415705346108
95.72949949065034
87.05634854496849
76.27417538213999
88.9430100355691
92.51248376374433
87.68767612894356
79.2792173574358
74.62460191994867
70.87085023025638
83.78371938506656
95.76056870753891
87.79282374394447
94.51076819091917
85.65984539835483
91.41490887425599
90.96386428147719
68.96553431773697
69.4013408795022
95.7870832758168
74.87177400507478
84.78628305288461
93.33329159989316
97.31663802346631
94.86159142420489
100.0
99.09642264256392
85.7567179398016
94.03416233611979
93.47820318045817
70.47865476049407
96.06298960319113
67.62590875759096
61.739095052083336
50.51890398692286
61.087701556267206
46.753119789891436
20.779134993169887
21.800970487630263
67.28542094455851
35.49883169298308
15.777242795440063
19.489485236847695
37.122990865963324
9.271523178807946
3.4213102811734264
17.497582160310678
31.573794376531474
52.2971714407938
44.67254903247632
29.42324455292489
35.28834789207933
14.87693977729684
11.19050525483631
19.102595402644234
41.38384113643354
38.3812451494565
95.25425797801907
68.13561391022246
49.152542372881356
42.71188509666314
63.89832577462924
50.33900374073094
68.9830715373411
72.54235219147246
74.23726744570975
49.66099625926907
92.07920792079209
97.11184852711436
98.96366775806054
95.35292201993886
75.38727400699646
92.5989851981805
86.342948913871
93.17825672238372
45.886067086508625
44.53511758966087
36.17025102316238
44.680804305023756
53.68243557098804
19.13444132703425
35.535232142013015
9.270238807515389
16.487462646079535
13.79929295536781
29.928311099638165
2.867446632568681
0.0
8.433695070677581
20.550481113818808
35.963257955848626
25.87151483658257
47.706422018348626
99.39491145743882
93.18801316496284
96.04901437402398
90.34654830276162
84.40596845358192
76.11387288520328
76.85641703938657
75.74260080811163
80.67331964989266
76.14214377499403
80.24190935126325
98.72886506486711
81.25
60.71429029375069
73.52189889822982
63.49613548854768
97.69814943452776
96.13354786806114
97.88619871061992
93.48166132002787
98.68801175860342
95.49422073261718
96.20441520301095
93.95868043661994
86.74502245807928
92.94324043239382
92.44371176104053
81.99355304022727
63.51610796641106
59.196632613427994
25.21007541344038
24.183057378962044
76.47057650229081
80.21684833848852
87.02706001900337
76.75682274070947
79.72972972972973
21.62162162162162
16.768953676902857
38.445811599683964
39.263858048845634
60.32724354293746
51.73825509219561
41.717747763602794
53.16977397004658
47.44382327500665
70.34762605516633
92.4000244140625
64.199951171875
56.99999999999999
62.59997558593749
95.5999755859375
96.405892926501
94.06782400672421
94.06782400672421
93.28491878784925
82.24640285184493
78.71490324454636
90.61873353816465
89.23768964016608
71.52462071966784
75.1678127270046
87.69573600013109
100.0
89.72870096780984
93.75
98.67846680639337
91.03585875349705
88.42498062973905
100.0
69.458149801811
53.6946336134538
48.76852227684321
11.001668696162
16.970784424448375
6.740198095044332
33.700990475221666
22.916688482752328
3.3694207167042474
2.6695932775756472
11.875025431315105
40.72920481363933
49.89585876464844
57.20337503636893
63.25971461858941
62.154675173368446
67.94262891118949
100.0
90.63886440229122
71.02528105172658
69.39075531177788
52.89749003304783
83.20944928734932
55.72061336206428
19.999951655321784
21.031327258207654
9.706747437943493
30.361879601876414
11.603561776560245
24.737956222747982
32.07548055043375
34.42390597983756
46.89102479670205
32.25319054695682
10.851562237685688
7.857559353144741
4.239682851849168
0.4260572118049312
6.704486004725424
21.158954257697538
17.166210796960772
29.564028165984617
8.401455087317435
14.759312991233331
29.336961812273337
29.91764441126196
55.306485307166575
92.62697880936427
100.0
74.05880198759192
83.88233857996323
70.29411764705881
54.058801987591906
54.88234576056985
52.605744039343904
70.63150603372237
76.45615218145437
67.81790255648146
74.41127914140702
75.420145573958
54.411744906418114
56.09239131480096
88.77120794698733
92.0124957500141
70.33196426276278
77.48966865621935
67.53112066034492
47.00569109728107
55.351243106751326
72.2960358382092
82.92218531541423
55.02851398366526
17.862774950451485
30.462504721223898
11.004734852172152
40.191340983338456
61.563007409887895
53.344431255313786
46.488283390983334
7.023331152533826
17.380049350581498
15.43452498284129
66.79633662574702
86.12191034406871
97.14654842792987
93.79946018545657
81.79414256128473
99.34036981805416
87.07626159764654
96.77735643926707
99.20634920634922
80.47620985243056
86.66667635478672
96.26988002232143
98.94660363832091
90.53830900805953
98.28052089225113
83.21032462362601
81.73427641262009
87.45384358111875
42.55726702402501
38.04992397824217
19.738441608395416
31.483676597699663
37.15317095581469
32.68994886006388
39.32444630306707
36.550034824632576
64.89743299019167
42.46079836022364
53.45745436364773
63.69683063639692
68.48403143634691
89.01833899000485
90.42213357588874
94.776105806385
78.32586740139952
95.95649132265962
91.75740466695966
82.8926872654821
86.46974677524535
85.64749660545374
96.9613101309895
86.74028538141059
85.17391316391854
73.37363559723468
79.63523636727923
87.3859533906952
66.60009765625
39.534919731651705
36.90991677734206
24.11070769453458
33.20157292257216
16.7709255577004
22.02751395826538
6.911033111092932
1.5281531347717505
14.498121863864345
13.289954495898279
21.561354526983102
17.657996571593234
17.657996571593234
14.968125009314015
43.28184896661136
65.36109722816761
65.36109722816761
72.19424920127796
77.88943130990415
72.19424920127796
76.04692651757189
63.149086261980834
65.1663893610185
92.7593875937326
87.4999266404659
97.59402167528195
89.55885943244485
73.88540355617324
53.372981993404814
68.84928059601357
88.85350101806272
77.88203029504699
63.00270158380555
78.95440034166607
67.15816619567583
65.5266475740396
57.51296866122093
93.97812312397602
94.99195893386604
94.57918813636356
95.27665161516704
78.67747233648585
62.07829305780468
5.547427434990876
0.9407950489306948
25.268813234791043
29.83865873537391
25.53764697871726
40.860185944023186
51.747337298979716
23.38705906384822
51.07529395743452
45.56448933483953
58.73652242181713
60.117345094094446
63.54990665776772
63.82984751821612
82.01161203798586
98.84841484244488
93.09025475453547
75.623882681237
18.7989934773636
91.33426858990342
80.44009488058224
74.96906642625709
69.02104693129873
67.53411768976878
69.5167404332818
54.02726389893117
46.8401619134344
13.295468417080967
17.045454545454543
13.636363636363635
21.250013871626418
28.750055486505683
57.95454545454546
91.93184592507102
94.11762119831066
91.48802214197944
95.51322234464266
97.74677486216338
82.13520202175654
78.80901565106232
86.90985986146593
84.32432432432432
96.35670945211746
98.56351567895373
97.73339855169131
93.49174732703183
94.633175272129
93.35743597698556
95.04469797260111
91.03712908040856
48.28659518012498
91.43302343578428
94.85983307553431
91.80327868852459
70.58822249445679
74.09528459821428
65.62508127903287
85.79545947145654
92.82054412059296
83.33333333333334
89.76109854880153
75.23221218302601
68.42103274071316
61.919469542435
46.40404838497282
18.831217085870268
25.6493155842676
37.9870300370075
39.123412814402705
63.636345621275105
92.20771757385398
87.49989532848713
80.79263782447006
81.7108751524754
64.30685025228769
52.802351384319
91.15044088455981
100.0
92.90962393235095
74.11442850193541
62.39310145754141
44.992057662245415
4.566213439263936
21.917768768556744
5.517241379310345
51.44834321120689
51.1724643049569
61.93106815732759
35.44829269935345
52.275895743534484
47.86208580280172
77.53126677197562
27.245940129836743
59.680078125
100.0
89.1824206466195
90.69179318985849
96.12127130681817
86.86139516648797
91.09668474968953
73.22002368761407
77.47082181491749
72.79491793007095
86.82262958461058
94.7488848539406
83.79000556005346
80.00004521126091
93.31303156482853
95.35875519249242
76.7068991719817
42.592576894276554
27.918764426130465
21.400768045142247
68.48236274814816
77.04271746435857
79.67209112448771
47.21319480020492
12.131187564036885
51.75724768388067
70.28756734832368
96.34834639189398
99.78218809215119
92.7385910506275
80.94264319814293
85.24587293427838
98.01980198019803
91.3627598681359
74.28028856404477
72.7446854872154
68.13822770692802
66.60274178016556
70.8252987912456
63.109112794732006
48.208608935781896
100.0
79.5453809838673
92.1349264949606
89.18909506807334
90.39036782333922
96.29629629629629
90.74887676551488
93.83262932320922
95.97585611917204
96.71149266939759
100.0
99.35897435897436
89.87184182191507
63.33333333333333
87.97652384263672
92.0390931680725
85.43242327077927
81.94230651677401
91.31944996338952
91.71270531927689
92.55317306922292
73.80497243500871
74.59005594883725
42.62300822973209
77.86877454536358
60.10922947361399
76.77597952155823
59.289591515121195
10.967623802923388
7.7639722119549255
40.10022608998932
70.42596088245462
60.15033913498399
57.64407500435965
50.66304881030052
81.8697858581667
91.86032895087028
100.0
93.19257032658126
91.64782567362579
91.84063226384785
99.11190034030088
85.9504132231405
94.38012493543388
98.25914080937083
83.68114871148677
77.7988434593375
89.37374701338952
88.88892028556533
87.1465376299546
71.83910565925883
89.29563710387323
90.88598323773735
93.40903542258523
96.76546362071973
97.84683091650592
66.09514508928571
64.19038318452381
66.28569103422619
43.23800223214286
51.04759579613095
44.517481338114415
30.28946144999878
44.54340562393121
9.178709062978218
13.366388987088957
12.1287659726188
5.445571479074321
7.311749201948925
17.20430107526882
14.231495754756862
58.47621372767857
67.38705789950177
84.5987432841433
87.11784719084952
68.7773109075717
49.34493801198582
17.982492537912755
29.58050108125223
60.706418124616846
63.355452408059875
93.37748165913271
92.05303188515148
66.96109492372759
99.81207600940309
85.94025207830518
68.18986323411103
91.21265754894074
92.68294952227922
88.03548873644628
92.02368920940104
91.56255722045898
89.9815082601345
92.29243815060974
96.02505251195484
99.78499873991935
86.66669060202206
57.451076133578425
41.87083101675954
1.9078106608781886
1.9886137040141028
8.95381921394064
24.59941714576303
13.006589037139987
10.933061503432581
10.4618078605936
11.875568789110543
13.66635564233045
15.362857251334894
34.21300296489414
38.060469976947935
28.97864712188835
47.21878946725152
87.99174066496745
79.08907217693375
94.45594686050883
82.2866274966927
71.81963465382928
55.39448776642691
7.4652597492047414
18.133785222826724
23.415476498773387
19.247456573161834
44.28362720314026
54.84801269107721
70.47752297872867
54.26919428265558
46.45439497444649
18.08973142755186
29.0882528039967
23.113139645804022
48.23524624693628
30.78421798406863
53.13720703125
38.03914388020833
63.725490196078425
38.146557961005925
46.76724308027434
51.50864620411514
90.51551425579896
97.61098299972295
85.62498092651367
62.5
56.25
72.03121185302734
75.72159275785529
84.74022917894884
72.56491174182938
79.4013825325512
78.16896641024016
91.19718120675556
100.0
96.52657595081483
90.34748807280859
85.9073561520035
98.55336714365339
96.522949720291
85.73234084430412
84.23232871531526
67.6328103576894
78.58296304377525
94.71435546875
91.34330180153918
97.17114617442584
91.96551558060011
88.00644578605254
86.78633409635592
78.30344136790465
58.03571428571429
70.5882080432134
86.90707823162343
48.654256602982
54.03729337446151
43.06416780502106
54.34783982247989
43.06416780502106
41.40787795998469
46.68735712651972
82.81575591996938
72.15323998195483
74.8663101604278
69.5187165775401
68.44919786096256
60.534733246991976
82.89964596589444
75.82840669649815
47.95318019414657
45.61397455559138
52.82647570074444
79.92204630820501
92.78749885484694
82.59961075702768
99.79331287059293
100.0
89.58709780635094
90.750455633397
85.51485242377794
89.07563025210085
98.65467251776771
99.37888198757764
60.99375849184783
30.906115467081996
2.2766871257453025
15.061259654996226
14.137952081088361
6.292718361485217
0.24011072790113036
20.24341137819236
5.420379525141211
32.74339449900548
39.60181322977164
32.19029730324607
0.0
6.272174902921597
32.34853682438737
50.78616382379643
75.76177695120148
84.34896548809097
97.64541285373122
88.0208155347213
65.10417701469692
57.81246150532746
70.83329690826685
57.81246150532746
71.48433867841382
57.942717543080256
30.3385305942743
19.883040935672515
47.953216374269005
40.46780770285088
36.37424045138889
38.9473541438231
22.456154628106724
24.378741563424555
22.96396074845864
11.06601463356599
42.23347775222081
36.46815043091325
0.8629856392921502
22.51184182931856
3.551016099160819
0.0
15.155339745703541
4.02594231939935
38.46655344896684
28.833556382334518
36.19589301301058
38.89283324056045
37.57130719747542
69.27468119439929
71.05044615248697
81.48467558655226
87.4632802608312
97.5609756097561
78.43898866234757
78.82925638338415
78.86007832739638
87.13108658494052
96.70540308925385
85.75580380984712
75.00001478564656
75.19376589826648
84.5205646671661
74.28061443480495
29.85616130834699
7.913707762547053
21.762641459310107
5.631479122552476
34.75703701839324
39.46977637230174
48.159058099335354
39.46977637230174
56.17978628873848
75.5738305263832
53.65445389261262
13.787352342096911
1.794414037491325
23.51915375961516
25.40547138935811
29.549593538851347
6.306306306306306
7.0400390625
0.0
1.8561212207038165
7.108574591310608
0.17207509113256506
6.110136462480697
28.438645473016894
25.669649851567367
43.4151495293616
36.38391123742001
53.236567152995285
40.29016230178895
34.07308603728723
18.537801171939115
27.08638844281684
13.762759969151773
23.076923076923077
57.606858473557686
95.55559728899573
89.88621685311588
75.47412216603111
76.23262503723069
89.25410540643563
90.51832829979614
91.48676913349131
85.011994795181
76.97840936867419
60.07189558746686
42.44606001349506
14.988005204818993
4.234149871240982
13.947702860061598
5.122262122829131
11.292211234160352
8.731080172745784
21.53666442610627
19.44121939538975
36.08846471401591
66.32914482792721
57.21520532535601
79.67592950486933
79.52869010871265
68.77760738677937
66.27390842392721
74.07948410479706
54.491880259673486
91.92066178447716
89.21319629854251
88.02089500759364
84.63543011910599
92.40511218969493
80.35720124540873
80.75405115088896
84.72230800251407
91.35331660603308
95.70544738667543
85.06587860178655
93.45656696151055
91.4169132186804
90.880078125
69.0311986863711
87.71630262039398
99.48722643729968
94.49246551776413
100.0
90.77382051665539
97.321416136898
98.56195982345709
82.50792203189908
89.30539040624376
78.72107475695293
90.29769943924379
94.2668009843684
95.25911001736843
100.0
98.63947626012192
82.19515172446647
96.28713095658952
73.20946060805242
28.531793197545745
20.77560219320566
40.16616424019761
42.65930413229568
11.261255069076913
20.731741032408166
18.815301741096206
0.0
8.915618528802712
23.132471291415662
11.566235645707831
15.301145990210843
19.347048907861215
26.53957264620705
39.792859606449504
49.556230915220695
37.721907114570975
43.76898652866659
31.936143307205562
28.143677558787484
35.86201284123563
19.770058818247126
46.28443915732674
6.581813610958847
0.0
8.541952441135702
4.712829243649739
23.907099838323568
16.80325921009515
20.081980540461217
20.879097714679386
81.78958493227208
73.70239547199299
69.89614517500092
40.657448032988555
27.335624792105556
27.335624792105556
47.05885458740543
39.4463539934213
52.768177234304304
74.39447937951098
71.62624934661746
52.4221352805453
67.99307282509412
63.28672112168081
70.9790698542946
99.20886091230157
99.1215582823292
87.99421282953853
79.06297167092482
63.982459761918165
81.02189781021897
45.47289953763117
31.99199297543244
89.21005869492868
69.55684211640435
72.44701756614205
73.41040938272127
98.59809307954629
92.91340150411455
86.72667654396933
90.66368333678902
84.36443127470756
82.33969865530456
83.9145288348124
85.15184636446148
83.57708484090357
85.92300490794065
84.1049541153056
81.01853378079898
78.70371852991902
83.7962932438402
100.0
66.53460512066832
55.247452235457914
53.66331799195545
53.069282758353964
50.29695718595298
62.57420908106436
65.14844233446783
54.122643116325406
73.97541086124522
75.40986066988519
22.540961052605248
16.78832848468108
4.9270251847759745
10.742564901630303
24.328613799141458
12.480281706437516
5.3391191919761285
29.00436141242122
23.809507033570192
38.09524648321491
14.141474636519607
34.63201023064755
55.050502974691994
100.0
85.86160215879202
100.0
97.81420765027322
94.2076636142418
97.14828930428632
87.94566526220237
97.66393937067463
99.06145437596507
95.34336005487864
96.98145277830399
75.80778023705102
79.91266375545851
81.34876813770668
86.85782748419248
82.46753246753246
92.9648051118211
88.19670129994877
80.69810665734221
79.13482250877865
64.1242840443177
90.28867564839884
98.0287171566799
70.78854595193536
58.602185234083
45.22518123592342
60.482415315174535
29.70078419762876
56.83756949597729
57.264946118202175
83.11960154987604
83.56161138431396
69.52148144731683
57.43068207150489
45.592017772448095
47.10329082397436
46.42858811091579
0.0
33.20682342776601
22.201156540662492
28.27328455926721
51.2333847171247
71.72671544073279
89.32582471716961
72.6591199511719
61.98505896633467
52.2472128434369
47.37823263299143
11.23190368831387
45.28984505698272
11.252032488869071
54.041231110307194
31.22028648783022
58.47861014034209
61.965156780943886
74.96041422630971
84.31058848109603
77.89117482198094
91.14393595589254
73.50160674505605
85.80442187021659
87.869810998782
95.28537708880611
94.91310824042388
98.67197853637185
85.77176292470638
64.9663937971896
72.53787243880588
64.77264977025114
99.20427666887386
97.53516863824998
73.96083604683437
78.65027679256134
86.69351993896487
99.3368702412426
100.0
96.66241744775772
80.48785838583483
62.51609127228196
64.69831459837829
54.098363389554635
50.550998000803716
40.792575614655846
27.634663434324953
35.12884579099938
52.92740381591662
43.325576475565896
24.355913984642566
60.18730810353404
55.03519173923236
