133.6999969482422
131.85000610351562
127.55000305175781
126.1500015258789
130.0500030517578
130.60000610351562
132.39999389648438
133.5
134.14999389648438
135.39999389648438
135.0500030517578
135.10000610351562
136.5
137.85000610351562
138.6999969482422
143.3000030517578
144.75
145.6999969482422
146.0
145.25
146.0
146.0
145.0
156.4499969482422
155.4499969482422
154.0
152.3000030517578
156.14999389648438
157.60000610351562
159.9499969482422
160.0
158.14999389648438
157.75
158.85000610351562
160.85000610351562
161.0
162.4499969482422
161.89999389648438
161.75
162.3000030517578
163.89999389648438
164.85000610351562
166.3000030517578
165.10000610351562
168.0
169.10000610351562
168.5500030517578
168.4499969482422
171.64999389648438
171.25
171.3000030517578
175.39999389648438
174.6999969482422
172.1999969482422
170.9499969482422
169.89999389648438
165.64999389648438
167.3000030517578
166.9499969482422
163.14999389648438
163.8000030517578
166.3000030517578
165.25
165.1999969482422
164.64999389648438
165.89999389648438
167.5
170.8000030517578
172.75
172.9499969482422
173.10000610351562
171.85000610351562
171.4499969482422
169.8000030517578
166.85000610351562
166.35000610351562
164.10000610351562
162.1999969482422
161.39999389648438
162.64999389648438
162.5
161.0
157.89999389648438
159.9499969482422
161.9499969482422
156.60000610351562
156.4499969482422
160.8000030517578
161.0
157.35000610351562
157.8000030517578
159.1999969482422
161.10000610351562
160.5
166.0
166.5
166.0500030517578
167.25
166.75
167.75
168.3000030517578
168.5
166.9499969482422
163.75
167.6999969482422
168.0500030517578
165.85000610351562
163.0500030517578
163.25
160.39999389648438
162.5500030517578
167.9499969482422
166.6999969482422
161.9499969482422
161.14999389648438
161.6999969482422
159.9499969482422
163.85000610351562
168.3000030517578
171.3000030517578
171.35000610351562
172.0
173.25
167.14999389648438
161.60000610351562
163.25
162.4499969482422
159.64999389648438
156.10000610351562
154.35000610351562
151.35000610351562
154.10000610351562
159.3000030517578
162.6999969482422
162.6999969482422
162.9499969482422
164.60000610351562
167.10000610351562
170.0500030517578
170.5
169.0
169.0
169.9499969482422
166.0
166.8000030517578
172.0
169.8000030517578
170.6999969482422
171.85000610351562
171.35000610351562
175.6999969482422
176.60000610351562
175.10000610351562
174.8000030517578
172.5500030517578
161.5
161.14999389648438
162.0
162.5
160.64999389648438
157.9499969482422
154.3000030517578
150.14999389648438
144.6999969482422
148.6999969482422
148.10000610351562
152.0500030517578
151.89999389648438
150.25
146.6999969482422
148.5
151.64999389648438
148.75
148.8000030517578
150.14999389648438
153.10000610351562
150.5500030517578
150.0500030517578
150.3000030517578
150.5500030517578
156.3000030517578
156.4499969482422
154.4499969482422
153.39999389648438
152.5
149.0
149.0500030517578
152.64999389648438
150.89999389648438
146.85000610351562
153.25
155.10000610351562
151.89999389648438
156.9499969482422
160.39999389648438
163.0500030517578
162.5500030517578
165.8000030517578
167.0
162.60000610351562
161.8000030517578
161.14999389648438
161.0
160.4499969482422
161.0
159.4499969482422
165.85000610351562
171.35000610351562
170.10000610351562
169.89999389648438
168.60000610351562
169.8000030517578
169.64999389648438
169.9499969482422
169.75
173.35000610351562
174.3000030517578
169.6999969482422
169.25
168.85000610351562
173.3000030517578
172.3000030517578
166.35000610351562
161.64999389648438
165.9499969482422
164.60000610351562
165.64999389648438
163.5500030517578
162.5500030517578
160.5500030517578
159.10000610351562
160.1999969482422
158.75
158.75
159.39999389648438
159.85000610351562
161.0
153.3000030517578
155.64999389648438
154.89999389648438
151.64999389648438
148.8000030517578
147.5
146.89999389648438
149.0500030517578
150.14999389648438
153.5
147.64999389648438
146.8000030517578
144.60000610351562
146.75
146.4499969482422
146.64999389648438
147.75
148.8000030517578
142.85000610351562
141.60000610351562
138.75
137.14999389648438
139.14999389648438
137.75
141.60000610351562
141.14999389648438
139.5500030517578
137.39999389648438
140.0
142.0500030517578
136.39999389648438
139.75
145.25
145.39999389648438
145.4499969482422
146.10000610351562
147.0
148.1999969482422
148.85000610351562
148.4499969482422
155.89999389648438
155.0
154.8000030517578
153.64999389648438
152.6999969482422
150.8000030517578
146.5
146.0500030517578
153.14999389648438
152.6999969482422
155.5
156.0
155.4499969482422
157.5500030517578
155.35000610351562
152.0500030517578
151.4499969482422
154.75
153.89999389648438
155.14999389648438
156.89999389648438
155.4499969482422
154.60000610351562
154.85000610351562
155.25
157.3000030517578
163.4499969482422
158.25
160.85000610351562
158.8000030517578
156.89999389648438
156.60000610351562
153.64999389648438
153.0
149.6999969482422
151.8000030517578
151.60000610351562
150.9499969482422
155.0
153.5500030517578
149.25
151.6999969482422
148.0
147.39999389648438
147.4499969482422
147.64999389648438
147.1999969482422
149.0
155.0
154.14999389648438
153.4499969482422
152.89999389648438
155.1999969482422
154.64999389648438
154.4499969482422
152.14999389648438
150.25
150.6999969482422
148.39999389648438
149.39999389648438
148.3000030517578
148.35000610351562
146.6999969482422
146.25
144.5
144.4499969482422
146.35000610351562
150.60000610351562
149.25
146.75
146.14999389648438
145.10000610351562
146.8000030517578
145.0500030517578
144.39999389648438
144.8000030517578
144.5
145.64999389648438
145.9499969482422
144.3000030517578
145.5500030517578
145.6999969482422
145.85000610351562
144.64999389648438
145.9499969482422
147.3000030517578
146.4499969482422
149.8000030517578
149.0500030517578
147.5
145.5
141.9499969482422
140.0500030517578
140.4499969482422
138.5500030517578
140.4499969482422
143.89999389648438
144.25
144.5
146.9499969482422
139.25
135.6999969482422
137.3000030517578
137.35000610351562
136.9499969482422
137.3000030517578
137.64999389648438
136.89999389648438
133.89999389648438
134.60000610351562
135.25
137.60000610351562
140.8000030517578
140.14999389648438
141.3000030517578
140.0
141.5
140.25
142.25
143.3000030517578
142.4499969482422
144.6999969482422
144.1999969482422
155.4499969482422
154.64999389648438
154.5
154.89999389648438
152.6999969482422
150.4499969482422
151.0
153.60000610351562
154.0
153.8000030517578
153.6999969482422
156.1999969482422
158.6999969482422
159.3000030517578
158.6999969482422
157.9499969482422
157.64999389648438
157.5
157.8000030517578
157.8000030517578
157.60000610351562
156.5
157.10000610351562
156.39999389648438
156.4499969482422
155.14999389648438
153.89999389648438
156.4499969482422
157.0
157.1999969482422
156.60000610351562
156.8000030517578
154.6999969482422
152.0
153.3000030517578
149.89999389648438
148.75
148.4499969482422
149.75
151.0
151.89999389648438
155.4499969482422
153.9499969482422
153.14999389648438
153.1999969482422
154.0
154.1999969482422
152.3000030517578
152.0
156.89999389648438
156.8000030517578
156.85000610351562
156.1999969482422
157.1999969482422
166.14999389648438
165.5
163.5500030517578
167.6999969482422
167.1999969482422
167.0
168.25
168.75
168.9499969482422
169.10000610351562
169.35000610351562
168.9499969482422
168.60000610351562
168.39999389648438
168.4499969482422
167.39999389648438
164.4499969482422
164.0500030517578
163.4499969482422
164.5
166.14999389648438
165.75
166.9499969482422
163.64999389648438
165.0
166.14999389648438
166.10000610351562
165.64999389648438
166.60000610351562
168.8000030517578
169.1999969482422
169.14999389648438
169.0500030517578
169.10000610351562
168.89999389648438
170.8000030517578
172.5
172.3000030517578
170.10000610351562
174.39999389648438
173.75
175.6999969482422
177.6999969482422
177.1999969482422
176.5
179.0
178.35000610351562
178.6999969482422
180.1999969482422
179.5500030517578
180.1999969482422
180.3000030517578
180.1999969482422
180.0
180.14999389648438
180.9499969482422
180.85000610351562
181.39999389648438
182.0
182.6999969482422
180.5
177.35000610351562
179.5500030517578
181.1999969482422
182.1999969482422
183.64999389648438
187.25
188.9499969482422
188.5500030517578
187.5
188.39999389648438
191.0
191.35000610351562
191.64999389648438
190.6999969482422
192.1999969482422
193.35000610351562
193.0
187.5
188.6999969482422
189.9499969482422
188.39999389648438
189.5
188.5500030517578
187.10000610351562
185.0
185.60000610351562
186.5
190.5
190.39999389648438
190.5500030517578
190.8000030517578
189.8000030517578
188.5500030517578
190.85000610351562
193.6999969482422
193.10000610351562
192.39999389648438
192.35000610351562
190.89999389648438
195.9499969482422
194.85000610351562
194.64999389648438
194.9499969482422
194.35000610351562
195.60000610351562
196.10000610351562
197.25
198.4499969482422
198.4499969482422
198.39999389648438
201.14999389648438
201.5
201.8000030517578
200.89999389648438
199.8000030517578
201.9499969482422
203.10000610351562
202.39999389648438
202.64999389648438
202.6999969482422
203.3000030517578
205.85000610351562
207.3000030517578
207.0
206.6999969482422
207.75
209.25
209.3000030517578
213.5
211.14999389648438
210.10000610351562
211.0
206.10000610351562
208.10000610351562
208.14999389648438
216.4499969482422
225.1999969482422
227.35000610351562
226.4499969482422
227.64999389648438
228.0500030517578
230.85000610351562
234.39999389648438
239.64999389648438
238.4499969482422
235.0
233.75
233.75
232.60000610351562
232.14999389648438
233.35000610351562
231.39999389648438
229.60000610351562
230.85000610351562
229.64999389648438
229.35000610351562
227.75
230.3000030517578
229.1999969482422
227.5500030517578
227.6999969482422
229.35000610351562
229.8000030517578
232.85000610351562
231.89999389648438
230.5
231.14999389648438
228.85000610351562
229.9499969482422
227.4499969482422
228.3000030517578
230.9499969482422
228.60000610351562
230.6999969482422
233.64999389648438
235.10000610351562
231.89999389648438
232.1999969482422
232.64999389648438
234.39999389648438
231.64999389648438
229.39999389648438
226.64999389648438
223.14999389648438
221.14999389648438
221.39999389648438
223.8000030517578
222.85000610351562
218.85000610351562
217.8000030517578
217.9499969482422
217.0500030517578
218.5500030517578
219.89999389648438
223.10000610351562
223.14999389648438
222.39999389648438
224.85000610351562
223.9499969482422
221.35000610351562
221.6999969482422
221.0
218.64999389648438
215.4499969482422
214.60000610351562
216.5500030517578
217.25
220.75
222.9499969482422
223.75
223.39999389648438
221.14999389648438
217.3000030517578
215.25
217.3000030517578
217.89999389648438
220.3000030517578
221.5
218.1999969482422
218.5
219.5
220.25
218.6999969482422
219.3000030517578
217.89999389648438
217.0
219.3000030517578
222.1999969482422
223.39999389648438
221.4499969482422
220.0500030517578
219.1999969482422
221.14999389648438
220.1999969482422
225.64999389648438
228.35000610351562
231.25
230.25
230.75
230.8000030517578
229.60000610351562
231.0
231.0
231.6999969482422
231.8000030517578
231.64999389648438
231.75
231.85000610351562
233.4499969482422
234.25
235.14999389648438
235.14999389648438
235.9499969482422
234.10000610351562
232.89999389648438
238.85000610351562
239.39999389648438
241.1999969482422
242.5
242.60000610351562
240.89999389648438
241.10000610351562
241.3000030517578
241.64999389648438
241.89999389648438
242.5500030517578
245.3000030517578
248.9499969482422
254.6999969482422
254.9499969482422
256.95001220703125
258.1000061035156
257.1499938964844
258.95001220703125
259.54998779296875
260.54998779296875
258.20001220703125
254.0
250.89999389648438
249.25
248.0500030517578
246.3000030517578
247.39999389648438
248.0500030517578
249.8000030517578
252.0
252.10000610351562
249.3000030517578
250.75
250.6999969482422
248.8000030517578
249.5500030517578
247.85000610351562
246.3000030517578
247.5
247.0500030517578
249.39999389648438
249.64999389648438
249.14999389648438
248.85000610351562
247.25
247.5500030517578
247.35000610351562
245.9499969482422
254.14999389648438
254.6999969482422
253.85000610351562
253.1999969482422
253.10000610351562
252.14999389648438
252.14999389648438
248.3000030517578
246.0
243.10000610351562
247.0
249.60000610351562
248.0
248.0500030517578
246.25
242.5
242.64999389648438
243.6999969482422
244.39999389648438
244.4499969482422
243.6999969482422
241.8000030517578
243.35000610351562
245.6999969482422
245.14999389648438
244.0500030517578
253.14999389648438
254.39999389648438
253.6999969482422
254.60000610351562
253.9499969482422
251.5
247.0
239.85000610351562
245.9499969482422
243.6999969482422
239.3000030517578
242.64999389648438
241.75
242.39999389648438
244.3000030517578
248.64999389648438
249.0
246.0500030517578
246.6999969482422
245.5500030517578
247.0500030517578
251.5500030517578
251.60000610351562
248.39999389648438
246.4499969482422
242.39999389648438
241.75
244.25
242.39999389648438
245.8000030517578
247.39999389648438
248.0
248.4499969482422
245.8000030517578
248.1999969482422
249.10000610351562
248.4499969482422
251.5500030517578
253.64999389648438
252.5
247.1999969482422
246.39999389648438
249.0500030517578
244.0500030517578
252.35000610351562
256.29998779296875
257.5
264.5
264.54998779296875
264.6000061035156
277.25
278.25
281.0
282.8999938964844
282.95001220703125
281.79998779296875
282.79998779296875
282.95001220703125
280.79998779296875
281.04998779296875
281.95001220703125
285.8500061035156
281.8999938964844
284.8500061035156
289.29998779296875
292.8500061035156
293.1499938964844
294.04998779296875
292.29998779296875
291.95001220703125
292.20001220703125
293.70001220703125
293.70001220703125
295.3999938964844
298.45001220703125
307.0
308.6000061035156
309.45001220703125
313.70001220703125
312.5
308.0
308.79998779296875
308.6000061035156
308.29998779296875
304.25
300.75
301.54998779296875
302.75
304.8999938964844
311.5
309.8500061035156
307.8999938964844
301.25
302.45001220703125
302.8999938964844
298.79998779296875
303.20001220703125
306.1000061035156
301.0
292.79998779296875
291.6499938964844
291.5
288.1000061035156
288.6000061035156
283.8500061035156
286.29998779296875
284.8500061035156
288.95001220703125
284.8500061035156
287.04998779296875
285.29998779296875
285.8500061035156
287.6000061035156
291.0
293.8500061035156
291.04998779296875
290.0
295.95001220703125
297.25
296.0
302.29998779296875
298.75
299.8999938964844
294.79998779296875
301.5
308.8999938964844
310.20001220703125
303.8500061035156
303.29998779296875
300.1499938964844
302.6000061035156
297.1000061035156
296.3999938964844
301.95001220703125
304.5
304.6000061035156
303.1499938964844
300.8500061035156
298.0
301.79998779296875
300.70001220703125
298.3999938964844
299.29998779296875
300.6000061035156
301.04998779296875
300.95001220703125
302.95001220703125
301.79998779296875
302.8999938964844
309.8500061035156
309.79998779296875
312.6000061035156
309.0
303.75
304.79998779296875
290.1499938964844
284.3999938964844
285.0
286.3999938964844
287.1000061035156
291.25
293.0
294.29998779296875
291.95001220703125
292.6000061035156
291.79998779296875
297.1000061035156
305.8500061035156
305.79998779296875
306.75
306.20001220703125
307.6499938964844
310.25
307.95001220703125
306.3500061035156
303.3500061035156
300.3999938964844
289.8999938964844
284.79998779296875
287.29998779296875
286.3999938964844
266.70001220703125
270.0
263.5
266.3500061035156
269.54998779296875
265.3500061035156
266.1499938964844
268.6000061035156
261.54998779296875
267.0
266.3999938964844
264.54998779296875
265.95001220703125
264.04998779296875
270.20001220703125
270.1499938964844
280.70001220703125
278.6000061035156
277.70001220703125
278.79998779296875
276.5
268.0
267.0
270.0
271.5
270.79998779296875
268.70001220703125
266.54998779296875
257.79998779296875
261.1000061035156
261.1499938964844
260.1000061035156
263.70001220703125
258.3500061035156
258.95001220703125
260.70001220703125
257.6499938964844
269.04998779296875
264.45001220703125
262.04998779296875
256.0
254.6999969482422
248.25
254.1999969482422
256.1499938964844
256.8500061035156
253.85000610351562
250.89999389648438
256.04998779296875
256.29998779296875
253.85000610351562
254.6999969482422
250.89999389648438
252.5
254.35000610351562
259.25
256.04998779296875
248.85000610351562
251.9499969482422
253.5
262.5
266.20001220703125
261.1000061035156
262.20001220703125
254.5500030517578
254.6999969482422
252.6999969482422
248.6999969482422
254.5
257.8500061035156
258.45001220703125
259.45001220703125
259.5
262.54998779296875
259.6000061035156
262.0
279.45001220703125
280.0
285.6499938964844
284.6000061035156
292.25
290.79998779296875
290.70001220703125
286.3999938964844
289.79998779296875
295.95001220703125
298.8999938964844
299.70001220703125
297.3999938964844
296.5
297.29998779296875
299.1000061035156
298.70001220703125
300.1000061035156
304.29998779296875
305.0
304.25
303.95001220703125
310.3500061035156
310.6499938964844
309.95001220703125
309.6499938964844
308.3500061035156
307.1000061035156
309.5
309.3999938964844
312.79998779296875
316.1499938964844
321.45001220703125
318.8500061035156
321.3500061035156
321.70001220703125
321.54998779296875
320.79998779296875
317.8999938964844
324.3500061035156
325.1499938964844
327.0
330.3999938964844
333.75
334.6000061035156
337.3500061035156
335.0
337.5
336.8500061035156
333.75
330.70001220703125
346.75
348.8999938964844
344.8500061035156
346.6499938964844
351.54998779296875
354.3500061035156
351.20001220703125
352.25
348.45001220703125
348.8999938964844
348.25
349.04998779296875
351.20001220703125
355.04998779296875
346.6000061035156
345.45001220703125
339.79998779296875
336.54998779296875
338.0
333.0
334.79998779296875
337.1499938964844
341.20001220703125
342.70001220703125
340.79998779296875
336.0
339.0
335.54998779296875
337.29998779296875
341.45001220703125
342.6000061035156
340.5
341.75
338.8500061035156
340.5
342.25
352.6000061035156
357.1000061035156
360.45001220703125
360.3500061035156
363.70001220703125
359.95001220703125
355.75
356.3999938964844
360.0
370.5
370.95001220703125
372.29998779296875
373.95001220703125
371.25
373.1499938964844
375.25
370.3999938964844
375.1499938964844
381.95001220703125
378.0
381.45001220703125
382.1000061035156
381.6499938964844
383.0
383.1499938964844
383.3999938964844
384.1499938964844
385.20001220703125
385.6000061035156
386.04998779296875
389.45001220703125
384.25
388.79998779296875
384.95001220703125
388.6000061035156
384.5
392.6499938964844
386.20001220703125
383.0
380.0
377.0
379.29998779296875
369.5
352.95001220703125
354.54998779296875
359.8500061035156
368.25
367.95001220703125
369.54998779296875
363.8999938964844
361.0
350.20001220703125
350.1000061035156
357.1000061035156
358.5
370.5
368.1499938964844
365.0
357.45001220703125
360.3500061035156
358.45001220703125
362.75
365.45001220703125
364.3500061035156
363.8999938964844
369.8500061035156
377.20001220703125
380.20001220703125
380.29998779296875
379.70001220703125
379.25
384.20001220703125
383.3999938964844
377.20001220703125
368.1000061035156
369.04998779296875
370.6499938964844
370.04998779296875
367.8500061035156
371.25
369.3999938964844
364.8999938964844
364.20001220703125
364.6499938964844
367.54998779296875
357.6499938964844
352.3500061035156
351.0
354.04998779296875
355.25
357.0
377.04998779296875
380.70001220703125
379.95001220703125
384.3999938964844
380.1499938964844
382.3500061035156
377.8999938964844
376.6499938964844
376.6499938964844
375.95001220703125
379.3500061035156
383.95001220703125
389.6000061035156
383.8999938964844
385.5
388.45001220703125
389.70001220703125
398.6000061035156
400.8999938964844
401.6000061035156
404.45001220703125
404.54998779296875
403.5
405.29998779296875
405.79998779296875
404.6000061035156
407.8500061035156
407.1000061035156
404.8500061035156
399.79998779296875
397.29998779296875
398.8500061035156
405.8999938964844
411.0
411.04998779296875
408.3999938964844
410.25
410.79998779296875
392.0
399.54998779296875
400.8500061035156
401.3500061035156
402.5
399.25
399.79998779296875
402.3500061035156
407.1499938964844
411.6000061035156
408.29998779296875
403.0
402.25
410.5
414.6499938964844
415.5
414.1000061035156
419.45001220703125
419.5
416.5
421.5
419.1000061035156
416.20001220703125
421.54998779296875
418.79998779296875
424.5
426.29998779296875
428.0
431.29998779296875
433.70001220703125
434.95001220703125
439.04998779296875
438.25
426.1000061035156
427.25
421.3500061035156
422.3999938964844
405.54998779296875
412.0
420.6499938964844
404.8999938964844
401.1499938964844
399.20001220703125
410.6000061035156
418.70001220703125
420.1000061035156
417.1499938964844
414.45001220703125
417.70001220703125
424.70001220703125
423.45001220703125
421.5
418.6000061035156
411.0
419.04998779296875
419.5
411.95001220703125
391.95001220703125
389.04998779296875
386.95001220703125
377.5
373.3500061035156
385.0
388.79998779296875
387.0
388.0
370.25
344.1499938964844
357.95001220703125
340.29998779296875
317.29998779296875
338.3500061035156
305.75
316.0
304.75
299.0
323.1000061035156
318.79998779296875
342.0
363.5
363.70001220703125
355.8999938964844
350.0
355.95001220703125
332.54998779296875
328.25
328.95001220703125
346.6000061035156
354.45001220703125
350.0
351.1499938964844
355.1000061035156
352.04998779296875
348.20001220703125
363.29998779296875
364.29998779296875
356.75
354.6499938964844
358.0
348.25
350.95001220703125
360.54998779296875
359.79998779296875
362.8500061035156
345.79998779296875
343.70001220703125
344.0
347.45001220703125
354.3999938964844
356.0
350.54998779296875
344.1499938964844
333.20001220703125
335.54998779296875
351.5
359.45001220703125
361.75
362.20001220703125
357.79998779296875
362.04998779296875
371.5
375.5
387.29998779296875
386.0
383.6000061035156
386.70001220703125
394.1499938964844
395.8500061035156
405.20001220703125
401.25
399.3500061035156
401.3500061035156
390.6499938964844
388.75
375.0
379.8999938964844
380.20001220703125
382.6499938964844
387.6499938964844
383.3500061035156
392.3999938964844
389.04998779296875
386.95001220703125
393.79998779296875
391.75
393.45001220703125
394.54998779296875
403.95001220703125
403.1000061035156
405.29998779296875
404.0
402.6499938964844
405.25
401.04998779296875
409.45001220703125
404.6499938964844
416.95001220703125
411.04998779296875
413.95001220703125
412.95001220703125
418.29998779296875
411.6000061035156
406.54998779296875
399.6000061035156
405.3500061035156
391.95001220703125
388.70001220703125
385.29998779296875
377.29998779296875
375.75
376.0
376.1000061035156
377.79998779296875
376.95001220703125
376.3999938964844
386.25
392.45001220703125
394.3500061035156
390.3999938964844
391.1000061035156
389.54998779296875
387.54998779296875
384.1000061035156
386.6499938964844
395.29998779296875
400.95001220703125
403.79998779296875
404.54998779296875
402.0
402.54998779296875
398.70001220703125
410.75
416.6499938964844
410.79998779296875
410.04998779296875
409.04998779296875
409.1000061035156
407.25
418.25
421.79998779296875
425.8999938964844
427.8999938964844
424.79998779296875
422.25
413.0
398.8999938964844
402.29998779296875
405.5
401.0
407.20001220703125
409.95001220703125
409.5
411.20001220703125
407.6499938964844
414.1000061035156
414.1000061035156
416.54998779296875
414.45001220703125
411.8999938964844
418.54998779296875
418.3999938964844
417.54998779296875
409.1000061035156
435.75
440.29998779296875
435.3999938964844
431.54998779296875
430.6000061035156
428.8500061035156
426.25
420.8500061035156
414.0
407.04998779296875
405.8999938964844
409.1000061035156
410.3999938964844
421.8999938964844
437.3999938964844
437.95001220703125
475.6000061035156
477.6499938964844
489.5
488.0
475.75
480.1000061035156
479.3500061035156
487.3999938964844
489.95001220703125
494.6499938964844
498.79998779296875
496.1499938964844
497.70001220703125
498.20001220703125
499.5
499.04998779296875
496.75
497.95001220703125
500.5
498.95001220703125
493.70001220703125
496.8500061035156
499.0
502.3999938964844
503.8999938964844
512.2000122070312
515.2000122070312
514.7999877929688
511.79998779296875
505.5
493.1000061035156
496.5
496.8999938964844
498.54998779296875
506.5
514.7000122070312
517.2000122070312
516.7999877929688
518.2999877929688
515.7999877929688
512.2999877929688
518.2999877929688
525.2999877929688
525.0999755859375
523.0
520.2999877929688
515.2000122070312
508.20001220703125
501.8999938964844
502.79998779296875
507.79998779296875
512.2999877929688
512.0999755859375
514.5
513.5
518.0
517.0999755859375
510.6000061035156
509.6000061035156
524.9000244140625
528.7999877929688
525.7999877929688
530.2999877929688
533.2999877929688
541.0999755859375
542.0999755859375
533.0999755859375
529.7000122070312
536.2999877929688
540.2000122070312
541.5999755859375
538.4000244140625
544.0
543.5999755859375
545.2000122070312
539.2999877929688
536.2999877929688
529.7000122070312
537.2999877929688
543.0
550.0
546.7000122070312
533.0
535.4000244140625
542.0
554.2999877929688
564.5999755859375
566.9000244140625
567.5
561.9000244140625
569.2000122070312
570.7999877929688
563.7999877929688
563.2000122070312
557.5
556.0999755859375
556.7999877929688
558.7000122070312
559.7999877929688
573.5
573.5
573.7999877929688
580.4000244140625
577.2999877929688
587.5999755859375
592.5
591.9000244140625
596.7999877929688
614.0
616.7000122070312
630.5
632.7999877929688
622.5999755859375
627.7999877929688
637.7000122070312
634.0
629.5999755859375
633.9000244140625
635.2999877929688
639.9000244140625
637.7000122070312
635.2999877929688
632.5999755859375
631.7999877929688
629.9000244140625
631.4000244140625
632.0999755859375
618.4000244140625
619.2999877929688
618.5
628.0999755859375
632.5
630.7000122070312
621.5
628.9000244140625
634.4000244140625
637.5
642.5999755859375
644.2999877929688
652.7000122070312
656.2999877929688
660.5
660.4000244140625
661.9000244140625
662.9000244140625
656.2999877929688
657.2999877929688
664.5
667.5
665.5999755859375
671.9000244140625
676.2000122070312
680.7000122070312
683.5
688.2000122070312
698.9000244140625
684.4000244140625
684.2000122070312
682.5999755859375
677.7999877929688
677.2999877929688
673.2000122070312
677.5
677.2999877929688
671.0
666.0999755859375
666.0999755859375
662.2000122070312
666.0
657.2000122070312
663.9000244140625
668.0
670.7000122070312
671.5999755859375
677.0
669.5
649.0
651.0
659.9000244140625
664.5
674.4000244140625
676.9000244140625
688.2999877929688
688.2999877929688
692.0
682.7000122070312
687.2999877929688
700.7000122070312
702.7999877929688
701.2999877929688
702.2999877929688
700.2999877929688
705.5
706.7000122070312
712.0999755859375
716.5999755859375
706.4000244140625
694.7000122070312
691.4000244140625
640.0
624.4000244140625
641.7999877929688
647.2000122070312
628.2000122070312
623.5
624.2999877929688
629.7999877929688
629.0
651.0
653.0999755859375
646.5999755859375
650.5
658.7999877929688
654.7999877929688
661.0999755859375
674.5
669.0
655.5
645.2000122070312
634.5999755859375
645.2000122070312
623.0
636.0
649.0999755859375
656.4000244140625
648.5
651.4000244140625
636.5
632.7999877929688
634.2999877929688
631.5
632.0
634.0
627.5999755859375
641.0
640.7000122070312
634.0999755859375
635.5
658.5
668.5999755859375
674.0
659.2999877929688
654.4000244140625
659.0999755859375
660.9000244140625
676.7000122070312
669.4000244140625
667.5999755859375
667.5
672.4000244140625
677.2000122070312
685.2999877929688
689.7999877929688
688.5999755859375
693.2999877929688
711.4000244140625
718.7000122070312
712.2999877929688
704.4000244140625
706.0
726.5999755859375
724.2999877929688
731.7000122070312
730.5999755859375
735.9000244140625
741.5999755859375
735.4000244140625
729.2000122070312
729.2999877929688
738.5
713.0
714.2000122070312
692.2999877929688
700.9000244140625
696.0
700.4000244140625
691.4000244140625
725.0
725.7000122070312
721.5999755859375
714.2000122070312
718.0999755859375
716.0
715.0999755859375
725.0
715.9000244140625
700.5999755859375
711.5999755859375
715.7000122070312
722.9000244140625
724.5999755859375
726.4000244140625
730.7999877929688
733.7000122070312
735.2999877929688
731.0
737.5
744.9000244140625
758.5
746.2000122070312
729.4000244140625
725.2999877929688
721.0999755859375
718.2999877929688
704.7999877929688
685.0999755859375
687.2999877929688
689.0
704.7000122070312
707.5999755859375
701.5
699.7999877929688
679.0
687.9000244140625
694.0
733.9000244140625
731.0999755859375
733.5999755859375
738.5
733.0999755859375
713.2999877929688
719.0999755859375
723.5
720.7000122070312
717.7000122070312
703.4000244140625
674.5
694.0
701.5999755859375
697.9000244140625
694.5999755859375
696.5
677.7999877929688
684.7999877929688
649.5
666.5999755859375
664.7999877929688
661.0999755859375
646.0
641.2000122070312
609.5
585.7999877929688
582.9000244140625
602.5999755859375
603.5
627.7999877929688
604.5
593.4000244140625
642.7000122070312
638.2000122070312
641.5999755859375
642.0
646.4000244140625
646.4000244140625
639.2000122070312
640.2000122070312
646.5999755859375
675.2000122070312
669.5999755859375
668.2999877929688
653.9000244140625
664.5
667.5
660.5
645.7000122070312
636.0
627.7999877929688
639.4000244140625
643.4000244140625
642.4000244140625
639.9000244140625
643.9000244140625
658.5999755859375
650.0
630.0
622.9000244140625
622.0
628.5
632.0
618.5999755859375
619.0
607.0
610.7000122070312
571.2999877929688
564.0999755859375
560.2000122070312
573.0
567.7000122070312
581.2999877929688
581.2999877929688
594.4000244140625
596.0
572.0
569.7000122070312
565.0
559.2999877929688
557.0
574.2000122070312
594.2999877929688
616.5999755859375
608.7000122070312
612.5999755859375
611.2999877929688
616.5
620.9000244140625
612.5999755859375
614.0
601.7999877929688
584.2999877929688
565.0
555.7999877929688
555.0
548.4000244140625
553.7000122070312
550.9000244140625
562.4000244140625
555.4000244140625
569.7999877929688
589.7999877929688
602.9000244140625
596.7999877929688
592.5999755859375
582.0999755859375
588.0
590.5
591.5999755859375
600.7999877929688
616.0999755859375
615.0
606.2999877929688
612.5999755859375
614.2999877929688
610.0999755859375
608.7999877929688
618.9000244140625
630.9000244140625
635.9000244140625
637.9000244140625
641.0
643.0999755859375
637.4000244140625
637.7000122070312
663.2999877929688
680.0999755859375
688.2999877929688
682.2999877929688
685.5999755859375
694.2999877929688
698.7999877929688
694.9000244140625
691.0999755859375
692.4000244140625
698.0999755859375
697.5999755859375
699.5
699.7000122070312
707.7000122070312
708.4000244140625
708.0999755859375
693.5999755859375
686.0
688.4000244140625
693.0
691.2000122070312
662.9000244140625
675.5
666.5
638.0
646.5999755859375
635.9000244140625
642.2000122070312
644.2000122070312
645.7999877929688
654.4000244140625
662.0
668.9000244140625
656.7999877929688
658.4000244140625
641.7999877929688
645.5
651.4000244140625
643.5999755859375
641.2999877929688
629.2999877929688
621.2999877929688
624.7000122070312
614.2000122070312
612.5999755859375
613.5
610.5
647.5
652.5
643.0
635.5999755859375
617.2999877929688
613.7000122070312
630.2999877929688
624.0
641.5
641.7999877929688
646.9000244140625
641.0
636.5
636.9000244140625
644.5999755859375
658.5
663.5999755859375
663.4000244140625
651.0999755859375
649.5
663.7999877929688
660.7000122070312
632.7999877929688
671.7999877929688
665.5
659.7999877929688
661.0999755859375
687.7000122070312
712.5
706.5999755859375
710.7999877929688
707.7000122070312
703.5
706.0
702.7000122070312
698.5
703.0
704.0
702.5
701.2000122070312
706.9000244140625
737.2999877929688
737.9000244140625
722.5
718.5
715.2999877929688
717.5
721.7000122070312
726.7999877929688
719.2999877929688
739.4000244140625
729.5
720.0
698.5999755859375
702.0
683.5999755859375
691.7000122070312
695.7999877929688
683.2000122070312
692.7000122070312
694.7000122070312
699.0
696.5999755859375
695.0
711.2999877929688
738.0
734.7000122070312
748.7999877929688
761.5999755859375
758.4000244140625
775.2999877929688
787.9000244140625
787.5999755859375
793.7999877929688
803.2999877929688
805.7999877929688
799.5999755859375
789.7999877929688
791.0999755859375
795.2999877929688
799.7000122070312
804.2000122070312
808.2000122070312
799.7000122070312
802.5999755859375
802.0999755859375
812.7999877929688
830.5
825.7000122070312
814.0
818.0999755859375
813.7999877929688
808.0
812.9000244140625
817.5999755859375
830.0
829.2000122070312
823.5999755859375
820.5
812.2999877929688
812.0999755859375
814.2999877929688
812.7000122070312
800.2000122070312
795.7999877929688
810.5
805.9000244140625
817.0999755859375
830.7000122070312
826.4000244140625
818.2999877929688
811.0
807.2999877929688
805.7999877929688
804.5
800.4000244140625
809.2999877929688
808.0
810.5
815.5999755859375
816.7999877929688
821.0
820.5999755859375
821.7999877929688
831.0
830.0
835.2000122070312
848.2000122070312
845.2000122070312
852.0
855.2000122070312
842.7999877929688
848.0
846.7999877929688
884.5
894.9000244140625
894.7000122070312
887.0999755859375
889.5
897.0
901.0999755859375
904.5999755859375
893.9000244140625
883.7999877929688
890.4000244140625
881.2999877929688
877.5999755859375
886.5
879.5999755859375
880.5999755859375
887.2000122070312
886.5999755859375
880.7000122070312
890.2999877929688
902.9000244140625
