0.0
-0.24250731726317554
-0.47377675272043684
-0.5858815688864161
-0.37038633964787826
-0.33653400624563024
-0.021870166213661113
0.2449481266243526
0.3874603354960427
0.6096323886256061
0.6644802839510421
0.664308340247094
0.7749267693775701
0.8580761285192451
0.8889770707027889
1.1100356078691411
1.3595810165128948
1.4608311495662776
1.438157902239734
1.2974325831854658
1.0424622851662866
0.7906930933668881
0.6416706403253594
1.2366739066850303
1.3386522700301295
1.2540416476048604
0.9583313820601083
1.0382112603820692
1.0182904304330114
1.074937534816808
0.9667499685498875
0.7012786946567271
0.4899427661869975
0.35440758149841045
0.3301165279865952
0.25800904798578905
0.16231417461013464
0.03733622268342973
-0.07081061387695442
-0.1657694575366211
-0.14499794949754996
-0.12264614213214564
-0.3044133203152386
-0.2816155980128583
-0.13753692420274
-0.014025407111368793
-0.05662754423489691
-0.22970288935358418
-0.04099956990788378
-0.02781732880680643
-0.02635933285255554
0.14642343451994932
0.06939188965344822
-0.15714738575256693
-0.4970703082885741
-0.672127991696553
-1.0969030975101743
-1.2258506160407556
-1.4661495377805265
-1.6581951660556822
-1.732759929554247
-1.57585994501403
-1.444441908934618
-1.3645002979299168
-1.2477049661237816
-0.999408356699488
-0.682618636766436
-0.25179534106890844
0.1200006066590995
0.34250124863052234
0.1749926213280526
0.23409403791459393
0.10612899706007317
-0.22515581735699075
-0.4649716285446508
-0.662542889024216
-0.9717409018084195
-1.2239911017998246
-1.2139359350246077
-1.0468063828081537
-1.1322149939587323
-1.3241806297722112
-1.317772361840761
-1.053534204604723
-1.1337307456092782
-1.1390348627519138
-0.9636982862827157
-0.4747262111996591
-0.2827844273879976
-0.2864338320572779
-0.3512042963184121
-0.07037253748340877
0.12214318885108844
0.34466025118061183
0.8543296122258641
1.1483640039960703
1.2604936980656407
1.3264381357827542
1.2739922284210954
1.1216604854871108
1.151467465788743
1.0264046216559692
0.6106538417408831
0.3809150813198803
0.3331855577482967
0.3087421693815052
0.1367365188954197
-0.18606089647646384
-0.38819185085966545
-0.8254899958426869
-0.6514769222237529
-0.25829708040506794
-0.20087500879455703
-0.314970635973625
-0.3416093572957169
-0.41017431540611277
-0.3856166782244283
-0.34458114787625355
0.2159579370489167
0.7084746996209479
1.0128600210891117
1.1523445778500339
1.1944894823448435
0.6665328352488881
-0.11920627289334718
-0.3262527980855424
-0.6216667690013606
-0.8598382543877015
-1.2487114221960764
-1.7662465267154026
-1.9056896354922372
-1.6273832700308843
-1.0151556396686554
-0.35743035211981433
0.13241235768680815
0.36979618962694016
0.5632921224501966
0.9635501585619213
1.313871280404526
1.420081903647246
1.3612923535600108
1.234162985995687
1.0138065392505997
0.4921773931648923
0.4429257797174142
0.5860238562013942
0.611102881889861
0.7190455276635799
0.7663293473209007
0.7394602162423858
0.9562061884101984
1.008969915209291
0.8485874096308854
0.7365819378095733
0.0017688141320362227
-1.0561742392987403
-1.3940539491643897
-1.601145304955448
-1.6160301271566337
-1.6399975547673078
-1.8816421788527484
-2.3225396524967135
-2.6237936789190583
-3.074210267006459
-2.6525723446968827
-2.3353903176808135
-1.6482609282840786
-1.1125156143906825
-0.8312213962625106
-0.8594711691490291
-0.606046987578404
-0.18478756102457083
-0.13948118616333982
-0.022355970852313334
0.16879389481885276
0.44379911785476267
0.5995824365643871
0.6328157989092213
0.6275348255606001
0.7660767908953279
1.2059272643581735
1.4514465257020053
1.2398947896317578
1.161748438514174
0.7698063005001421
0.5158729676693887
0.12125949322439222
0.3385380770737405
0.21880156547697838
0.046771591318859995
0.37737133422935054
0.4240787993514792
0.41068621253652005
0.8635502305059632
1.2861940486446533
1.6041826613814638
1.8107229975566772
2.063280955199943
2.1576233067375252
1.760029956688463
1.2783392827831848
0.9673007143096175
0.592253225614344
0.3230322576106355
0.07927362475063582
-0.11359256196029044
0.2048681600458946
0.7245498312912133
0.8947352809316156
0.8891479883143023
0.7620828592829381
0.7010103603193527
0.6318502144845817
0.41621554558211793
0.34568264463604104
0.44239621518101924
0.4942686947227446
0.16319271671441937
-0.1803258495550044
-0.3504901154140052
-0.24911715690677827
-0.5215553408242166
-0.9872940409679778
-1.4007439032057363
-1.2779213525458886
-1.272413313496077
-1.2995353505059397
-1.2757158855655848
-1.231072627049488
-1.5941078249159113
-1.5518271438748361
-1.378626067098859
-1.4005299866026082
-1.1606657284308555
-1.0315028256924836
-0.8229823396693736
-1.1034641075147138
-1.1435378744407354
-0.9548315527784754
-1.0229245897149917
-1.0992926664833265
-1.1232851747467443
-1.2510304359380626
-1.4151124496367742
-1.0476927155858173
-0.686290225946578
-0.3747581039421215
-0.3748035566459924
-0.46717548324987135
-0.39452813732883385
-0.1224423929379892
0.06602026688990037
0.09312202609795062
0.374831269052998
0.5292764987280587
0.12559326325081788
-0.08373394308315696
-0.3515314224583532
-0.47201994523091084
-0.5661769291155556
-0.5674046721911044
-0.22823027205739788
-0.07267320776240549
0.020433732143090744
0.14286067556875093
0.2099136301410418
0.4871542783465399
0.3316604665261167
0.5441278559498302
0.936557140828818
1.2148603311354411
1.420227886762678
1.5786424181023824
1.4659803535161409
1.626319860667772
1.629762249077437
1.3969520660113686
1.6058248365342158
1.7259293191445448
1.706774843480733
1.5400140668934708
1.097706478887114
0.7841734185311184
0.17671520357944814
-0.0027882538136281276
0.22299359045135136
0.20863372245262224
0.570529683793874
0.6342525581167893
0.6849889494893808
0.7393191670445622
0.4850447802151443
0.059139234440257704
-0.11072462356981538
-0.04713291406529252
0.015969295514601134
0.09456489679365032
0.14024579798996872
0.06047343435055197
-0.0332590776731565
-0.025454340912795193
-0.027748095421765484
0.0021021113282855275
-0.073914307724805
0.06228267049436975
0.2572015014251523
0.11436138154585507
-0.05107248521607621
-0.3878052690615914
-0.5517151349719289
-0.7569981809688788
-0.975726506247725
-0.9849757643221897
-1.13780403429661
-0.9520141585834175
-0.555173386611279
-0.5369835148062116
-0.609073519088783
-0.598565412041809
-0.8066971071334603
-0.8455580918924179
-0.8828499272816914
-0.8226547654862613
-0.7090183578386686
-0.4481649308324074
0.14757901795926331
0.45579047262349703
0.5633952600189949
0.5989663218939215
0.6723114427755003
0.7543831457704001
0.6157320298838009
0.3477911741594989
0.10141254384781366
-0.1379123599850694
-0.30252047970087975
-0.24824379414127862
-0.47386766989653006
-0.45039741515525583
-0.570946413082053
-0.6784167127030271
-0.6556375283643443
-0.6434557005459789
-0.47435287884306443
-0.12214310363883718
-0.037111929711104885
-0.07924287230712457
-0.051906560299805005
-0.039780709711538575
-0.08878779631594602
-0.04889520233433986
-0.17543352366888332
-0.10569267896159773
-0.15885020812784933
-0.024236588662407854
-0.0022949026107910164
0.04360770522913082
0.16264945918191764
0.2634858548059784
0.23853607652866926
0.2439990579223561
0.3059736277469858
0.3324126656957951
0.34081726283337455
0.6015437628347106
0.622476980262276
0.4937864131069194
0.19716320976050528
-0.13537140916860035
-0.5492550564543661
-0.6401821934270593
-0.7585849785474528
-0.7905476074294304
-0.3500390544600114
-0.08879392327310076
0.06255426185293844
0.28372549601087993
-0.18472113443105576
-0.6966676562314074
-0.7607304913443915
-0.6761839579413405
-0.5556282641208836
-0.4239382215309657
-0.2529155657171076
-0.2634630079859144
-0.36751715017363296
-0.34200641295120127
-0.2167002124859616
0.09271729792712824
0.4436642302219109
0.6321161613609307
0.8477983572415306
0.8918106589715884
0.9100380180424696
0.8229199699192684
0.9149710758967553
0.9560589535201048
0.9257712108916782
1.0001952516311658
0.9489986955295738
1.5534895649858007
1.7774847508263103
1.8205881186291146
1.7088040249126695
1.3168338323043853
1.0061110548583674
0.7379714821931671
0.7354484980338212
0.5819686014461145
0.5320440737524961
0.41122197377716896
0.48748424644908983
0.6343040420980661
0.6694238873911562
0.5258668192287996
0.3053641928787698
0.2038488144289543
0.073280469045371
-0.10392100939196869
-0.19552545131341592
-0.2505672288360081
-0.41325324585006085
-0.5063040753291972
-0.5943482668123239
-0.6956209045145032
-0.9450713578014343
-1.0200856303602075
-0.807202806841139
-0.7007978052366575
-0.5725762878656355
-0.4616238437194786
-0.5353759160634803
-0.6910939853307987
-0.7799578045208053
-0.8843002689138646
-1.1312587840824473
-1.2191468786986772
-1.2797188736983434
-1.1000970031688784
-0.8661803163343578
-0.662766193364024
-0.2419248175142592
0.009697534207896874
0.043126544145180135
0.07196298003089985
0.12496198784850476
0.04645374862272761
0.06821862225358732
0.0940998240261181
0.4017881577002425
0.5531642398504037
0.5399351655334275
0.5282963923374657
0.5968334720088698
1.0552850869181514
1.2977292705143477
1.2870084170671663
1.443898828287703
1.3624767100504431
1.279629632505622
1.2068881240617007
1.122397584560606
0.9239231350569672
0.7771772932983709
0.5443300325087694
0.4120723876239607
0.27227435760334684
0.1344580356637346
-0.14516901348073885
-0.37105654372749086
-0.6782084279745275
-0.8559137877345302
-1.027371426369002
-0.9442671950901294
-0.745294866365835
-0.6387825472175988
-0.7538951412834853
-0.8406211058999526
-0.8233205374323096
-0.5866855862673339
-0.6320773459773461
-0.4451752863663012
-0.33524859466368273
-0.06477744846736266
0.08488154062745634
0.10929691071291314
0.17174607053777846
0.23841452479418823
0.16009954200437226
0.2977861543700424
0.4161810857778603
0.3813128367323393
0.23538556779064201
0.24075245107901377
0.34330761767153795
0.538909952609762
0.6696704297359628
0.6684451342099269
0.6149422818461359
0.6385668072350845
0.506814167699273
0.45254211001842837
0.46141031393882503
0.41580165947849324
0.3247278125113353
0.2602457106782432
0.1864991774980993
0.0720967099882559
0.008243579810468749
-0.004642317486002412
-0.13486973306596628
-0.11133868810953595
-0.09452226959352483
-0.2421256912449845
-0.4525850089892902
-0.6616602465141925
-0.6372281232030597
-0.5045574981973582
-0.40876650194161446
-0.21254644942207612
0.11020974454858257
0.4376692555460169
0.5074068656221504
0.45546930737927394
0.45339690650455333
0.5231353676045405
0.5724087632215755
0.5060508241985424
0.324869461700692
0.31341046848316845
0.19761903019320792
-0.14706281823005263
-0.5466059174849178
-0.6552105478584909
-0.6285193945503038
-0.63824730841164
-0.5443930902925707
-0.7243375448387255
-0.866974658268231
-1.0661193090819872
-0.952770635107075
-0.8738794944713189
-0.4932600227952728
-0.21995876807219794
-0.14261908133942858
-0.035480443860361754
-0.1608973400913758
-0.16348242359188858
-0.047089690690041985
0.17617284789395304
0.27562433206894754
0.2150508293918536
0.09834404966747812
-0.018935384186394844
0.2684787653746956
0.3439536460687693
0.37438405886618975
0.3198875585622363
0.2525792103813218
0.24720212164388178
0.2675964869677512
0.2960837054542851
0.39767500550776047
0.4271736503457384
0.36748396694770413
0.3499107245440669
0.47373094213685896
0.40737818093137257
0.23714184299205776
0.1505765070463423
0.21318368180746194
0.1613060803597799
0.12298568346738037
0.05979127916426963
0.06395586113571605
0.055729290593165004
0.20915878497209084
0.1522565493261716
0.21823792317199198
0.12754109630271326
0.19518477148661129
0.32617351507823455
0.2467483412800644
0.22730389721579902
0.1885189691525806
0.1073064656513325
-0.10816701136691487
-0.38348731729362173
-0.4002143343192932
-0.4509052339173927
0.010487772277079532
0.810115254322834
1.3472090856878673
1.6470429632340267
1.749978386645294
1.7807436597171753
1.8403747190369932
1.9586400231173737
2.112566544031851
1.7558452575629762
1.3777471941087196
0.9199687577570197
0.5777376843350908
0.14905442130643642
-0.21595634374727535
-0.4448497693594584
-0.8945039023020929
-1.1314457267717009
-1.2774994294906605
-1.4166457218926336
-1.547320664706068
-1.6144458286334196
-1.4877609139379944
-1.491738220563028
-1.4846582924131493
-1.461254026575789
-1.377651131048664
-1.1682142433933103
-0.8499334644218743
-0.7111131605309149
-0.8691212781221576
-0.8327691050596115
-0.8564839903310713
-0.7902082206498107
-0.9691431442442264
-0.8211241712178992
-0.6846622325865466
-0.6727180074926651
-0.3677693036369558
-0.034717428901087644
0.13902383399646534
0.19710644210535166
0.20792114206925616
0.17849420653489245
0.08669133742213231
-0.055548077167536736
-0.3558345944166552
-1.073671200541235
-1.4738837536711293
-1.484751279560997
-1.4741830706066943
-1.2782569802885253
-1.2511167512134593
-1.341102755551856
-1.2925100511415257
-1.3289687861414612
-1.1489520107118678
-0.954943625370789
-0.5495598413209342
-0.0795516300275545
0.02678874870826853
0.32075055077282144
0.5119524778888889
0.4297213946099241
0.36770097848298944
0.3079990005431026
0.21707697541957938
0.040659504084276765
-0.24081699213646557
-0.41648406075925615
-0.28273973717674306
-0.21988978408285398
0.102055433242775
0.5022782956573737
0.7826590841463579
0.9491067479689703
0.659920945814191
0.3285523978096181
0.07032972911400881
0.05321037519745575
0.07949524813497288
0.2335346189815919
0.36012318943469235
0.30888637694595567
0.22475593892592594
0.29302282561474347
0.20048330438260265
0.20619164401639545
0.1418842408201464
0.027167783841229642
-0.017466864156795436
0.13098583584099355
0.3126082122307068
0.511169412636417
0.5619927535167198
0.36630080182584424
0.23292789602419398
0.2727124005998579
0.28111291771172114
0.6133774461827763
0.9702726624638291
1.2738231579630124
1.346432643277095
1.3408075998052462
1.2068045698562067
1.0476651394216474
0.9202063032403043
0.7629440863096404
0.6381779252233248
0.526103209908598
0.4426137090200881
0.3102088984568079
0.18209652352820793
0.2352828892267147
0.21689966112426573
0.27218941294731236
0.26164834646822266
0.17151006746475028
-0.16520916241312422
-0.281073324809328
-0.03481572830193125
0.221366563718429
0.4443087483526904
0.5826626846100287
0.5222090359789036
0.35188981660153296
0.29633297449541196
0.1522096821110135
-0.1263713166716407
-0.11057463607866413
-0.14377885243600108
0.011352106748301338
0.39443287790844295
0.8994074557438236
1.1969905215330163
1.3558298596875078
1.2886541847755808
1.1155009444942268
1.105819369410355
1.0817138156087482
0.7697605201962094
0.3558042204283147
-0.2798849425341219
-0.8068006144182371
-1.3094694150393602
-1.6048702341770884
-1.8246061988857631
-1.770641818162451
-1.7034638002849012
-1.43619075708445
-1.06700289182933
-1.1039631418935167
-0.9826028306309018
-0.8267592020220311
-0.840659136566273
-0.859388784584689
-0.9611672274053897
-1.0277018512049207
-1.1046061507262128
-0.8719458055327894
-0.7554082623636308
-0.47034320896943915
-0.3870815939927073
-0.2870081172861458
-0.2894789925386906
-0.2628979546621738
-0.19975647087519086
-0.32077063285829915
-0.3299653507926568
0.24908469280281192
0.5053994721857986
0.5001685447806139
0.5949839530254337
0.4302827559376965
0.41689976684956487
0.15349548963473347
-0.17976912318572624
-0.6474296890048815
-0.8191486164620423
-0.7051629494002425
-0.34946351754570837
-0.36427158927791137
-0.3161384310358294
-0.5303014044461446
-0.8262312508207365
-0.7635364664174147
-0.6403432850090962
-0.5065659705168636
-0.4294484959478182
-0.5791710241021812
-0.4917610761951443
-0.2687546973145214
-0.0005546729637793124
-0.037175664291481336
-0.11287619966094509
0.6080208703278007
1.0838490623457304
1.260594776722038
1.3845247307256678
1.3635889390430935
1.007337354774378
0.38071469716418244
-0.43763584566421315
-0.3654227731230396
-0.7845846066020582
-1.1688810096057454
-0.902246087468692
-0.9702540929779915
-0.7285018903503861
-0.3131819233647428
0.24092235378449967
0.3737852966130062
0.43902280782214
0.5659423886466347
0.5161734307650151
0.570880616720848
0.7411478358619026
0.6605237932415722
0.5466210920464439
0.292140830456032
-0.226039182061904
-0.4127618296490998
-0.47034868469263563
-0.49076913049601467
-0.1953338164810095
0.024569059582734948
0.21745580254206812
0.11795839999266955
0.012454744211353591
0.23096914517146822
0.36617335249362426
0.3359393775413244
0.6527459208114936
0.8849860921118956
0.766042788475813
0.2368286811754713
-0.056462605670432375
-0.1544706775146435
-0.29689669601501
0.025994506429402486
0.5916429592377342
0.898731348058484
1.5872074891655592
1.8017458865483562
1.8027928871279721
2.5114478466333203
2.9953324781299813
3.283805850131751
3.3059393500678835
3.15244099891183
2.615304469595209
2.3066313857726346
1.5681493502546475
1.0836125007418929
0.7652196083562206
0.49571124866614724
0.15496805095938804
-0.11399609777413033
-0.14173238008583766
0.08561396105015007
0.36819370238266025
0.3538419690808077
0.28415063595107526
0.09343681954839766
-0.06443232045858593
-0.21243695825182307
-0.35239609101931535
-0.4185467740286075
-0.440396225656988
-0.2695931760019157
0.32313551990529454
0.7049791329382522
0.8564384227346551
1.0003873346786456
0.7851858196993895
0.20120539308340568
-0.18490348089675912
-0.4486630257577371
-0.821914275526785
-1.4561426118552205
-1.7419378146441833
-2.061614865405451
-1.9120113469611333
-1.615346205828959
-1.0788315052689796
-0.9569098977273942
-1.5298267805694836
-1.592141172412691
-1.5445059947612965
-1.8513205050455115
-1.9738959207324038
-1.5329198882094839
-1.278455206595964
-1.3842538584624662
-1.8603214048003975
-2.274425161771611
-2.5174986344311554
-2.408343456601329
-2.761499011657156
-2.696765183165944
-2.3577811057747056
-2.229442149573356
-1.6827535149138928
-1.4698432627117723
-0.9889371844297745
-0.6725265291684774
-0.4774624678118111
-0.02297845241666252
0.4586516221441035
0.9565297925112768
0.7853712833090873
0.8753334584193095
1.329657399227452
1.372859303866183
1.5295079687201147
1.7487551293049395
1.5897101936899278
1.463114195920789
1.1048875466653336
1.335690528679739
1.7546142265769653
1.8825845161135049
1.5427745180831447
1.074037904107941
0.7189250545301333
0.41371541816383894
-0.09085759380802205
-0.3523071300332372
-0.33518012657586826
0.0031992202727639807
-0.05236146243612305
0.1268282800092959
-0.26171380235242303
-0.38524707908801914
-0.2970350557725523
-0.8107634797986167
-0.6806342344990925
-0.6340403454297168
-0.4333948143466553
-0.3212216498658331
-0.15477840845223878
-0.09989978034706826
-0.07930583925603596
0.13587997731493795
0.6146041211796005
0.9512153339311373
1.1374580945234292
0.6714549779026164
0.3364585196731267
-0.5856692307058691
-1.8165548688165312
-2.543694236117977
-2.6495269480233263
-2.536230682931913
-2.3814717631347984
-1.7152069259330693
-1.2284157604116175
-0.7045272808251379
-0.5884868178317602
-0.4679744797394809
-0.20951241250644337
0.3520863641927563
1.3350957568996353
1.8894865914593892
2.036558308365467
2.161679165416691
2.2392171832010415
1.974630943667074
1.8464002556073362
1.241363563716073
0.9375287330232553
-0.2613905491845925
-1.1250665993093398
-1.89670542168116
-2.0425779129642465
-3.331510160897686
-4.173634691515934
-4.433164132067491
-4.469749584865452
-3.9811609566658817
-3.4288306403048123
-3.0587125894552303
-2.4578531248103364
-1.888237413251984
-1.6956138335416062
-1.3115533354555442
-0.5566127092106523
-0.1691148160622653
0.12769341707955562
0.25608241539261023
0.964015567441777
1.4949204523835302
2.410125038155847
2.8362658536973813
2.7132760326230123
2.7537161980547795
2.3457447538824256
1.6887121263960339
1.0625206492031514
1.0476587625745886
0.9133886278244434
0.6390327616544011
0.3887181233250514
-0.07999039462590396
-0.6863578520412896
-0.5670818033038412
-0.5691135390228776
-0.5117575285688627
-0.5338916906723155
-0.6385715062993387
-0.4849125127030183
-0.32944263285952413
-0.429126319359602
0.3800320442051728
0.6880876059677634
0.731352335094503
0.014403001361168677
-0.29908899633834807
-0.8435553496975619
-0.7205611134943144
-0.24145627510547563
0.2065426708497986
0.2664734796091688
0.21024905847761577
0.32300423201600204
0.4392990415905489
0.37840828522417214
0.569359011098121
0.1633760681591352
0.06147872783002173
0.3851218358562507
0.9480695156789447
0.968822991394239
0.34330966582779654
0.43921031819267586
0.4739007233957504
0.9970129182069454
1.4870485434250074
1.5826596588696047
1.5213504385907093
0.9944824640097358
0.564924433745751
0.15696139642216678
-0.2515369039954025
-0.04807082101317639
0.3369541989341942
0.5595545533720272
0.6929325337494586
0.7777708470065838
1.0014639511240528
0.9344181842304928
0.9130817224573873
1.9883782311832952
2.6881842035182824
3.285326656594628
3.3357988916010477
3.7098457047050175
3.5183558116311477
2.869116936076143
2.269980802214164
2.0220437000117375
2.114300884662942
1.985742989317659
1.4880617036658812
1.2380146166091812
0.9971119881336143
0.8520689028526274
0.5940814032900938
0.3412902961133586
0.2605821527650285
0.31370578399331883
0.332341735456831
0.12340977272936726
-0.12494967543552171
-0.06562899029454883
-0.02063776818658347
-0.012466128473848315
-0.2256073950677795
-0.48600380173599866
-0.7229697160210957
-0.8769345088283771
-0.8666973550870534
-0.7712493399790539
-0.42142121395325205
-0.06354811033357954
-0.003237414079030998
0.16097436541926413
0.046293397545264625
-0.12879897511814242
-0.5843605115039949
-0.6416711710101648
-0.39065562222504546
-0.27774181754821736
-0.18647378933030634
0.05279204406215321
0.47107554789619854
0.7169102593356964
0.7284554516163144
0.5940771010146939
0.5621899013351506
0.17692748568232908
-0.4515138699409249
-0.7421041938807313
0.009663807780489364
0.27447421901919533
0.35358109600585763
0.5219353633626973
0.8127970840034511
0.9655070271027633
0.7246704194290405
0.5704182637157214
0.16132340443531135
-0.2779333769535892
-0.6932905139614078
-0.76398995279696
-0.7248961186169574
-0.4833676304928112
-1.06463514252005
-2.045755540973099
-2.334334253883056
-2.953351495613912
-3.1372242588618606
-3.765468796722778
-3.33203317149493
-2.7396788651593984
-1.9959433419100896
-1.4725629699663711
-1.7782724988559118
-1.5688582613000899
-1.296057072694484
-1.2150426556699838
-0.9493900458649771
-0.6021084625294552
-0.10562320406681724
-0.07428369598377532
0.16500500882168978
0.1068993851290847
0.18109137266735775
0.3147584093207946
0.8481204806351279
1.1841059780639482
1.7493997060770718
2.070613215855088
2.2332365525331266
2.0148086921843955
1.6441775438713817
1.212974527479186
1.1178332531517947
1.6314389575618016
1.6471788859961771
1.7802461593190682
1.6120573291701064
1.5569432361225548
1.4124986213811592
0.9260444826661773
0.5581315462610901
0.6143831316360169
0.5715762538424647
0.6335470876623264
0.7309712897478482
0.7704538832494041
0.6485389166641324
0.6058764418921072
0.4733437766463684
0.16271562454878286
0.0180262619391911
-0.09169408781478516
-0.4830518853886918
-0.4421946974901765
-0.6325345831541398
-0.7808680819656164
-0.9379902915640024
-0.8956015761682439
-0.9836147627770497
-1.242232177298046
-1.6647824899755594
-1.2962169882097978
-1.4883909810897578
-1.8526328880707696
-1.979128519099718
-1.754012507024834
-2.8798510440311205
-4.432670437805069
-4.735283673671516
-4.227637702629679
-3.012131342158444
-2.335161523808111
-2.274791994860118
-1.9096436033737243
-2.2872289128658174
-2.5341697435910557
-2.3486535308612853
-1.5358842202631537
-0.9785288497512372
0.3202970165040755
0.6493479888277349
0.504995457830768
0.3064651288595961
0.603799568198653
0.5408384397025543
0.860386681829914
1.1169827618463204
1.2830256899861103
0.8860962425058854
1.4378301537777358
2.236069755640901
2.8610755232306273
3.054229439179019
2.650102320146136
2.5759878495305797
2.4865631475410304
2.434423999689963
1.3051767412616821
0.5143061889162306
-0.19011618157306254
-0.4775256811347979
-0.4778305259502229
-0.702319289613091
-0.5944693273881776
-1.0771414460683293
-1.356545572411748
-1.5195233715387197
-1.2624778026064365
-1.5217691049440842
-2.4418186596710596
-2.707522304169233
-2.5429930462566532
-2.022288647861761
-1.7445591467598014
-1.0744899860277228
0.6958780574145456
1.8808736784947762
2.6134164179608974
3.030777162959355
2.988867362366649
2.5938528693907767
2.225248676506445
1.8395876967896063
1.6188022588746427
1.273117788490144
1.1004928700279866
1.3523973701957246
1.2956945421742203
1.0455819255493815
1.0710700589785773
0.8730418973497192
1.098523630822874
1.6708557748997173
2.075779070719758
2.129644155845651
2.2844576957615086
2.1414144018460926
1.8940701439526606
1.5836191323160165
1.1377901367507093
0.8480564539729585
0.659843455331746
0.22453585532527498
-0.3943914247581546
-0.8366031149870992
-1.3790907769463505
-1.6050411019869175
-1.2182286549920418
-0.7775552949890736
-0.4393245414889666
-0.3862474902841164
-0.3574491980853489
-1.0657021388262269
-1.8836596623335495
-2.011641352105136
-2.021334134553677
-1.635874313129074
-1.4818965099711434
-1.5000379521337948
-1.2866458258614104
-1.2044217532770385
-0.7592547773823015
-0.08905969908374134
-0.13919258712098248
-0.3028231098890459
-0.324108418099319
0.18283140282726018
0.6779629535125298
0.9467414365203322
1.0382521067594253
1.2348530424488522
1.069387079985669
0.8491475653016849
0.9456099328239418
0.9142765800340156
0.553511623493832
0.3102416049385388
0.27710392614940105
0.5618514660848799
0.6116289264064143
0.7622088012903561
1.039728726732812
1.1373880679896677
1.114600530476996
1.4425525096995928
0.9200621681602321
0.17700334223952918
-0.4551570799154785
-1.621808880246964
-2.047106862468926
-3.234792797228013
-3.1522917449738106
-3.2535938611064483
-3.7317913424119267
-4.087175652461909
-4.015357342399749
-2.8790510873954736
-1.7316272249051214
-0.7195924232743747
-0.3001232612105442
-0.037245747088979986
0.06273616823425066
0.9199626381168727
1.2156055788056972
0.920822316519153
0.6554197735687948
0.10176513038815055
0.4013574606712881
-0.02212382878193797
-0.6244830900742572
-2.1706901208281635
-3.3768964331177767
-3.6098369861166573
-4.526959003248756
-4.767908503315818
-4.290323099228585
-3.6329018946908356
-2.467749111320816
-2.2204434737502217
-2.7828799558290136
-4.337136033243823
-5.199575663483834
-5.663871196111602
-7.372993406141234
-7.072417322941419
-7.471039619815063
-6.29482593895116
-6.536908969535052
-5.706689136921401
-3.6573363616997128
-1.9416953753162893
1.224683802876676
4.914599775929421
7.186829418107553
7.015041495223755
7.244465957372018
6.426853036490039
4.837598199524367
3.762336731492841
2.993208594510774
3.4067226434816114
3.89706566925107
4.014880729560781
4.234870896171783
4.523246688078222
3.8973204541291855
3.411486719370009
3.9501289049551174
4.279977880104328
3.6286637309865704
3.2753151342768634
2.5932859108095707
1.543637469935391
1.4574142620752357
1.7177828397471697
1.9704169009408108
1.5527216927343195
0.31522557700303344
-0.23280510076566574
-0.9608016054656949
-0.7880251898068803
-0.2142750227551855
-0.060159522100488916
-0.09404064265786283
-0.8659881311013835
-1.563511953017844
-1.9636620396517683
-0.8405197059140526
0.39228495312487055
1.4240867758103257
1.880091133432906
1.7778888179049606
2.041879381264512
2.312680618279879
2.8873740049884713
3.9030113569942255
3.55340147138363
3.3602454270444637
3.404828034639527
3.7446753455445947
3.483806864586735
3.9753494396420326
3.4773354126216205
2.8463259167562054
2.4074390924566202
0.42170523327499154
-0.6850165339599936
-1.9310686784989777
-2.3619112094648056
-2.445278440951391
-2.568946321269795
-2.411974201501031
-2.3307222267595478
-1.4726298736095265
-1.5126162632278746
-1.3569096450597993
-0.9974619318105615
-0.6577100522271389
-0.39766779233470473
-0.1939293015631538
0.5482120076862129
0.6048683798629861
1.0220561814866471
1.0889965492128102
0.8346909469590527
0.645735887503152
0.41682856857289785
0.6780887653417276
0.5070043982992045
0.7811242520976878
0.5970005084915018
0.5168559245620354
0.5336235360094159
0.26442556459636535
-0.3683380658465927
-0.8407783731484688
-1.4477015330852865
-1.669841085181253
-2.825553939070783
-3.3219513892402883
-4.3543009769264405
-5.262864830182265
-5.226925573409618
-4.9846291870169255
-4.2888622733446855
-3.7535737515460212
-3.2043580482467915
-2.824254527310781
-1.6957132883427866
-0.3224792775067602
0.5904210792939568
0.8369292589114226
1.0880791690704408
1.109511165160928
1.165190801015652
0.917671403291545
0.8707124210821422
1.3264617865372625
1.7895853168288771
2.378948150156646
2.5037666489462485
2.1560515563497304
1.5956731574248408
1.4031849398483927
1.8725606961626724
2.1280209211426095
1.803584019017503
1.8624768041488293
1.4937897299688094
1.1314871797059016
0.8310829750779147
1.3459488469984269
1.7929201006880948
2.1762010796186146
2.3924013518774068
1.957406501283307
1.1325969869350194
-0.6712705200811868
-2.1120160034095594
-2.3800931532234655
-2.36274891517464
-2.3726276756640052
-1.9277775056010107
-1.3221348457677409
-1.576186173476906
-1.0215661723489977
-0.7749828750707142
-0.2890974347135127
-0.0768925045661728
0.010259464698755494
-0.18339457266135373
-0.015988937957886584
0.4742833696823814
0.6391713302314646
0.3953710900373961
-0.38946141081458263
1.0047539514554105
1.7812274823433971
2.0108795293937307
1.8620241078300843
1.5943617663958118
1.3519733707884747
0.6851374233348473
-0.0005493879163882553
-1.5427903967583312
-2.3664853083670074
-2.892261551228174
-2.8876379765600295
-2.547421040349628
-1.3994333699110673
0.3318789597938787
1.3034462797174076
3.9530097217391598
5.706745523628452
7.320549086193566
6.961660035324929
6.099983079601715
5.63409357041669
4.799254993499625
4.6243378432582585
4.30965390064433
4.003384859406111
3.457242117114241
2.9346631406739725
2.256106247257442
1.6506120602512553
1.035928905269195
-0.4066183031201547
-0.5716203691598167
-0.7396045844092107
-0.9595937940617567
-1.5749832474667755
-1.9428645175310066
-2.1765724716959554
-2.130282305079284
-1.9411649396370265
-1.8977597694926835
-1.343746574862795
-1.1849057172436037
-1.2921415969071717
-1.551200530759104
-1.9680754962746967
-2.8404316116756867
-3.2153610858004917
-3.143037541963608
-3.0071838917419775
-2.3722924831223207
-1.3727169180484218
-0.7362852345783821
-0.5186919703314015
-0.35686518764408603
-0.690763522124108
-1.1886634315105944
-0.6820263338500503
0.23777782939582348
0.5445419808868657
0.213612294249085
-0.31507773744463385
-0.9648119196416101
-2.289141623377297
-2.701256849861778
-3.4264450561753854
-2.690638256584717
-2.1404956074269403
-1.4754137598470596
-1.6313306340184583
-1.2880039479500205
-1.138219991368945
-0.33642627939671277
-1.0370887704072924
-0.847089391026917
0.39090719912475924
1.0967861341171252
1.493458557866746
1.8635850991970075
1.912623784552725
2.385273411603273
2.033848913813001
1.7859652256047278
1.3438678403967863
1.3617521589653645
1.491590497525423
1.126182911072931
0.7094595876450054
0.8423955403107168
0.8833833349402296
0.5690141575764374
-0.15074012694843386
-0.7801797644323303
-1.5862724445010015
-1.3021175262072653
-0.9783371507151495
-0.4976837326087109
-0.8617396769506662
-1.7852518388744594
-1.5774221083268127
-1.0443144857184157
0.08191965422879566
1.469634886351705
2.141044474524522
2.0617565299806433
1.9772713270904667
2.2595964022213053
2.1264648075811348
1.2883456042035775
0.5662706426326096
-0.14861112794479325
-0.719063643181622
-0.975998647927403
-1.2057984879618449
-1.3591265378723758
-0.2663811282362012
0.019078670190870284
0.3579025982312416
0.8073192868780943
1.000714262085726
1.5636671202061994
1.897601635606481
2.0151081215117905
2.2223312282808845
3.2292906123087413
3.9051703459549305
4.865270402187049
4.767852606353571
3.076482989199018
2.9502163941203516
3.0453931534673444
2.5462932100475086
1.7971828680371331
1.5136675965283928
1.124956073036607
0.8157578023583305
-0.19506566046358387
-0.705157380664069
-1.9005120325012008
-1.8884730199588518
-2.3540502835955657
-2.2851115887395963
-2.677278987996125
-3.733849133493443
-4.466487124793009
-4.443347388597401
-3.5355360473410435
-3.146603489497412
-2.898277642475982
-2.929566031144118
-2.25348727465647
-1.617461153112826
-0.8319730679697601
-0.22821160321962353
0.1475510241936684
0.8007213344690687
1.5661676145180952
1.643536006976479
1.8498036506905375
2.04525579999253
1.5425519570712574
0.854840168758507
0.6723910101714701
0.5785402105575166
0.5693470781972536
0.1273873066451756
0.40708108375133634
0.7469816148504833
1.1497710469520825
1.5235694317454538
1.8880379697201146
1.5084908632154885
1.0109201262871714
0.5971732841670203
-0.5861039867266715
-1.154491994746584
-1.5411821960697516
-2.1986348382847023
-2.1949796560945742
-2.9910634213994847
-3.2634454279586507
-3.3837016457011213
-3.534991835451671
-3.8301453138617667
-3.5849957041343403
-4.652373646017962
-3.6423551817247235
-2.6257386164377743
-1.5820928527946667
-0.815119675705529
-0.8534072938722468
-1.4243773169802885
-2.6470379714865584
-2.9572179039131274
-2.1044896938901574
-1.386027474879653
0.005112176651756253
0.8387278098786562
1.0730658517912568
2.3465793105722472
2.7442739285298745
2.189397820613155
2.542132962516441
3.171425186269772
3.289280431756401
3.3217922322117186
3.1192285846369696
2.772833568632266
2.616157659849648
2.516830700839499
2.70819012483509
2.46565465391582
1.147775438866903
-0.10755743341898061
-3.2487436961475673
-7.795549800275771
-9.859327563454434
-9.617105001413215
-9.764632636749724
-9.481902083192995
-8.814213254778533
-7.792516686678365
-6.559204602617408
-5.249342619598753
-2.786719198356664
-0.9878994971874011
-0.4821410720360184
0.8406129565294655
1.9979193163210294
2.43747435779769
3.2920063728394044
4.060775196134087
3.9859505099846837
3.141089266290937
0.8679241853427051
-0.11559920434433124
-0.48148511469034627
-1.4163795500088572
-0.7666792876610105
0.20572665015557412
1.5523160581351183
1.655323223009213
1.3398422838369877
-0.13066234105183305
-0.5118920076410527
-1.0188634682551765
-0.5993355991985476
-0.8194974325171813
-0.13169363932154177
-0.1294699525721974
0.7706344477317639
0.697617009597387
0.9231149453523528
1.2069205783122703
2.645597606823485
4.299098846655783
4.988831856182914
4.23562941495543
3.2970832380672994
3.18388012198818
3.171852714751547
3.4719082444927687
2.9802835596107133
2.8219132723771523
2.4977649317955013
2.597935013143001
2.8316322410494648
3.1749901837539616
3.255517599999177
2.9235443307459796
3.1287193476538473
4.061116512827098
4.248850785390561
4.0396618444778944
3.034617595723276
2.56569391552358
3.1343801268204956
3.0656362111300197
3.295978102647762
2.896469387647752
2.4994336601107037
2.2849888750961824
1.540081203647734
0.1791404871172304
-0.3355010832195333
-0.2536627725425724
-3.0755236488324655
-4.50556291604798
-5.986323456494553
-6.03552348472984
-6.562341979507224
-6.752441485685461
-6.278561311396307
-3.4972735094861642
-2.2921352007624716
-1.4563822826251558
-1.2308779694998968
-1.1416108930940574
-1.5482468492941992
-1.1112825988697503
-0.7339222935558052
-1.4139638855560506
-1.8818830498722212
-1.8753215873255211
-0.9164936355870892
0.12514996990824878
0.44905618298048333
1.1666298809886015
1.8098759637551831
1.8964414660816091
1.9443145088638953
1.6355262701103568
1.562372791012475
2.2115434512503693
3.338199398509566
1.8320496116412812
0.0013159934157327413
-2.051764415922353
-2.8300272278037735
-3.310841390578882
-4.682898260943906
-6.269315274710122
-6.258906798875772
-6.791071911870894
-5.18848110925731
-3.500678296520641
-2.663214326419456
-4.164307576848255
-4.579617939341719
-3.490834797406139
-1.9041008784030975
0.681711523642516
2.7227698180750597
4.526170909987975
5.278035054433536
4.3812559994656155
3.2539722685812595
3.029448179988499
2.0992682680060684
2.079035976024702
1.2916764535714065
-0.6274067452453143
-2.7581306252814595
-2.414635491002303
-2.472909490066754
-2.58924073495965
-2.366199994527077
-2.9769737253743394
-3.363188809294641
-3.6062720868318703
-5.429845066454827
-4.268722973835777
-3.674764883302018
-5.207664375333467
-5.026649600301596
-5.862637503300764
-8.491416485891094
-10.197718405031683
-11.704536533409854
-8.500654404824676
-6.78131859350497
-4.682301892162144
-2.6488878786352643
-1.5548707279728653
1.9342674810724425
4.312231070817251
6.41446505791502
7.210732424667217
8.2087889222202
7.3286153466489345
6.576997476528792
5.987800135513366
6.053714060151126
8.197770066469165
8.488331006441697
7.595343150804059
6.711165341787083
6.763398749776073
6.28035455173773
4.087972413069884
1.7275421447226837
0.6515558694447866
-0.8088902883266242
-0.9768638707485149
-0.8214896530565154
-0.2974075642334797
-0.3220734710917885
0.21117450445919617
1.2507498265954171
0.9612690700923681
-0.7991912103054482
-2.385587102360725
-2.651094753230661
-2.623945072506963
-2.3003192631983946
-2.772619336025313
-3.278748991504493
-3.8422790562201214
-5.175680251195876
-6.450438281018233
-8.066404988668896
-8.121110605395213
-6.116498943031839
-4.897019209894456
-2.722699600230147
-1.4744297186334663
0.4970299563140621
1.113362469732099
0.947587488465869
0.17687801705426232
0.10085687798846266
-0.3911539405361495
-0.5875257662334832
0.7532073671226733
3.1130032795225286
5.534000892179824
6.15628833769313
6.370334405352427
6.921794875121217
7.0465520211227
7.117385432381713
6.489928479306368
5.359931045460482
3.4897186694546667
1.2073546113129106
-1.7397541639632303
-3.8665344096049266
-4.478163694763409
-5.386970145565794
-5.292552822523256
-5.040853465976676
-3.849884207946566
-2.9407220018182265
-1.221685451771723
1.3707421290869863
2.5463832292480753
3.7940400688540166
4.438428281569703
4.201315476927622
3.771926468667928
3.682658405653513
2.6158506288611085
3.468806456758794
4.4768594570443465
4.836231001217008
4.637900962423822
4.664203319296844
4.123677340413938
3.546754711132988
3.0840498484754084
2.959047601027958
3.5496804689464927
3.515964134544925
3.722844431332687
3.665529513321813
3.520234396414933
2.3685035302257322
2.1087418385991974
3.44432675771745
4.7574755990460975
6.053463235714133
5.8146820369019
5.6279004515097775
5.521732739372364
4.297590321794516
3.556669041763815
2.0963678009555125
1.5396799799307956
1.1346893594766314
0.671119120231289
0.4552546761338654
0.04754841960908607
-0.3251207691796978
-0.3364641329228526
-1.0836230226013868
-2.7034435841960693
-3.955906788941231
-4.278032690359325
-4.3796905110214865
-5.578680486205457
-6.585784118796779
-7.085728314585742
-8.06782713800797
-9.307788311552782
-8.931989373372254
-8.908501159043016
-8.276280281504945
-7.2640281030853044
-6.1266732808806825
-4.528985510054168
-2.8565966683680575
-2.1502854964134612
-1.3604793328498554
-1.5841050921191533
-1.7319868208797233
-1.6037122908005
-1.847867688288396
-1.2490725942530103
-1.9565106138778123
-3.632582776353275
-4.2050480751648145
-4.441866639747641
-3.7054866585883897
-3.2954929899667302
-2.6190368072609758
-2.1113866216134003
0.8979481793220696
2.2330971395742605
2.909686621284873
2.1932875352185732
1.2234654705041876
0.6342507327108535
1.0405582438829022
1.0388466559714669
1.551314653265102
2.6619842814270847
3.1834733679798015
2.694818494836194
2.8752325016404674
2.7250919496471733
2.8097692225441
4.160352337397122
5.132818132939844
5.00150931732122
4.26958253335665
2.9218065400249165
2.6623902621049513
1.4397925169687271
0.14654867894622914
1.6142645392611237
1.77073596452761
1.8397738705074573
1.7823801787393903
3.4507269851007916
5.505528398516155
6.093226387290899
6.291035551210383
5.639018849495287
4.718185325963519
3.8705978457652126
3.0853812121264745
2.213847297917468
1.6734658741505761
1.1290318006906173
0.46124459907156634
-0.21799388278827614
-0.5619821421922104
1.3656364890791863
1.3199029004558778
0.7131651535945842
0.09768972719477631
-0.45931189132594596
-1.0196192172120675
-1.065285760015037
-1.0962716236189252
-1.4585460145006515
-1.0744139588646693
-0.8655491595968119
-2.466686743711719
-3.9640205563565036
-5.225802474745844
-6.127870244055906
-5.913595880145129
-6.024837058707958
-6.492850275587557
-5.447596554308075
-4.77259135730379
-3.4926155924706186
-3.5837621543514313
-2.5557760838675434
-1.2253962143011803
1.9187385360901579
3.171475215207668
5.080347284821781
6.67617892388191
7.077102890165023
7.9236147631715195
8.055241097944899
8.364468487990617
8.48170718043702
8.280825233012507
7.85944400763103
5.40226484618222
3.7958438213327987
2.7407838078140934
2.169713670563869
1.3398669490699966
1.1413198405253482
0.7144734330806877
0.063170413328411
-0.47783764517007654
-1.2840267964581287
-1.05613983796788
0.23792995986821808
-0.1336480222944303
-0.993368487178028
-2.1436278752596998
-2.3641920325725927
-3.3061207361397074
-3.092501638257879
-2.9564781921470917
-2.110054496910486
-1.585446406444948
-1.643810731688987
-2.054388428296999
-2.6531331159018094
-2.994154071026866
-3.2191354909619907
-5.343366509689705
-5.394646230253468
-5.618607367124627
-5.351896540393172
-4.21145052932966
-2.6565117324815954
-0.9746681814764138
-0.49900193710590024
-0.5989209468133136
-1.021097724465454
-1.4548765674579096
-3.0377305722305614
-2.717345064741144
-4.0609139097114095
-2.998157492868262
-3.1180939003887174
-1.949284712549663
-0.9868078047876969
0.1810445147235027
1.269205035215094
1.3987100777448855
1.6193620342810204
1.4734546055355016
1.778550941369855
2.167591688351408
3.3752532166213207
3.895432569862524
4.408056128127147
4.030246390040102
2.5242107936807514
2.113681800827486
1.4045562272739218
3.8224817416975334
5.6143146932542685
5.113723157577507
4.665061362218417
4.4915771279412695
4.744696630548262
4.800776586395056
4.483351986703482
3.076704962015981
0.9647344641394255
-0.47887075813047275
-1.9245630631501562
-3.0488851196787756
-3.089025366616468
-3.461559348747926
-3.459798389440447
-2.934847960433908
-2.8494657150216955
-3.2928522112669505
-2.5435776903890126
-2.197052451782451
