129.89999389648438
126.75
125.5
123.5
126.3499984741211
127.0999984741211
128.25
130.5500030517578
130.89999389648438
129.3000030517578
132.75
132.9499969482422
133.4499969482422
135.9499969482422
136.0500030517578
138.14999389648438
141.10000610351562
143.25
144.10000610351562
142.75
142.6999969482422
142.60000610351562
141.8000030517578
151.5
152.75
152.5
149.8000030517578
151.39999389648438
155.0
156.6999969482422
158.0500030517578
156.3000030517578
154.8000030517578
157.3000030517578
157.4499969482422
158.8000030517578
160.3000030517578
159.85000610351562
160.35000610351562
160.9499969482422
161.25
163.1999969482422
162.14999389648438
162.5
165.14999389648438
167.3000030517578
166.6999969482422
166.0
165.60000610351562
169.75
169.64999389648438
171.5500030517578
171.4499969482422
169.10000610351562
168.3000030517578
166.39999389648438
160.14999389648438
164.5500030517578
162.9499969482422
159.4499969482422
161.3000030517578
162.85000610351562
162.75
161.39999389648438
162.4499969482422
163.8000030517578
164.75
168.0
170.60000610351562
170.14999389648438
167.0500030517578
169.5500030517578
168.35000610351562
164.85000610351562
164.39999389648438
163.8000030517578
160.35000610351562
158.39999389648438
159.25
159.0500030517578
157.0
155.6999969482422
154.10000610351562
156.3000030517578
154.5
152.39999389648438
150.60000610351562
155.4499969482422
157.75
155.10000610351562
154.0500030517578
152.5500030517578
157.39999389648438
156.75
160.9499969482422
164.64999389648438
164.0500030517578
163.5
165.3000030517578
164.25
164.3000030517578
165.14999389648438
162.10000610351562
160.9499969482422
164.1999969482422
164.39999389648438
161.14999389648438
160.14999389648438
160.0500030517578
154.0
153.85000610351562
162.35000610351562
160.6999969482422
159.85000610351562
157.5
157.60000610351562
155.75
159.39999389648438
163.25
168.25
168.5
167.9499969482422
169.0500030517578
163.10000610351562
157.14999389648438
157.89999389648438
158.75
156.9499969482422
152.89999389648438
147.9499969482422
149.0
150.39999389648438
155.64999389648438
160.89999389648438
160.25
161.1999969482422
162.0
162.64999389648438
166.60000610351562
167.75
166.85000610351562
166.4499969482422
165.60000610351562
160.8000030517578
163.5500030517578
168.6999969482422
166.8000030517578
167.9499969482422
169.64999389648438
169.64999389648438
171.64999389648438
174.85000610351562
172.89999389648438
172.9499969482422
164.0500030517578
154.89999389648438
158.60000610351562
158.6999969482422
158.0500030517578
158.14999389648438
154.10000610351562
147.60000610351562
145.35000610351562
134.8000030517578
140.75
143.14999389648438
149.10000610351562
148.5500030517578
147.60000610351562
142.89999389648438
143.9499969482422
147.64999389648438
145.14999389648438
145.89999389648438
147.35000610351562
149.75
148.0
147.5
147.0500030517578
146.85000610351562
152.14999389648438
154.4499969482422
149.25
150.6999969482422
146.5500030517578
146.10000610351562
142.25
146.14999389648438
146.25
143.4499969482422
148.85000610351562
148.60000610351562
145.60000610351562
151.35000610351562
156.10000610351562
158.85000610351562
160.0500030517578
163.1999969482422
164.5500030517578
159.5
157.0500030517578
156.0
157.25
157.5500030517578
157.64999389648438
157.39999389648438
156.5500030517578
166.0500030517578
167.8000030517578
168.0500030517578
166.0500030517578
167.6999969482422
166.64999389648438
167.60000610351562
167.5
169.1999969482422
171.3000030517578
164.5500030517578
166.8000030517578
165.89999389648438
168.75
166.4499969482422
160.89999389648438
156.6999969482422
161.35000610351562
162.75
161.6999969482422
161.3000030517578
160.1999969482422
152.5
155.35000610351562
157.9499969482422
155.8000030517578
155.5
156.60000610351562
157.35000610351562
151.0
150.25
152.85000610351562
149.39999389648438
147.64999389648438
146.10000610351562
143.6999969482422
142.10000610351562
143.39999389648438
146.89999389648438
148.89999389648438
144.14999389648438
142.6999969482422
141.8000030517578
144.35000610351562
144.64999389648438
144.10000610351562
145.4499969482422
146.35000610351562
137.75
137.5500030517578
135.14999389648438
130.75
134.85000610351562
135.1999969482422
135.35000610351562
137.0500030517578
135.4499969482422
134.25
136.60000610351562
139.10000610351562
132.64999389648438
134.0500030517578
141.5500030517578
142.14999389648438
140.1999969482422
143.1999969482422
142.0500030517578
143.5500030517578
145.60000610351562
143.39999389648438
150.10000610351562
151.75
151.60000610351562
149.6999969482422
146.0
145.64999389648438
142.39999389648438
142.4499969482422
150.0
148.4499969482422
149.4499969482422
152.85000610351562
152.75
155.4499969482422
151.6999969482422
146.8000030517578
148.3000030517578
152.0
150.0500030517578
152.5500030517578
154.25
152.35000610351562
152.60000610351562
152.60000610351562
151.8000030517578
154.4499969482422
154.35000610351562
156.1999969482422
157.89999389648438
155.0
154.9499969482422
151.0500030517578
151.35000610351562
150.14999389648438
146.1999969482422
149.10000610351562
147.14999389648438
147.64999389648438
151.60000610351562
150.5
147.0500030517578
148.0
144.89999389648438
144.60000610351562
144.85000610351562
145.60000610351562
144.1999969482422
140.4499969482422
150.4499969482422
151.64999389648438
151.64999389648438
150.39999389648438
150.3000030517578
152.39999389648438
151.5500030517578
149.3000030517578
148.10000610351562
146.6999969482422
146.0
145.10000610351562
145.10000610351562
146.10000610351562
143.35000610351562
143.60000610351562
143.0
143.0500030517578
143.75
148.35000610351562
146.14999389648438
144.14999389648438
143.25
143.14999389648438
142.75
142.75
142.14999389648438
141.25
142.1999969482422
141.0500030517578
143.39999389648438
142.1999969482422
143.60000610351562
144.35000610351562
143.60000610351562
143.3000030517578
143.89999389648438
144.5
144.85000610351562
145.60000610351562
147.14999389648438
145.14999389648438
142.14999389648438
140.39999389648438
137.0500030517578
138.25
136.75
137.10000610351562
140.39999389648438
142.39999389648438
142.4499969482422
143.4499969482422
133.0
130.5500030517578
134.14999389648438
134.9499969482422
133.8000030517578
134.9499969482422
135.89999389648438
134.0500030517578
130.6999969482422
132.89999389648438
132.35000610351562
134.0500030517578
137.0
138.14999389648438
139.14999389648438
136.5500030517578
139.5500030517578
138.5
139.89999389648438
141.25
140.85000610351562
142.5500030517578
142.1999969482422
149.0
153.14999389648438
152.89999389648438
152.25
149.4499969482422
148.1999969482422
149.0
150.4499969482422
151.64999389648438
151.1999969482422
152.5
152.64999389648438
155.6999969482422
157.5500030517578
157.14999389648438
155.89999389648438
156.6999969482422
155.64999389648438
155.75
156.60000610351562
155.39999389648438
155.3000030517578
154.4499969482422
153.5500030517578
154.75
151.6999969482422
151.64999389648438
152.5
155.1999969482422
155.14999389648438
154.39999389648438
152.6999969482422
151.10000610351562
148.85000610351562
150.8000030517578
147.10000610351562
146.39999389648438
145.75
147.60000610351562
148.3000030517578
149.8000030517578
151.1999969482422
152.60000610351562
151.0500030517578
150.5
152.0
150.60000610351562
147.9499969482422
151.0
151.64999389648438
153.9499969482422
154.64999389648438
154.10000610351562
154.75
162.60000610351562
163.60000610351562
161.6999969482422
163.89999389648438
165.1999969482422
165.39999389648438
166.0
166.25
166.8000030517578
167.5
166.4499969482422
167.1999969482422
166.60000610351562
165.0500030517578
165.0500030517578
164.9499969482422
162.75
161.85000610351562
160.6999969482422
162.75
164.14999389648438
159.89999389648438
161.60000610351562
160.9499969482422
161.5
163.5500030517578
162.0500030517578
162.4499969482422
164.60000610351562
164.39999389648438
167.25
165.9499969482422
167.14999389648438
167.5500030517578
167.0500030517578
165.9499969482422
170.64999389648438
169.5500030517578
168.0
169.5
170.60000610351562
173.5
175.1999969482422
176.0
174.39999389648438
177.4499969482422
176.25
175.75
176.64999389648438
177.6999969482422
178.1999969482422
178.10000610351562
178.8000030517578
178.8000030517578
178.89999389648438
179.25
179.0500030517578
178.75
180.64999389648438
179.4499969482422
177.1999969482422
175.8000030517578
176.5
178.8000030517578
179.5500030517578
180.1999969482422
184.0
186.85000610351562
187.10000610351562
185.9499969482422
186.5
188.35000610351562
188.6999969482422
189.10000610351562
187.9499969482422
190.0
189.0
185.5500030517578
184.0
183.60000610351562
187.39999389648438
186.64999389648438
187.64999389648438
185.10000610351562
184.10000610351562
181.9499969482422
182.5
184.1999969482422
185.4499969482422
188.75
188.3000030517578
188.4499969482422
186.5
187.0500030517578
187.64999389648438
190.5
191.64999389648438
188.5500030517578
189.1999969482422
188.35000610351562
191.35000610351562
193.0
192.9499969482422
193.25
193.10000610351562
192.9499969482422
193.3000030517578
195.6999969482422
195.9499969482422
196.75
197.35000610351562
198.5
198.1999969482422
200.0
198.0500030517578
195.4499969482422
199.14999389648438
200.35000610351562
199.35000610351562
200.1999969482422
201.0
202.0
201.89999389648438
204.0500030517578
204.35000610351562
204.39999389648438
202.85000610351562
205.9499969482422
206.6999969482422
206.9499969482422
208.4499969482422
207.89999389648438
206.3000030517578
203.25
204.0
204.8000030517578
213.5
218.9499969482422
223.9499969482422
223.5
224.89999389648438
225.9499969482422
228.10000610351562
231.75
234.10000610351562
233.64999389648438
232.64999389648438
230.35000610351562
231.39999389648438
230.39999389648438
230.10000610351562
229.85000610351562
227.35000610351562
226.6999969482422
228.8000030517578
227.6999969482422
226.64999389648438
226.3000030517578
226.5
224.85000610351562
226.3000030517578
225.1999969482422
226.6999969482422
227.39999389648438
230.5
230.0
226.25
225.89999389648438
226.3000030517578
226.5
224.10000610351562
224.39999389648438
227.4499969482422
224.85000610351562
227.3000030517578
231.4499969482422
232.3000030517578
228.25
230.5
230.3000030517578
230.85000610351562
228.1999969482422
226.3000030517578
217.89999389648438
218.25
219.0500030517578
219.5
220.14999389648438
217.0500030517578
216.25
215.39999389648438
213.9499969482422
214.8000030517578
216.14999389648438
216.5500030517578
219.5500030517578
218.75
220.4499969482422
220.35000610351562
218.8000030517578
217.0500030517578
218.85000610351562
217.3000030517578
212.5
212.25
211.89999389648438
212.9499969482422
215.0500030517578
214.35000610351562
217.5500030517578
221.64999389648438
220.9499969482422
216.5500030517578
214.9499969482422
212.89999389648438
214.9499969482422
216.1999969482422
217.60000610351562
218.64999389648438
216.1999969482422
216.39999389648438
217.0500030517578
216.6999969482422
217.0
217.0
215.6999969482422
213.14999389648438
217.0
219.0500030517578
221.25
219.60000610351562
217.5500030517578
215.8000030517578
218.60000610351562
218.10000610351562
221.25
225.35000610351562
227.5
228.1999969482422
228.75
228.5500030517578
228.3000030517578
228.85000610351562
229.10000610351562
228.5500030517578
229.60000610351562
230.14999389648438
230.4499969482422
229.75
231.14999389648438
232.75
233.25
233.64999389648438
233.75
229.85000610351562
229.6999969482422
236.25
236.5500030517578
238.4499969482422
239.9499969482422
239.8000030517578
239.10000610351562
238.89999389648438
237.5500030517578
237.10000610351562
238.0
240.1999969482422
241.75
242.0500030517578
249.4499969482422
252.1999969482422
254.14999389648438
255.25
253.64999389648438
254.0
256.8500061035156
255.39999389648438
254.14999389648438
249.4499969482422
247.89999389648438
244.35000610351562
245.0
243.39999389648438
244.9499969482422
245.39999389648438
246.14999389648438
247.5500030517578
246.89999389648438
245.39999389648438
248.1999969482422
247.5
246.4499969482422
245.0
244.4499969482422
242.10000610351562
243.85000610351562
242.0500030517578
243.0
244.8000030517578
246.5
245.89999389648438
244.5500030517578
244.8000030517578
244.35000610351562
243.0500030517578
247.0500030517578
252.39999389648438
250.1999969482422
248.5500030517578
249.5
249.4499969482422
247.64999389648438
245.39999389648438
240.8000030517578
241.35000610351562
243.60000610351562
245.9499969482422
244.35000610351562
245.25
242.0
239.0
238.6999969482422
241.85000610351562
242.3000030517578
241.5
238.0
238.35000610351562
240.5
242.89999389648438
241.1999969482422
239.3000030517578
245.60000610351562
250.0
250.75
251.4499969482422
250.89999389648438
247.89999389648438
242.1999969482422
233.25
236.5
236.14999389648438
232.5
238.4499969482422
236.39999389648438
234.75
241.39999389648438
244.14999389648438
245.14999389648438
242.89999389648438
244.10000610351562
241.14999389648438
244.64999389648438
248.0500030517578
246.0500030517578
245.64999389648438
241.64999389648438
238.0
237.5500030517578
241.35000610351562
238.60000610351562
241.10000610351562
243.9499969482422
245.5
242.64999389648438
242.5500030517578
243.89999389648438
246.64999389648438
244.9499969482422
246.1999969482422
251.39999389648438
246.5
242.60000610351562
242.25
244.4499969482422
239.9499969482422
245.1999969482422
248.6999969482422
251.60000610351562
257.20001220703125
262.1000061035156
261.1000061035156
271.3500061035156
273.3500061035156
276.04998779296875
279.8500061035156
280.75
279.25
279.45001220703125
276.1000061035156
276.8500061035156
278.0
279.1000061035156
278.6499938964844
278.6499938964844
281.29998779296875
284.0
289.1000061035156
290.6499938964844
290.79998779296875
289.45001220703125
289.3500061035156
289.3500061035156
291.29998779296875
290.3500061035156
293.1000061035156
293.1499938964844
297.95001220703125
303.45001220703125
304.95001220703125
309.1499938964844
308.75
301.8500061035156
303.54998779296875
304.1499938964844
302.8999938964844
297.70001220703125
297.29998779296875
296.1000061035156
298.8999938964844
301.3500061035156
304.45001220703125
304.5
295.1499938964844
292.0
298.6000061035156
295.0
295.3500061035156
290.6499938964844
300.8500061035156
294.79998779296875
288.25
285.3999938964844
283.8500061035156
285.29998779296875
278.8999938964844
280.20001220703125
278.8500061035156
278.6000061035156
282.75
281.0
283.29998779296875
282.3500061035156
281.54998779296875
284.3500061035156
287.95001220703125
290.3999938964844
285.8999938964844
286.79998779296875
292.0
292.29998779296875
291.45001220703125
296.3999938964844
295.0
293.20001220703125
290.45001220703125
293.95001220703125
304.1000061035156
300.20001220703125
299.1499938964844
298.6000061035156
293.79998779296875
297.70001220703125
292.75
293.8500061035156
295.29998779296875
299.0
299.29998779296875
298.70001220703125
294.6000061035156
293.70001220703125
298.1000061035156
290.0
292.1499938964844
294.20001220703125
295.25
297.1000061035156
297.79998779296875
298.75
299.3500061035156
300.6499938964844
303.20001220703125
307.20001220703125
308.70001220703125
300.6499938964844
297.6000061035156
291.3500061035156
280.04998779296875
280.3999938964844
278.6000061035156
282.29998779296875
281.1499938964844
285.54998779296875
289.79998779296875
290.1000061035156
286.1499938964844
286.1000061035156
286.5
289.70001220703125
297.79998779296875
302.6499938964844
303.29998779296875
302.95001220703125
303.6499938964844
303.79998779296875
303.6000061035156
300.1499938964844
299.25
286.20001220703125
283.3999938964844
281.1499938964844
280.25
261.6499938964844
257.29998779296875
262.5
257.04998779296875
257.1499938964844
261.79998779296875
260.54998779296875
259.1499938964844
263.25
257.54998779296875
259.04998779296875
257.0
257.95001220703125
260.8500061035156
256.1499938964844
262.1000061035156
264.95001220703125
276.20001220703125
275.95001220703125
273.0
274.04998779296875
269.6000061035156
262.79998779296875
263.04998779296875
263.6000061035156
264.29998779296875
262.6000061035156
262.3500061035156
258.79998779296875
251.9499969482422
254.75
257.5
255.60000610351562
256.6000061035156
252.75
253.75
255.64999389648438
249.75
260.1000061035156
258.79998779296875
256.8999938964844
246.5500030517578
249.5
242.3000030517578
245.5500030517578
248.39999389648438
252.35000610351562
248.0
247.5
247.8000030517578
251.85000610351562
248.4499969482422
246.85000610351562
243.5
243.1999969482422
248.39999389648438
253.5500030517578
249.8000030517578
243.64999389648438
244.10000610351562
249.3000030517578
250.10000610351562
261.3500061035156
257.6499938964844
256.70001220703125
249.10000610351562
249.6999969482422
248.64999389648438
245.5
247.10000610351562
253.3000030517578
255.1999969482422
254.35000610351562
254.85000610351562
258.95001220703125
256.70001220703125
255.75
270.04998779296875
275.04998779296875
281.1499938964844
280.29998779296875
281.6000061035156
286.3500061035156
282.6499938964844
281.5
285.1499938964844
285.20001220703125
294.5
290.6499938964844
288.8500061035156
293.6499938964844
292.6000061035156
293.70001220703125
295.5
297.04998779296875
301.3999938964844
300.1499938964844
300.8999938964844
300.0
304.5
307.54998779296875
305.6499938964844
305.79998779296875
304.6499938964844
301.70001220703125
303.95001220703125
305.8500061035156
306.75
308.3500061035156
315.79998779296875
316.1000061035156
317.70001220703125
317.95001220703125
316.0
312.3999938964844
285.70001220703125
318.0
321.1000061035156
322.5
326.5
330.0
331.75
332.8999938964844
333.04998779296875
333.6499938964844
331.45001220703125
327.29998779296875
327.1499938964844
338.95001220703125
341.8500061035156
340.5
342.0
345.95001220703125
346.54998779296875
346.70001220703125
347.70001220703125
344.1000061035156
343.6000061035156
343.5
344.6000061035156
348.1499938964844
350.0
341.5
334.6000061035156
333.0
330.3999938964844
331.79998779296875
323.04998779296875
326.3999938964844
329.04998779296875
333.8500061035156
336.8999938964844
328.6499938964844
329.70001220703125
333.6499938964844
331.6000061035156
335.0
336.5
336.6499938964844
336.75
337.5
333.5
330.3999938964844
334.54998779296875
342.5
349.04998779296875
350.6000061035156
357.25
359.20001220703125
355.25
353.04998779296875
352.70001220703125
354.1499938964844
356.79998779296875
364.79998779296875
368.75
367.25
366.54998779296875
368.45001220703125
366.79998779296875
367.0
368.6000061035156
372.20001220703125
375.0
377.5
378.04998779296875
378.0
377.8999938964844
378.8999938964844
377.95001220703125
380.6000061035156
382.54998779296875
380.0
379.54998779296875
382.70001220703125
378.1000061035156
382.0
378.8999938964844
380.8500061035156
378.3500061035156
371.54998779296875
371.1000061035156
374.5
371.6000061035156
371.3500061035156
372.8500061035156
354.8999938964844
341.5
342.20001220703125
351.70001220703125
360.3500061035156
363.6000061035156
353.20001220703125
348.75
346.20001220703125
341.0
345.25
349.5
353.95001220703125
355.95001220703125
360.8999938964844
355.5
351.25
351.95001220703125
352.6000061035156
353.54998779296875
357.6000061035156
360.75
353.6499938964844
364.1000061035156
369.29998779296875
375.8500061035156
376.54998779296875
369.8999938964844
374.1000061035156
376.8500061035156
378.45001220703125
363.6000061035156
362.75
363.20001220703125
364.1000061035156
363.54998779296875
362.25
366.1499938964844
358.8500061035156
356.29998779296875
358.04998779296875
358.45001220703125
357.1000061035156
344.0
344.29998779296875
345.0
347.20001220703125
349.0
349.6000061035156
365.79998779296875
375.20001220703125
374.75
379.3500061035156
375.54998779296875
374.75
373.04998779296875
372.79998779296875
370.1499938964844
370.29998779296875
373.8500061035156
376.0
382.1000061035156
379.70001220703125
376.75
381.3999938964844
384.20001220703125
390.0
394.45001220703125
397.0
400.79998779296875
400.0
399.20001220703125
402.04998779296875
401.3500061035156
401.29998779296875
403.79998779296875
400.45001220703125
395.8500061035156
394.45001220703125
392.54998779296875
393.54998779296875
400.29998779296875
404.8500061035156
406.79998779296875
405.54998779296875
404.25
396.29998779296875
386.6000061035156
391.0
396.20001220703125
394.20001220703125
398.3500061035156
391.8999938964844
394.6000061035156
396.45001220703125
401.95001220703125
406.20001220703125
401.1499938964844
400.1499938964844
399.20001220703125
400.5
408.0
412.5
414.1000061035156
415.20001220703125
414.04998779296875
411.8500061035156
416.3999938964844
414.1000061035156
408.6000061035156
415.3999938964844
413.54998779296875
421.3500061035156
422.6499938964844
423.70001220703125
423.6000061035156
428.95001220703125
429.6000061035156
432.6499938964844
428.54998779296875
412.6000061035156
423.1499938964844
411.6499938964844
415.0
398.25
400.8999938964844
404.3999938964844
397.5
394.1000061035156
391.04998779296875
399.45001220703125
406.3500061035156
412.04998779296875
409.0
409.70001220703125
411.1000061035156
412.79998779296875
416.04998779296875
414.95001220703125
414.04998779296875
407.75
407.6000061035156
409.79998779296875
403.20001220703125
375.25
380.04998779296875
368.04998779296875
362.6499938964844
353.1499938964844
361.1000061035156
376.0
374.8500061035156
373.79998779296875
355.95001220703125
331.04998779296875
332.79998779296875
329.79998779296875
295.0
309.6000061035156
278.70001220703125
297.20001220703125
285.1499938964844
282.1499938964844
307.29998779296875
300.0
320.20001220703125
338.6499938964844
341.1499938964844
335.79998779296875
333.04998779296875
335.79998779296875
321.1000061035156
316.1000061035156
320.04998779296875
334.3999938964844
342.6499938964844
339.70001220703125
338.8999938964844
348.5
337.95001220703125
339.70001220703125
357.1499938964844
352.45001220703125
349.04998779296875
347.79998779296875
345.5
340.8500061035156
346.1499938964844
348.3500061035156
350.04998779296875
351.3999938964844
332.95001220703125
336.79998779296875
335.70001220703125
338.5
349.04998779296875
345.8999938964844
346.54998779296875
333.20001220703125
324.29998779296875
327.70001220703125
334.54998779296875
349.95001220703125
352.70001220703125
355.1000061035156
351.0
352.79998779296875
363.45001220703125
363.1499938964844
374.3500061035156
375.0
375.45001220703125
380.1000061035156
383.54998779296875
385.8999938964844
392.0
394.5
391.1499938964844
396.6000061035156
375.1000061035156
371.0
363.75
370.5
373.6000061035156
374.20001220703125
379.75
373.1499938964844
381.79998779296875
380.04998779296875
373.25
385.1499938964844
383.8999938964844
386.6499938964844
384.04998779296875
393.29998779296875
394.6499938964844
400.95001220703125
396.75
397.3500061035156
398.6000061035156
395.0
399.8500061035156
396.79998779296875
406.8500061035156
405.1000061035156
408.25
404.8500061035156
408.8500061035156
403.45001220703125
401.29998779296875
393.0
399.25
378.3500061035156
382.6000061035156
370.54998779296875
365.95001220703125
364.5
368.79998779296875
371.25
369.75
371.79998779296875
370.54998779296875
373.1499938964844
381.54998779296875
390.75
384.04998779296875
385.25
383.20001220703125
383.20001220703125
379.3500061035156
380.1000061035156
387.70001220703125
394.5
393.29998779296875
398.0
394.79998779296875
392.3500061035156
390.8500061035156
397.70001220703125
405.20001220703125
399.75
404.75
399.5
398.75
397.8999938964844
405.25
415.6499938964844
419.0
422.25
418.5
413.8500061035156
393.6499938964844
390.70001220703125
395.20001220703125
393.0
392.5
401.0
402.8999938964844
399.3999938964844
404.0
402.0
408.8999938964844
407.45001220703125
407.3500061035156
406.0
406.1000061035156
411.6000061035156
414.1000061035156
409.45001220703125
399.95001220703125
422.45001220703125
431.25
428.8999938964844
422.25
418.0
422.0
420.75
415.20001220703125
396.29998779296875
397.0
397.54998779296875
399.45001220703125
406.95001220703125
402.0
425.20001220703125
429.54998779296875
437.25
460.45001220703125
473.70001220703125
472.3999938964844
467.3999938964844
470.0
472.45001220703125
474.25
483.8500061035156
486.79998779296875
492.5
488.04998779296875
493.1000061035156
494.0
493.6499938964844
482.8999938964844
486.0
494.25
496.1499938964844
489.6000061035156
486.95001220703125
489.8999938964844
494.70001220703125
494.8500061035156
495.6000061035156
499.1000061035156
507.20001220703125
502.8999938964844
502.29998779296875
497.6499938964844
484.3999938964844
488.6000061035156
490.20001220703125
493.8500061035156
497.5
506.8999938964844
511.70001220703125
510.6000061035156
509.79998779296875
503.3999938964844
499.3500061035156
501.1000061035156
516.5
518.0999755859375
513.5
510.29998779296875
508.0
492.45001220703125
494.0
489.04998779296875
492.20001220703125
507.6000061035156
503.5
501.3999938964844
500.29998779296875
495.04998779296875
499.04998779296875
498.29998779296875
501.6000061035156
511.1000061035156
520.5999755859375
520.2999877929688
523.5999755859375
525.7000122070312
528.0
527.0999755859375
526.5
525.5
529.4000244140625
531.5999755859375
530.5999755859375
530.5
536.0999755859375
535.4000244140625
532.5
530.5999755859375
529.0999755859375
519.5
529.9000244140625
534.7000122070312
539.2000122070312
530.0999755859375
523.0999755859375
518.7000122070312
527.7000122070312
540.0999755859375
553.4000244140625
557.5999755859375
553.5999755859375
555.0999755859375
558.9000244140625
561.2999877929688
555.5
554.2999877929688
551.4000244140625
549.4000244140625
547.0999755859375
552.5
554.7999877929688
557.7999877929688
564.5999755859375
566.0999755859375
572.5
571.7999877929688
580.0999755859375
583.4000244140625
583.5
587.5999755859375
606.0999755859375
604.9000244140625
614.7999877929688
622.5999755859375
605.0999755859375
603.2999877929688
626.7000122070312
623.9000244140625
622.0
623.9000244140625
628.5999755859375
632.2000122070312
625.7000122070312
627.2999877929688
617.2000122070312
622.5999755859375
623.2999877929688
621.7999877929688
622.5999755859375
608.9000244140625
607.7000122070312
600.0
621.2999877929688
621.9000244140625
620.5
610.2000122070312
621.2999877929688
628.5999755859375
632.7000122070312
636.4000244140625
638.7000122070312
636.7000122070312
648.7000122070312
651.2000122070312
652.7000122070312
652.9000244140625
652.7000122070312
649.2999877929688
646.4000244140625
653.2999877929688
660.4000244140625
654.0
657.5
668.7000122070312
674.2999877929688
675.7000122070312
677.0
681.0999755859375
673.5999755859375
675.7000122070312
667.7999877929688
671.4000244140625
670.2999877929688
666.5999755859375
666.9000244140625
661.2999877929688
658.5
660.5999755859375
659.0
652.4000244140625
654.7000122070312
631.7000122070312
645.4000244140625
654.7000122070312
664.2000122070312
664.5
660.7999877929688
647.2000122070312
635.0999755859375
638.7999877929688
648.9000244140625
654.9000244140625
658.9000244140625
667.2999877929688
669.2000122070312
665.5999755859375
680.5
671.7000122070312
677.0
685.7999877929688
692.7000122070312
692.0
693.4000244140625
696.0999755859375
698.0999755859375
697.9000244140625
703.9000244140625
707.7999877929688
691.4000244140625
686.0
653.7000122070312
611.0
610.5
626.2000122070312
624.2999877929688
620.0
612.4000244140625
616.9000244140625
622.7999877929688
624.0999755859375
631.5999755859375
644.0999755859375
633.2000122070312
637.2000122070312
650.2000122070312
643.4000244140625
638.9000244140625
661.9000244140625
654.0999755859375
638.2000122070312
617.7000122070312
621.2999877929688
627.0
605.4000244140625
621.0
639.0999755859375
643.7000122070312
638.4000244140625
633.2999877929688
616.7000122070312
623.2999877929688
619.5
610.0
617.5
620.9000244140625
615.0999755859375
633.2999877929688
624.5
619.9000244140625
624.5999755859375
630.5999755859375
651.0999755859375
664.7999877929688
638.0
641.0999755859375
639.5
646.4000244140625
662.2000122070312
657.7999877929688
656.5999755859375
659.5999755859375
661.0
662.0
674.2000122070312
680.7000122070312
680.2999877929688
685.5999755859375
689.5999755859375
705.2000122070312
698.9000244140625
688.9000244140625
694.0
705.9000244140625
716.0
724.4000244140625
722.0999755859375
727.5
724.0999755859375
726.5
710.4000244140625
716.2000122070312
730.2000122070312
645.0
692.0999755859375
678.2999877929688
678.5
685.2000122070312
680.2000122070312
674.4000244140625
700.5
714.2999877929688
708.5
706.5999755859375
705.5
700.0999755859375
701.0
709.5999755859375
694.5999755859375
678.0
696.7000122070312
702.0
710.0999755859375
717.4000244140625
715.7000122070312
720.0999755859375
725.7000122070312
727.5
724.0999755859375
727.7999877929688
734.0
741.7000122070312
727.0999755859375
710.7999877929688
701.4000244140625
704.2000122070312
700.5
685.4000244140625
675.2000122070312
668.0999755859375
669.5
676.5999755859375
686.0999755859375
688.7999877929688
662.7999877929688
661.7000122070312
671.7000122070312
668.4000244140625
687.0
704.0
717.7999877929688
727.0999755859375
708.7000122070312
699.2999877929688
703.2000122070312
703.2999877929688
711.5
697.5
684.2000122070312
653.0
666.5999755859375
680.2999877929688
675.2999877929688
676.0999755859375
666.5999755859375
648.5999755859375
665.7999877929688
625.0
636.2999877929688
636.5999755859375
625.7999877929688
619.0
614.2999877929688
577.7999877929688
543.9000244140625
549.9000244140625
561.9000244140625
576.0
585.5999755859375
581.5999755859375
572.0
602.2000122070312
623.0
621.5999755859375
629.7000122070312
629.5999755859375
622.2000122070312
619.5999755859375
623.5999755859375
623.9000244140625
645.5999755859375
655.0999755859375
647.2000122070312
642.0999755859375
645.7000122070312
654.2999877929688
630.7000122070312
623.2000122070312
622.0
616.5999755859375
607.2999877929688
614.4000244140625
631.5999755859375
625.0
627.0
636.4000244140625
636.0
608.5
606.2000122070312
603.0999755859375
607.0999755859375
618.0999755859375
603.0999755859375
596.0999755859375
593.2999877929688
572.4000244140625
554.5
542.4000244140625
545.0999755859375
555.0
543.2000122070312
564.0999755859375
572.0
578.5999755859375
576.7000122070312
560.0999755859375
551.0
549.7999877929688
544.2000122070312
537.5
551.2000122070312
576.0
601.9000244140625
595.9000244140625
595.7000122070312
598.5
605.2999877929688
613.0999755859375
598.5999755859375
597.2999877929688
583.7999877929688
571.4000244140625
548.9000244140625
540.5999755859375
542.5
535.0
541.2999877929688
537.2999877929688
544.5999755859375
539.2999877929688
545.0
568.4000244140625
578.2999877929688
578.5999755859375
575.0
565.7000122070312
571.4000244140625
581.7999877929688
567.5999755859375
580.5999755859375
603.2000122070312
601.2999877929688
585.2999877929688
595.4000244140625
594.2000122070312
599.2999877929688
587.5
608.0
603.9000244140625
623.5999755859375
620.0
628.5
630.2999877929688
621.2999877929688
608.0999755859375
640.9000244140625
666.7000122070312
668.0
670.7000122070312
674.7999877929688
686.5
678.0
685.0999755859375
678.0999755859375
672.2999877929688
686.2999877929688
689.0
692.4000244140625
692.5
697.4000244140625
698.7000122070312
695.7000122070312
679.2000122070312
675.2000122070312
674.0
681.5999755859375
664.0
651.0
655.9000244140625
647.5
625.4000244140625
629.7999877929688
626.0
629.0999755859375
631.2000122070312
630.4000244140625
642.4000244140625
649.4000244140625
650.5999755859375
645.0
637.7000122070312
630.0999755859375
627.9000244140625
630.0
621.7999877929688
623.5
603.2000122070312
601.0
604.0
595.7000122070312
598.7000122070312
598.0
594.7000122070312
611.0999755859375
632.5999755859375
630.2999877929688
616.5
600.0999755859375
601.7999877929688
611.0999755859375
595.2999877929688
617.2000122070312
614.0999755859375
632.5999755859375
625.0
622.7999877929688
619.9000244140625
623.5
637.2000122070312
651.0999755859375
651.5999755859375
640.2999877929688
638.0999755859375
646.5
634.7000122070312
623.5999755859375
637.2000122070312
653.0
647.7000122070312
652.4000244140625
647.7000122070312
698.7999877929688
698.4000244140625
699.5999755859375
693.2000122070312
689.7000122070312
694.2000122070312
690.5999755859375
687.4000244140625
695.0
697.0999755859375
693.2000122070312
690.5999755859375
699.7999877929688
706.5
717.0999755859375
707.2999877929688
710.0999755859375
708.4000244140625
707.2000122070312
711.5999755859375
715.4000244140625
711.4000244140625
714.7000122070312
718.4000244140625
691.0
684.5999755859375
686.2999877929688
676.0999755859375
682.7000122070312
681.2999877929688
670.0999755859375
682.2999877929688
685.7999877929688
682.2000122070312
676.5999755859375
685.0999755859375
691.2999877929688
710.9000244140625
722.0999755859375
728.7999877929688
746.0999755859375
747.2000122070312
759.5
768.9000244140625
772.7999877929688
782.0
787.0
787.2000122070312
774.7000122070312
775.0
776.5999755859375
786.0999755859375
787.0999755859375
794.5
783.7000122070312
786.7000122070312
792.5999755859375
792.2000122070312
795.2999877929688
804.5
807.4000244140625
800.7000122070312
798.5
806.9000244140625
790.7999877929688
798.0
804.5
807.5999755859375
818.0999755859375
804.5999755859375
810.0999755859375
798.5
793.9000244140625
806.5999755859375
777.2999877929688
787.5999755859375
787.4000244140625
790.9000244140625
780.9000244140625
804.4000244140625
820.7999877929688
815.7000122070312
804.4000244140625
802.5999755859375
785.0
775.5
782.2999877929688
767.5999755859375
776.7000122070312
784.5
780.7000122070312
803.2999877929688
802.4000244140625
809.0999755859375
809.7000122070312
813.0999755859375
813.4000244140625
820.5
821.5999755859375
828.2000122070312
839.9000244140625
840.4000244140625
842.2000122070312
826.7000122070312
831.4000244140625
832.0
861.7000122070312
886.5999755859375
869.9000244140625
869.5999755859375
875.5
880.5
888.7999877929688
891.5999755859375
884.0999755859375
865.7000122070312
872.0999755859375
861.9000244140625
865.2000122070312
870.0
870.0999755859375
868.4000244140625
877.7999877929688
873.7999877929688
869.0999755859375
873.4000244140625
879.2000122070312
