0.0
-0.04351580584490833
-0.12448773731772178
-0.18992932860181
-0.23275210723691941
-0.2895449148468856
-0.34514036642845625
-0.37032580159549866
-0.36718239540170927
-0.3568757621823444
-0.3197141940233692
-0.2916491596008264
-0.22202583286523847
-0.09991245303345764
0.019014945681579576
0.09312077615100733
0.08416981686914582
0.041870328615249974
0.0108777999212748
0.08137945677723835
0.11166325913373143
0.1371403482657243
0.12976282251082694
0.14167629528648007
0.16299937840872403
0.16523871761051012
0.2013467695057365
0.22348370365816095
0.2659652057480031
0.3204019329998147
0.33485818056965755
0.3298783036222481
0.3348266310015333
0.3192953331386299
0.2754853666012558
0.25464857387588324
0.2663679060154749
0.3186949558228598
0.36767499715067586
0.45333093129693225
0.5244227825951029
0.5730711492750018
0.6124515694184218
0.6059161857115711
0.5985249721002823
0.5308621917526679
0.456565690139513
0.41037658675166
0.33693467618543593
0.30415447644472593
0.2604078045613747
0.2576124525333121
0.24648036118944106
0.24437669798284745
0.23377821067700566
0.2680764371066289
0.246527885051659
0.2124564466854082
0.15617343494423253
0.12497506356851673
0.08307758092328754
0.027666549983901945
-0.044025104757476896
-0.09477965237000419
-0.13245024831401864
-0.14219722413711366
-0.1515146818937403
-0.16015086462563488
-0.1684333071330748
-0.20792695317251386
-0.22798752157365243
-0.23605470541750861
-0.2784673872975212
-0.2634561194051166
-0.254301323492534
-0.22277121125042143
-0.16515980855844248
-0.046303518845132174
0.014866414044593768
0.05588146769938973
0.06903140132233432
0.031721170928438625
0.004361622609337701
-0.005636518375592203
-0.05321174536262774
-0.11612443392278138
-0.13824554013630674
-0.12400718523327114
-0.12148982990527557
-0.1446971606520897
-0.15891708289093032
-0.13322714943055303
-0.12972967175373995
-0.13169336936632803
-0.11154874287861105
-0.0868765481802285
-0.053633305711969115
-0.03654938887765624
-0.053819386944322645
-0.036941748338243485
-0.023337402752904524
-0.043005450710172255
-0.05042623484299824
-0.0349646866892499
-0.017945399046315202
-0.018805556187338368
-0.03270667524941828
-0.06915112654109379
-0.09747482666803364
-0.07866889569434576
-0.07133469615854793
-0.07386948792329662
-0.09547517629808766
-0.10752560340290884
-0.1113141053565343
-0.08321883055463175
-0.060418109048367086
-0.0358828035990193
-0.007117158314962069
0.004971223282954185
0.003975205703177664
-0.010970113211325128
-0.06311842752147001
-0.10728463002355326
-0.13536034308809874
-0.1495921125892643
-0.1611914861657695
-0.15982700566171104
-0.18960325425631552
-0.19541529254481915
-0.16004963337564604
-0.06502475907580774
0.06820021272910992
0.16829152007482406
0.3230891296385323
0.8119465863696966
1.1461746543276625
1.3921006934286595
1.568115503014436
1.6170717511475807
1.5543556471008095
1.5022635879865156
1.4472823753296602
1.4033879559780864
1.355637118194327
1.2749362591642353
1.2195159872280001
1.1543802984288902
1.1481471132334313
1.12579177726019
1.0660115209202665
1.0007648425542897
1.0461327334770942
1.064889474213775
1.0550446903514512
1.037980657517501
1.027739826579026
0.9890983048054558
0.9665773690501354
0.8817980689412721
0.6683181098928017
0.4022260954581185
0.15905182224096137
0.15242744274251763
0.18135796957924555
0.17311983732131608
0.11631092042233249
-0.011129865644555537
-0.04483845195697356
-0.1030050643183138
-0.16954011393243107
-0.1640557249577661
-0.16562715957344665
-0.1305492405061699
-0.08394911656213822
-0.0565734652169958
0.01298373921237328
0.07068257435275527
0.14268390815623633
0.14302467073400393
0.1663511771806334
0.1318765806209683
0.102047425005523
0.0912349386408664
0.02656138082625148
-0.09253684278002083
-0.18447364857067328
-0.20075502553381952
-0.19977588785307177
-0.1344301036398754
-0.023627171966015936
0.07928807737941312
0.14673126843156226
0.1851357035827732
0.2308641154910127
0.27626540721417925
0.3311438777428428
0.3658188614741391
0.43101667655364295
0.479020377737271
0.5267267246592837
0.49500116412085404
0.4339113923864666
0.4177195318439857
0.600540915137266
0.7799305383872053
0.8944787215134014
0.9918200990369357
1.0726168023315665
1.099325136639841
1.1488051203958918
1.1786678612745263
1.2123644213168205
1.237473077147257
1.253054217757942
1.2156028851953664
1.1860886529310264
1.1776876104212164
1.1410521843004062
1.0425877711212266
1.0012659196678726
0.9428823241060158
0.945027620441941
0.9295971186247769
0.9794667110571069
1.0049032176772954
0.9826680992924324
0.9535303876430206
0.9282511490049217
0.8673144567366933
0.9071695998058118
0.9094699932337988
0.8616600558674392
0.8713000967350553
0.854723947290644
0.8284866225108587
0.7555716356463478
0.681258349400423
0.5730328205515036
0.517209002145286
0.4501479100619008
0.4510699408798402
0.41211072808516036
0.3365259960132434
0.30721575127131473
0.2896454199591716
0.2738150849992067
0.2506736919985073
0.28596561717205304
0.36655671664212974
0.40318421765600476
0.3789444857655013
0.2876688802437144
0.21583014730320116
0.16123463655710424
0.047899314562926065
-0.08898623986864607
-0.18899651704665388
-0.22515254014056296
-0.3526634553099157
-0.3920675656329351
-0.49932074528462067
-0.5483843498080461
-0.5938970242176111
-0.5903199937537025
-0.5063626360145008
-0.48897887534055684
-0.46432228214094096
-0.4917643106708596
-0.3841332533889812
-0.24760607751463937
-0.10172180234182804
0.06419003337602902
0.04307619202553781
-0.049500935703370885
-0.21895025137460777
-0.3525250757836389
-0.4716277747357722
-0.5355954481092908
-0.5836376308559323
-0.6174582512804676
-0.6026173084505544
-0.5147207312288984
-0.4840640318690035
-0.4403293089114868
-0.37890945044588875
-0.3687896956355843
-0.3418605727948574
-0.2921771243520297
-0.252633669872516
-0.24789025772354734
-0.15742886955307256
-0.08460074056475264
-0.052224492021352376
-0.03236589365523912
-0.07917898348700447
-0.11969984702216863
-0.10513133837527278
-0.06228574376569895
0.027833067787000232
0.11276014023509617
0.16939790807192168
0.2427933730141234
0.3042707559848168
0.3482514651278734
0.3966493401126314
0.42470284627417243
0.431112937772653
0.42021353532000205
0.3998254522444711
0.4241273982150773
0.4613085433590669
0.46292563606558446
0.47870034233402947
0.4671768980398099
0.422949939454341
0.41494938999278475
0.38237402307297685
0.3479873921075267
0.30491537684715553
0.29557491890364673
0.3193101321901253
0.3401704736949327
0.3757714356715951
0.42973497133453264
0.41654111727942933
0.39643152570153006
0.4019648038977195
0.2406991526147877
0.12907863651017948
-0.019713240368396612
-0.14523734343735129
-0.3010385131992521
-0.41173679198665525
-0.4730334486694474
-0.5390004970332853
-0.5712197034118489
-0.5670984221702753
-0.5187571947902541
-0.4678714797988377
-0.38166904152860326
-0.34125215781744345
-0.3135949527018127
-0.29824425231222307
-0.26024298135597235
-0.26842728971347185
-0.2701850185512882
-0.2936513889932826
-0.2711175642546735
-0.2723103387645054
-0.20692226028168648
-0.13267331723982778
-0.07757593116377137
0.0005381223164206972
0.0739375775865625
0.12433966408128327
0.14745423710043326
0.13173541672958322
0.09482473127631863
0.06522442495857916
0.08767754820937768
0.10546638470876957
0.08162611992806745
0.057829469525003674
0.038167567744160635
0.02492037146910775
-0.019884736669446568
-0.12910966654452238
-0.20527589239102184
-0.2537163895980612
-0.2827142961282547
-0.2846221235742803
-0.3891693317202112
-0.4944055133779983
-0.5242354514095027
-0.5253984622704877
-0.48845342105730793
-0.42558253926231515
-0.388466030920398
-0.34371141141324557
-0.31434274016601904
-0.2467878639976604
-0.15331569750365048
-0.05619856688163338
0.005932304841202551
0.0703776180548985
0.11567944744699332
0.20541521290804354
0.28606389028284696
0.3628621490361468
0.40868554474003815
0.4563229670155664
0.4765991307244306
0.4816692885629976
0.493514312591401
0.513683386281599
0.6148904606587919
0.703490012143277
0.7576692714812552
0.7998988974761403
0.8176071140840975
0.864482582006417
0.8895220597152687
0.9089743905730359
0.9155313445904554
0.9109131481535542
0.8904126216264743
0.8610928795023938
0.8071686905456588
0.7667703408481188
0.7167686601285794
0.6611289467329513
0.5969594718703135
0.5396022364238675
0.47878259301634074
0.42475848406825634
0.37810988845270543
0.3476629142566594
0.3076413582937718
0.2646430111808371
0.23483911885367803
0.21950193460845924
0.2393659225235325
0.2532779993554328
0.2412284990452278
0.16657765500186628
0.14352541966839283
0.08661531255570765
0.05220859518802712
0.06163123247260671
0.056824030549897486
0.039726344625833576
0.04865289456739674
0.07427747850557864
0.1373419713748092
0.18394992702670976
0.16775425919559694
0.18825352605895063
0.19638521970206568
0.17439288911200634
0.1642689378233868
0.1355989766432728
0.12702740768391152
0.11902394601794697
0.11295233904949953
0.09980870909418371
0.13168975302038177
0.14371964526810643
0.1637519264038758
0.14587128606622457
0.13155587555716153
0.12454480377109434
0.1786580771440427
0.24390743771217416
0.27418066674282926
0.3043470069400769
0.37931670271476037
0.4120329918073935
0.39866786071999627
0.3688160124246025
0.34130450897221465
0.2726638136765658
0.2120687170050104
0.1027072102954989
-0.010350674397145099
-0.09924933820957449
-0.08600204271810696
-0.04277393774356142
-0.029159223200764472
-0.10890092681965768
-0.2041981138962825
-0.34808961260326754
-0.36747377582737784
-0.35458136401882
-0.3135164596654363
-0.32040845078260816
-0.28761557714086194
-0.26235467428939785
-0.26861078653047343
-0.2676990608957368
-0.23776887282490122
-0.201239222916044
-0.22137988472105974
-0.2750014715696665
-0.30358803911668275
-0.27458237536862384
-0.26232896798357785
-0.20155687263799393
-0.13078626397067694
-0.022515328563088133
0.062489184064268954
0.1556181454244836
0.23067795596962526
0.2899679191937281
0.3049959607182018
0.32685543737581924
0.34911166541093763
0.3551517164597442
0.3426741709834431
0.32360849691750104
0.3115245258406105
0.27258090329983276
0.22994902079504698
0.15017248096319946
0.14307490407997392
0.13891514093831603
0.16247176878460579
0.22745795024876259
0.27777536001018177
0.30661331244021994
0.33815758856408706
0.3528358297881624
0.3663776502978848
0.3597692210469603
0.3563152529439293
0.3340128285958741
0.324080588421765
0.36960287777026224
0.41924457578762286
0.5004254673092277
0.5442857899042295
0.5371875413796587
0.44178368144261526
0.3399454596141993
0.25191625213372504
0.19138407413436198
0.15358404063000108
0.12162011803370376
0.11764685183116796
0.1188170744853565
0.12308658093825642
0.14142192201624937
0.1763923687726745
0.20660669165906143
0.2220613195936849
0.25229991158068543
0.28871129880219115
0.3282677162553398
0.35192836694651675
0.3687291110360178
0.3669605089721557
0.36394579178317343
0.33322538719538386
0.35334227666889717
0.3466892738379954
0.33134334051739245
0.3103591052664356
0.3068546240218808
0.31441262562037764
0.32995311299906405
0.3565965085291154
0.3825412447802563
0.3988277859953655
0.41334503482888607
0.42631034288805836
0.44493203296716644
0.4396135531056231
0.3588813074360786
0.28806972740579795
0.18140473309551197
0.08320380276104089
0.025579493426391764
-0.014235071999706861
-0.003426301631229478
0.005440235848865882
0.004587054782376754
0.03972396657815125
0.0509254427444219
0.0465171170620593
0.028453545559763427
0.0011735330740734184
-0.019973884898689676
-0.041819045123340004
-0.0545886780928555
-0.06700247848945651
-0.02167992675331476
0.012680102206580557
0.045000007336632564
0.08352991805371346
0.11890768550546937
0.22332724550865635
0.34064377925234623
0.42640268511952684
0.4987849637624322
0.6762891046358064
0.8340170986550035
0.9635243284997372
1.096289181847709
1.2062411754233793
1.2605710686313287
1.3173701470324488
1.3383624600263175
1.3260358873789926
1.308526023743866
1.2863571328436905
1.2737136209507227
1.2729051306566035
1.1645118934020147
1.1086767635796662
1.0673337916813068
1.0540896093999166
1.0594616500940859
1.0760868420420096
1.1350030328710332
1.1759259714889723
1.2121767518642201
1.1828100690690704
1.1546588349611042
1.1539458588164848
1.1724647457855326
1.145253507726153
1.1283132021812605
1.112034530493851
0.9526704371554047
0.7893148288218086
0.6942147841097182
0.6012650103838837
0.4878856425933975
0.38340429657348096
0.3673360636842631
0.3236777961549464
0.3209632987527016
0.3057657465158954
0.32427739548030843
0.28195712092016123
0.14611141345925915
0.09050460799963389
-0.04463484997144462
-0.18614136496257316
-0.3348926558213279
-0.395727716049862
-0.4589035431660662
-0.45570611896265945
-0.4072842914860644
-0.3595600300279074
-0.2632682359779537
-0.1715436807895543
-0.06250560136923866
0.013384848998484244
0.12047404304799869
0.2249001849139276
0.2932240197636773
0.3624380418761106
0.44213051659214386
0.3813070181865683
0.31774091291116946
0.20963358138953225
0.15222046357919083
0.061509794580423716
-0.00894465930595345
-0.0657970189560757
-0.13647297691333193
-0.1730997573935653
-0.1942392848790746
-0.21883859851436682
-0.2511333449564077
-0.336035192195709
-0.37020559584252055
-0.3597329588493636
-0.34922317923887647
-0.3181033261392585
-0.35383444041733725
-0.3790329984929173
-0.410450335098858
-0.3584729749077482
-0.3044513269097351
-0.281471901951285
-0.2817590559012402
-0.28706940825482974
-0.25812369282280656
-0.19947808732216998
-0.1123287288913204
-0.05070643966558919
-0.037307704194851965
-0.028937786242956065
0.010416972879149
0.0034394661541412574
0.008223985420727331
0.023804889328609136
0.04778653138303923
0.026224679698067632
-0.010192526992447881
-0.05970806070328649
-0.07065946510681442
-0.039465832895153596
-0.011106314937691764
-0.004396315472419587
-0.029242807616526534
-0.03286051406568902
0.04297577338180503
0.12188479977525901
0.22064984069494642
0.2722218977236892
0.3275534361468786
0.342801181067955
0.423752651565529
0.5179652218343591
0.5783371707417047
0.6014967431017837
0.6791973363895139
0.7266696752009878
0.7629610914522402
0.791953170962131
0.8063608187589466
0.8109722222293527
0.7719986255719675
0.747623316218494
0.6412310598801056
0.5589039947532441
0.4991616349574741
0.4435951272944436
0.5813128007127304
0.6739710945463884
0.7370115146082057
0.8133422601220559
0.8641956061402496
0.9217110531776527
0.9300239793092331
0.9555738727621019
0.990707579855929
0.9726817191608532
0.9347505454122569
0.8851263101452389
0.8371572258811213
0.7697325596067799
0.7543628692494195
0.680237045383798
0.6115773935841133
0.6150710888412192
0.6166623317868911
0.6294284036198832
0.6865023770800462
0.6962725449454652
0.5932860740275672
0.5048403613186352
0.3849601900062041
0.24082082555128181
0.15095312158057794
0.13159284117598702
0.16498207161304634
0.21367182445578692
0.2655378576298162
0.3006744685738667
0.3252952006857086
0.37494071412022834
0.4695524593518243
0.589979794014269
0.6518420519732899
0.670026610590341
0.6713730328091785
0.6507770300504347
0.6137429189672758
0.548337072245566
0.4859385972974479
0.4245728268844502
0.4458438535904605
0.5271491878088383
0.6004778095553789
0.7142255654116596
0.8139912064323056
0.8801666347700561
0.9074247719809634
0.9300466915593901
1.0039406651244747
1.0483997652863408
1.112048172994136
1.1405071321035223
1.1805989544974338
1.2715473333438752
1.3847912649004215
1.4348794229123811
1.4822204805627308
1.5242371982720542
1.5387489786284618
1.4851586898105325
1.4511758858670163
1.399078826700105
1.1197542529082511
0.664388773280578
0.3989667738355962
0.058753500795013736
-0.3961686702410958
-0.6034476732165857
-0.7024902088246705
-0.7714439201986778
-0.7464765841298231
-0.6393542041535625
-0.527080501586326
-0.40255749880289216
-0.2649903688980686
-0.17297637231686025
-0.01850418338880644
0.17037859930600519
0.21487228639730205
0.19319774365621356
0.03357598997836675
-0.05437375034401981
-0.07475730359414712
-0.07340267835964909
-0.013351011076451869
0.0991037888209263
0.32185206636247443
0.5104912575179839
0.5474481636750568
0.6153151229499443
0.6618341853614922
0.6354962238643438
0.46438834538225393
0.3166213953643364
0.16999893140684463
-0.1135371870729216
-0.44411347238123255
-0.5718513756930435
-0.8573057233792554
-1.073336306521945
-1.1217496145549788
-1.2478881580882017
-1.3048127832201573
-1.287756001124599
-1.2490676388596569
-1.2873649941765564
-1.2691552269269906
-1.1758493777990253
-1.1358935128848913
-1.041627398522472
-0.9688247601237947
-0.86600439388355
-0.6312702852664316
-0.44846413584393474
-0.23782738919430813
-0.12888029928748068
-0.0640311747892639
-0.20183285323690825
-0.30271091169711184
-0.3030715960645409
-0.3397465519255647
-0.4153436011453593
-0.39014644658696085
-0.41753159318577815
-0.4368615516792005
-0.3493468149645409
-0.2505550779410157
-0.17380868511507686
0.003372291166463981
0.20122220176303784
0.3566915271574942
0.4821710194447135
0.4913453060322297
0.503065031494458
0.4938304254196453
0.432187028294841
0.43169499987369875
0.3871021327505275
0.3874798642942423
0.38156528410083723
0.35830376098011385
0.274810334022618
0.23609831587862118
0.2716419811981652
0.4340405271327583
0.6352641530899774
0.7871543992852708
0.8860979942013572
0.9015882200742169
0.8915238577371696
0.9098550281503748
0.9510619596381318
0.954439786717785
1.0153320010363416
1.0520272434265507
1.1533466768617444
1.1980459494254063
1.2265135728175096
1.1862586146148146
1.1325059638031192
0.9551557791429204
0.7799935175892045
0.5761144046151827
0.45065773383140595
0.3529336876617464
0.31945263106553057
0.1915805189796984
0.174488934752965
0.22252827187291757
0.31299183727586666
0.37547469304505654
0.42437761575443034
0.5758385725793218
0.7092416147345517
0.785893578757431
0.896582054889393
0.9614396197902693
0.9657190949878824
0.9498899031492058
1.008788743474085
1.2132729730809473
1.421957099863107
1.5877185544983519
1.5805148561533855
1.4820331787201937
1.378094120629406
1.291924331184454
1.2341795686804673
1.1651412003204342
1.1020010760891736
1.109575150118225
1.1163857660111418
1.1229198669973428
1.0694132266853202
1.0049345688512048
0.9712440437607839
0.8232161001796356
0.666388267150154
0.5138662534606198
0.41567530703203204
0.30947820848854235
0.24552343100619822
0.18484065818794448
0.19609672891066054
0.2871194845944771
0.31260313438320253
0.40139978775657426
0.4257915602433613
0.35656802383934405
0.21375095617825934
0.05746144631005734
-0.12563125183466894
-0.2940127440000282
-0.4233430199953503
-0.4691105681011507
-0.5576167412689159
-0.5707071639084873
-0.5856274501774479
-0.6563753101629004
-0.6837034702231009
-0.6579554274071526
-0.5673444083526817
-0.5727704092948827
-0.5414573410769847
-0.4657624691312918
-0.4177418385154468
-0.31891976791920484
-0.24252719306527126
-0.17257266210278033
-0.09665290808521831
-0.024742662684630545
-0.10676455103609328
-0.21304647686388734
-0.32731231107048586
-0.4535910763628266
-0.7771019768105987
-1.0292875149746479
-1.0924493854553674
-1.2006026147737927
-1.1558668008491608
-1.1299413235787128
-1.2073167449174846
-1.2203164051705784
-1.1978484013831192
-1.1565031638124097
-1.322247053038268
-1.2581062566578183
-1.289641300608686
-1.5046258334564442
-1.5915781346691915
-1.4797877463865632
-1.4023419332255358
-1.3743847909099571
-1.407416698894302
-1.3545566634340105
-1.1478139999528807
-1.0165903471637066
-0.9670095326176238
-1.026910451388268
-1.0724291104564614
-1.0655174278258457
-0.9639993952566357
-0.8863199759094016
-0.9808467816889106
-1.0207542884628324
-0.993123161901984
-1.0149207770843702
-0.9217546082487402
-0.8550487729553282
-0.6262388336701079
-0.43157872286662524
-0.24969886293484223
-0.05649169994802605
-0.12628093501560045
-0.1080840996212018
-0.22082936859570879
-0.2947996412387397
-0.3007330011305811
-0.2543707152868748
-0.22224764227727434
-0.27352174868844514
-0.4125652847565888
-0.4682196403378214
-0.5292226743863253
-0.6252310852430654
-0.8124657912507445
-0.9631429742735733
-0.8179796935566586
-0.6772963893680384
-0.5864784693199425
-0.5145046873914225
-0.41140828330981094
-0.4447666981824412
-0.24785658013907153
-0.10001134604713258
0.04843168890239724
0.1577199475302109
0.22427636724483335
0.22145578289710954
0.16686466088226126
0.25166211601782607
0.33046754244723786
0.42406181732498993
0.5259027227787456
0.48905575943815904
0.4747561115505263
0.45148139630316564
0.49626636096073895
0.4422972977041866
0.357240954584519
0.3999662155646604
0.5378112902481931
0.6172645470174274
0.7604286867844863
0.9165381657211569
0.9057119676007517
0.8210166447091325
0.7307449715514949
0.6514924030261255
0.6871151843942584
0.7023680999980755
0.7123370261032989
0.6800409555357021
0.666572254640073
0.6294376121225653
0.5260422892109418
0.49248722534898803
0.45671630462985036
0.44634053323373735
0.4367944958954695
0.43977332627506627
0.521135482017236
0.6061042782652635
0.7225261015148803
0.7888733936831471
0.7737907550142182
0.7492469297362447
0.8548576941190476
0.9974205874847755
1.0982272195417693
1.1336998946302685
1.1442245950161976
1.1386332594695787
1.1794704234577509
1.2982178677007212
1.4066526878232466
1.3717154140523746
1.2788532717640706
1.1580995021367357
1.004026484717727
0.8538036164991425
0.7456028426817767
0.7365725549141473
0.7452746060562632
0.7652573849336193
0.8084089361883358
0.8016938067887907
0.7740945277436637
0.7173645026486639
0.6843270505180215
0.6604561571054788
0.6870765097266869
0.7129860925989817
0.7492115811627684
0.8057906025779218
0.8410556892091705
0.9088383078360849
1.0142481509362682
1.0511731288614428
1.0978389831808926
1.1567101210327024
1.251076583799012
0.9154826421110727
0.5607525072107507
0.25462214792070625
0.1027750060521555
-0.0014501648462044159
-0.1440772643853876
-0.2854111959128005
-0.4084060264880023
-0.4925767171777835
-0.6815015587706625
-0.8679812857305578
-0.8296109585280149
-0.7311825998865018
-0.7122636845592396
-0.7828570197062774
-0.7862467772063013
-0.772802857664395
-0.795941427645829
-0.8341163223221244
-0.8518075463628421
-0.9265192760469034
-0.9685526843595014
-1.0475639819097182
-1.3663611927115582
-1.5334717320507494
-1.6901199199526076
-1.7851335957117058
-1.752678473448654
-1.6500803172139058
-1.557513909503193
-1.4739816140536348
-1.3449125220070357
-1.242104211319763
-1.1188829833575156
-0.9653178033917911
-0.8390679142607311
-0.6943358820199279
-0.5313081729583047
-0.4228927015424091
-0.4494800861320982
-0.49131368535658027
-0.5336073067101736
-0.5411179612432164
-0.4728701881319495
-0.3609623704883873
-0.2279696093123036
-0.08124915327172744
-0.02615741599812793
0.05112706101836295
0.17351637812270582
0.2823055863052204
0.3670742852309701
0.4510032798729142
0.5245432576062115
0.547344758539765
0.5588919069825735
0.49683459305944666
0.4743413146642297
0.483780132478401
0.452157622013992
0.3995341910062038
0.8255639717299275
1.1060652685231105
1.256309052569513
1.3259608901850797
1.3348282283882753
1.2666550673432226
1.0326031100973978
0.9077806205046386
0.8157540777142174
0.857246107247299
0.8130162261353746
0.7160495371180389
0.7219011503066
0.5867149330179373
0.48595963244221707
0.4427246260942681
0.4869681073835963
0.45322174991506614
0.4557599379581845
0.445694419370291
0.28020476960819707
0.21755393526124323
0.16180110852754837
0.128960023976326
0.18883167544413482
0.21464162416965138
0.15380162417940824
0.15631393429255525
0.2760394403188613
0.34096906020919704
0.3858803100575656
0.42301143432111843
0.503800639083849
0.617515440804091
0.7207504377544609
0.7604728480503269
0.7743526848272211
0.7894053741699594
0.8173311189903245
0.794875767450165
0.7845775524250485
0.706662095664214
0.7482877785131876
0.7519114390074222
0.6811675624605158
0.5936882105072527
0.4629430079880166
0.24167604378936147
0.11023676262365711
0.09043993114893567
0.06863383041201843
-0.02322130693797675
-0.04235312014338888
-0.03149249548709321
0.004418220797099082
0.03924373689576299
0.1692668724878672
0.27172054071265705
0.38650654557694253
0.44180052471884323
0.48271950432819466
0.4959156701191958
0.5657371179828274
0.6214120690382501
0.674463304855621
0.807538033614648
0.7933882125338556
0.7679557369343044
0.7345719740878778
0.7544100447275213
0.8316742306859339
0.8853639387104479
0.9164211193292786
0.9983560622031291
1.061183898498136
1.049734042485241
1.0272449624815394
0.9947278613826427
1.011601902237814
1.1066674335135573
1.1120191735186111
1.0826391813664173
0.9977838235524246
0.9131503960359311
0.812464455584518
0.7695916500924227
0.754592969772375
0.7320089083788446
0.6739446196080934
0.5607838585577412
0.48711318062183295
0.5245950168526434
0.5782564484586885
0.6635264449735843
0.7344986162809732
0.7861207279314897
0.819042478813941
0.8564419834526973
0.8662518504678332
0.9172737903548409
0.9226634897819395
0.9063999951475381
0.8969700406393031
0.8536333526997737
0.8069607604788018
0.7401379565081498
0.7465169986199953
0.7090645702411109
0.6088206005529315
0.5268536206237684
0.5776847240611431
0.5841626188266957
0.7163988706609103
0.8083683725369468
0.9150072339495949
1.0499918099476986
1.183270636340822
1.3120984197828136
1.364774068709508
1.4236763975810618
1.5034582632487314
1.6632651753518388
1.785509773069279
1.8671200528133625
1.912573715589403
1.8468575614056988
1.643457405629647
1.5397966932120255
1.4652447152634238
1.3790086178018015
1.2095359738111284
1.2692246885421667
1.1464884779496458
1.0418889069456725
1.0597453316486138
1.0736244717948296
1.1897274762650483
1.2675720305130511
1.3519279762463867
1.3882136717697762
1.4250733170906642
1.4334436041765457
1.4516664248303641
1.4153375225311748
1.238961994937739
0.8333004902759029
0.37379607203743603
0.02839147916934337
-0.5420519764717113
-0.8980857129859459
-0.9682423486641909
-1.2025099732436928
-1.1923440577265865
-1.4399417749907144
-1.6998040391166995
-2.214484830420716
-2.333907207517967
-2.6600540458442765
-3.2861230118869145
-3.321098630114747
-3.8507109187460173
-4.080290605078538
-4.305399704923957
-4.358953600393107
-4.522627292235882
-4.661942824473378
-4.40749281854454
-4.285425175929369
-3.904586607675604
-3.765290601940592
-3.469217767640359
-3.1339388877792516
-3.0636499341249817
-2.912960172230335
-2.853280518284066
-2.4188616649822237
-2.052574980677427
-1.6473979928550122
-1.3065113309333611
-1.0001754955866886
-0.5426796148482183
-0.20502104664362264
0.0658512299391063
0.35621711799295497
0.5132821808036283
0.4299823448158051
0.5467645845979732
0.6842803208430297
0.7961884373918267
0.8611113599862676
0.7338046616219103
1.0557118255052131
1.324525658088099
1.408160426939972
1.4823278122563082
1.6205064911594462
1.6951023796959106
1.834981221578019
1.9867216243903414
2.1423561031910054
2.1301112958926467
1.9909037239074934
1.8862724244557398
1.850845683959335
1.8448748033411988
1.777471625822301
1.8369680984599484
1.8470127751189125
1.864227465485385
1.882794324845264
1.8791553484307144
1.8504623742122135
1.8555150823655282
1.849895578210564
1.8539266817028448
1.8246300850792778
1.6843592623527002
1.6598068904509802
1.654441487887965
1.6694750319859253
1.7008780407916078
1.4587648181759505
1.2897040523845362
1.1691558399796094
1.1526049970092203
1.1600068401020422
1.092119059230086
1.00957330544027
1.0137263836256665
1.055484348590923
0.9467825550056119
0.888160697063654
0.5073187731475457
0.34303682211034925
0.2847641553284035
0.3333056879026799
0.4738746446926143
0.7022537044865658
0.8312200842063504
0.9659462504172325
1.1202818959592094
1.3510828424423806
1.395259545881828
1.4508250697161031
1.450144771589592
1.450476406547594
1.4244340952187855
1.587906510321261
1.6687701408149849
1.7532729066298884
1.5888600489128777
1.426743439439221
1.3565812400431838
1.1670512187893394
1.091732213165784
1.0578930750483408
0.8259177998044294
0.6008156834552523
0.3797942275887465
0.23676260510886493
0.22766084570810108
0.19555976725681035
0.17460222060280728
0.09325243362876279
0.13335461940370408
0.21043913168765016
0.2256767305284768
0.2759267616764589
0.4741689324982161
0.5799296061201602
0.7926715599832193
0.9450117668089746
1.0846285990051854
1.261506374153555
1.5618464533448275
1.7073621937443733
1.8421180863695952
1.8859000470386036
2.0045280734968287
2.3441367571450797
2.2387233106531568
1.9280007560586796
1.4286537975344373
1.1191466222341546
0.7644255229774757
0.43272791863610394
0.16217541953402304
0.03674353611624781
-0.14387399678189183
-0.3849348556096288
-0.71116849868109
-1.0736514511782076
-1.2086032889218217
-1.5009892444706452
-1.6607903829232669
-1.7005739934495665
-1.6343468874328124
-1.5446492207348683
-1.4556931864960063
-1.2876828566806608
-1.2676957687094443
-1.12750383427732
-1.134766953347608
-1.1002031655629168
-0.9583177257861877
-0.7194066750607249
-0.3089222670208187
0.026294214515630188
0.27426956214964093
0.4297284867544846
0.6019914416127392
0.5769327467099146
0.6357623219047781
0.8237023861585584
1.0493914563657825
1.3166420184180652
1.3093976463574393
1.3438824354039411
1.0060245861509145
0.9317594680604913
1.0774233976104455
1.1992919778239326
1.3775503293723972
1.8960654901488994
2.337500146785672
2.650253691228116
2.870071953213184
2.919404466079982
2.9739251155920385
2.9713024439817275
3.043796996693814
3.0832980763247377
3.0343168490094854
2.8681482349894907
2.7736385524737273
2.581311558151228
2.3719748242564265
2.3166261395694647
2.2570326225101525
2.271413193852908
2.1273649679361455
2.1392771390020044
2.2432906633097645
2.294511773024624
2.3133598480652324
2.2678208460613547
2.2025885343633007
1.9890920709637498
1.7640557448809489
1.593328531322726
1.3548175018636641
1.183262351447155
1.0163433422857935
0.8137557707551082
0.5783924080412817
0.42074421748208124
0.22913711131698733
0.11182515745736055
0.044445507512421045
0.13968425555577824
0.14342763312167506
0.0681448523037318
0.057685489146663826
-0.04545708808407767
-0.07517366590130337
-0.12005457807688913
0.053398286598692835
0.26829789280400007
0.27211058947558797
0.19154669532335333
0.1575546542873809
0.07240938680470776
-0.011039659228586629
0.14176263230235975
0.6429296816735928
1.0456054243251742
1.3882645346312472
1.6343280422944702
1.879644579578354
1.7056087095507309
1.6787307589294613
1.5293736289561508
1.6566190593261751
1.8417763047388291
2.5344688720520594
3.0175814666631027
3.503814193762622
3.8245341526790355
3.994733064108118
4.129900354210733
4.190770853376208
4.223489307484911
4.271950034157456
4.286801249688651
4.205271293077132
4.029414134823227
3.7010886061703303
3.4255273879447117
3.2675574506746443
2.8520420193088682
2.5159312814791974
2.402016098292279
2.262777469892285
1.9319408485923333
1.739986559162844
1.8068889144599893
1.5021955857119167
1.3601514484407886
1.242656520755503
1.3747199256889644
1.2517242145334677
1.1593233393995916
1.1775410646046822
1.1726514619825252
0.9366419057573552
0.7689011385047735
0.6103298887505986
0.5364545349759453
0.44095122997072167
0.3583099117019515
0.254339057994855
0.25134982331530864
0.24450810263984124
0.28857241809838285
0.5954989689369512
1.1793815572987967
1.6202088323944963
2.0465581553096683
2.4201304845886398
2.7667622334704305
2.882804320606567
2.9906458364495023
2.9914768132770604
3.124840651104961
3.198104757495784
3.2375670750453907
3.196609480762831
3.1267350017820945
2.935167355079926
2.940609253651715
2.9569911504779185
2.8578720394666846
3.0379764272248337
3.3438135107161315
3.4664684219665105
3.46343222614135
3.2583706417934906
3.0705087689048014
2.986491473668849
2.9557946103136175
2.670589889859002
2.2854800217954363
1.6797843913812756
1.2773928944536266
1.1637138118645254
1.0823278438142836
0.9345144230321125
0.8291162745528879
0.9260704703708598
0.9476435063832014
1.1993249651587092
1.3924160323492458
1.62539143800484
1.6656729603921718
1.7143473470733852
1.8057377294791763
1.8227390077619958
1.748796817587305
1.8589981257413655
1.981309659760086
2.121408164209697
2.2410987518232446
2.4297898526804573
2.519342323480444
2.613084236569989
2.6313027047107482
2.5887472159285494
2.5797108570946534
2.479135413973765
2.4428828204116257
2.430076139779544
2.3494323092770486
2.3249283045130227
2.256340917953324
2.1628911574889287
2.00112956539202
1.7955485426046067
1.6979786416034415
1.7896886285883653
1.9250662542122967
2.0336436739128345
2.0237014730562493
2.024558594464793
2.081092864256803
2.136012733273432
2.2414909135273717
2.2334916808041925
2.2479604117197027
2.0269486297557933
1.978071330553405
2.036812809627321
2.1176988320937653
2.51491398609096
2.943326215598688
3.0182431859464884
3.009438006716124
2.980927260225144
2.8193595386212564
2.721951242086135
2.63778834925796
2.5217261867452123
2.4747688454867216
2.4174339763920045
2.42202449148175
2.4055579067021426
2.3327759195232147
2.30500886652743
2.2583031834319627
2.23665808544456
2.065339396065923
1.8493052745400576
1.6863740275275916
1.661036050165336
1.8346488220261676
2.0533861558741933
2.245355323256291
2.304199243336029
2.517690510735406
2.7295739494253155
2.8638755790834125
2.966773457466047
2.884111896108891
2.8308344494035396
2.8161833287299487
2.7219162722836074
2.6194343925355668
2.2705738528696884
2.0945419630368747
1.9280500229952224
1.9192243096040613
1.8240286947784057
1.4965215398062242
1.0277106310544184
0.6989134662871663
0.5364101452613568
0.473817438163735
0.48371316703713774
0.39565275125681865
-0.10199757051606184
-0.6233939187354451
-1.1249444277928546
-1.2500466078762997
-1.5490003380268718
-1.5731604595709143
-1.4802696815048932
-1.244520496089251
-0.9761926602601818
-0.8512438429694669
-0.9139226868144306
-0.8579257934560474
-0.5241164158971401
-0.2356319197029677
0.09562032686761768
0.4227832925444375
0.5620491617360415
0.6939128948142184
0.45782403463141463
0.27944263057011653
0.20821585412090826
0.688939526200187
1.033911139832611
1.4632370720745485
1.424234079709322
1.54408982684771
1.6943450935060014
1.943766655749954
2.161543936081671
2.316349327984341
2.403022189319074
2.2343413245588124
2.08645308926603
2.1779479145640153
2.204271297659915
2.1748865235340986
2.1259618201357853
2.1947878832472156
2.1633520114144744
1.8848047904530176
1.619443593525574
1.389932927810861
0.8822487755628572
0.7383223522919025
0.3250199944969836
-0.06902621096651274
-0.20477655067224987
-0.40899470502364466
-0.4625445234931078
-0.16099429037782897
0.1316622677781254
0.3104310704398756
0.49234475501583574
0.4720676921598397
0.31247714543138727
0.3751738717311639
0.21819648832720873
-0.06965470269719276
-0.32641298742558433
-0.3787516470115406
-0.19778331237955626
-0.038309429222437075
0.16058052642645748
0.1856645460647428
0.2077088181485749
0.18256742302659745
0.05525090261875221
-0.013619052765363904
-0.11991098317633941
-0.7413202441512396
-1.227908577625044
-1.6387404187716186
-1.8167395318291426
-1.8203432077512787
-1.6723541178761536
-1.7381362716119497
-1.7175763919808844
-1.960778070205862
-2.1799104406446475
-2.4979034651802294
-2.990959328494455
-3.320835565751196
-3.8315322977005906
-3.988196744636724
-4.07498314980495
-3.7640095036760783
-3.285303819923854
-2.6989075998855867
-1.3983984140997165
-0.7931973448292808
-0.2808402611871941
-0.2015312098621962
-0.11516100172721622
0.13251023773898396
0.09765348526806861
-0.28754849810385963
-0.4927348305949977
-0.5580943832775631
-0.5182242937496255
-0.8942210234664572
-1.3254754744105526
-1.7332052193432332
-2.1778855101546526
-2.0955428440914545
-1.8598886077221835
-1.6244281231724074
-1.4791143223640688
-1.3018617778149348
-1.183531324403475
-1.2517168796657074
-1.7421840612471442
-2.041664559679276
-1.7275353566267313
-1.556185103442914
-1.580220113680781
-1.8789513539355767
-1.858692119744319
-1.5001564396819447
-1.1295649494573183
-0.6507642873417296
-0.2939856721888532
0.29194580662260705
0.6061660782499416
1.0694822375318722
1.4370039005506783
1.742754232552528
2.066145713519802
2.2476673514677543
2.12535372681981
2.0891032870441677
2.2716242347144657
2.182965578082076
1.7785518015521404
1.3847171726737315
0.8645765921019404
0.11104641406637938
-0.594027382471495
-0.9871818322201591
-1.5259073764644313
-1.8741178893828305
-1.9205600956988178
-2.117379377790712
-2.511338772282045
-3.216043965528712
-3.4414619366031616
-3.8775194482390987
-4.532789079278459
-4.644242141071672
-5.033223949857771
-5.105882490482628
-5.027043362764232
-4.553360141890309
-4.595302139672114
-4.662466485295269
-4.867447801244438
-4.852877919648847
-4.835897579949204
-4.831301249718365
-4.505047145201559
-4.335542645811756
-4.001047454323668
-4.036442336006729
-4.15023688888482
-4.3063691332357905
-4.191876523642378
-4.512334791308589
-4.718883915378228
-4.6309738073181705
-4.15010958388153
-3.6271522050605824
-3.1682750653651084
-2.4847527116659194
-2.1747479243988437
-1.7119212299022593
-1.3123284223047875
-0.9836238301317195
-0.8999535545959816
-1.1025885953821017
-1.6118254565785861
-1.9671044078806261
-1.968048051131987
-2.2458638553691657
-2.3398521626931057
-2.0558106591597607
-1.8083275323933066
-1.5419306325755002
-0.8486973555552453
-0.4486978802078596
-0.4533508978829275
-0.47695843243702996
-0.720081832630612
-0.9256103325584206
-0.6927040732588665
-0.39651593681604425
0.16652613466358446
0.674561891266066
0.7740589888517349
0.7097329583467769
0.4388532970342851
0.16203519854821025
0.04916558575961005
-0.26773371757165876
-0.13723912834255714
-0.027054495300205872
0.08670363333747844
-0.35803522051695325
-0.7143631027178259
-1.2063648725190603
-0.9271487422889919
-0.6188496797021799
-0.20671940511699916
0.02599516529718926
0.2415292819159447
0.6373859429934186
0.9474461968632681
1.127721815957699
1.2497299547543008
1.2800243577169539
1.5404542896499152
1.6607288276938732
1.9617904627960172
2.193655614286044
2.320802141127544
2.2192694287558083
2.1575071837914663
1.8659556559114066
1.3729625555128848
0.9471362356243844
0.597134029450828
0.555427069862418
0.00588020015351276
-0.5013252071366452
-0.9272966632566408
-1.311094451274954
-1.485168443227451
-1.7538002122255278
-2.0400066229843645
-2.0016782368497132
-2.0333965449102465
-1.8468123040189681
-1.6724019719814578
-2.040002245672156
-2.2600874907393234
-2.5639140622783714
-2.7942752319451216
-2.925364082517447
-3.1558708733527254
-3.4456881823025043
-3.5888137537878464
-3.771732044009852
-3.9007793908043027
-4.014867530362565
-3.8471032156402316
-3.8832184387553355
-4.022018060800818
-3.8336470667685916
-3.394283452193733
-3.0265282970442087
-2.7023155139668376
-2.6304983382640614
-2.612858168516283
-2.621910617408872
-2.579180648679042
-2.4038320648857905
-2.4408798626568142
-2.1549102548534194
-1.857641593157723
-1.691318256794304
-1.5225885396642127
-1.297257615039527
-0.9870725013144863
-0.5764480835228198
-1.0546603623349
-1.5944032951089042
-1.681615828836172
-1.8839432709732762
-2.35284462722079
-2.967022698457555
-3.699988311180661
-3.976015706875515
-3.99140984594888
-3.9372437178774646
-3.970393004838442
-3.4110613122146702
-2.729749044453783
-2.220689951467378
-1.581960382417492
-1.0419650005820387
-0.6461055993810874
-0.38443653050075
-0.33219520319474327
-0.16782156837443551
0.08173391890372272
0.1790011244484191
0.1454755396951697
0.052936025146593124
0.45926005816643567
0.7588102579308753
0.9489559825824898
1.0105351164389873
0.8430478688068206
0.5299109072966104
0.1828099494096449
-0.16141776088170445
-0.3901841685769796
-0.3822924301357489
-0.41482983139752605
-0.7634579884095984
-1.0550215459184926
-1.4078416783871717
-1.6299336708209182
-1.7359037173499843
-1.9578925723688911
-1.985856939931736
-2.135106787270061
-2.344973781710678
-2.2840438334450823
-2.2278270512508414
-2.0810158151680582
-2.0212516755729126
-2.1061517418647213
-2.037783407760955
-1.9099417883315084
-1.752915955759562
-1.3690017466164761
-1.080533207512687
-0.7712142217755087
-0.5711356033861534
-0.4381839630674307
-0.1591111036410382
0.48972463435917746
1.1464509533265357
1.4883709929354154
1.5414611540454075
1.759335678928565
2.0336320420434504
2.0051901955305453
2.113218382938939
2.298217840620353
3.0048903659884445
3.2387232199563982
3.2454159320970035
3.5782330932518676
3.156842099832531
2.4285517373698156
1.7824149456259022
1.267038037928117
0.844824684031181
0.6759132072985068
0.4305733201595814
0.13851967171736135
-0.2944964081122521
-0.6503409560344551
-0.9799591350903256
-1.364247445288882
-1.5899519909397384
-1.7327121445477047
-1.8080631966809477
-1.702904834070523
-1.4646992972631523
-1.1369344395003367
-0.9796610175524307
-0.8069860058714653
-0.8212491624235838
-0.954689088710623
-0.9965044181963094
-0.8113001460448714
-0.4734754711872
0.1571672452699744
0.7603526041155675
1.1819896338755882
1.8107705842018333
2.153539289961543
2.5602836277360126
2.8338261639274975
2.7765295622094044
2.5643854075880483
2.412028830618084
2.218905681732778
2.2561008950505226
2.3321247771623206
2.3818627909438987
2.3801258686437308
2.6667411708280753
2.705351185766986
2.638560620862833
2.4843677702739626
2.572172696731627
2.712963494437602
2.5498455165362657
2.289285123900399
2.051075951909212
1.911270569041804
1.7807534671892284
1.727604311642338
1.4931701698974962
1.2797166878505521
1.410604403061953
1.4851105607436494
1.4858760630372103
1.3315373978163763
1.2066106182812177
1.022390078724655
0.9465772992453054
1.0379312000168284
1.0737452344496887
