11.054563522338867
10.802980422973633
10.535717010498047
10.503501892089844
10.307832717895508
10.253189086914062
10.053601264953613
10.100013732910156
9.981242179870605
10.001201629638672
10.194211959838867
10.067420959472656
10.170194625854492
10.103172302246094
10.17009162902832
10.474454879760742
10.374992370605469
10.500373840332031
10.451440811157227
10.532184600830078
10.855669975280762
10.756426811218262
10.879692077636719
10.826787948608398
10.90220832824707
11.206770896911621
11.101966857910156
11.220885276794434
11.165323257446289
11.240230560302734
11.560179710388184
11.467276573181152
11.60193920135498
11.665021896362305
12.082367897033691
12.030313491821289
12.209787368774414
12.222573280334473
12.373473167419434
12.964188575744629
12.97424030303955
13.21716022491455
13.294179916381836
13.509526252746582
14.288788795471191
14.358016967773438
14.657231330871582
14.787049293518066
15.051091194152832
15.946224212646484
16.042287826538086
16.361684799194336
16.50465202331543
16.774486541748047
17.640439987182617
17.710773468017578
17.99635887145996
18.097484588623047
18.317569732666016
18.988998413085938
18.98044204711914
19.180789947509766
19.190814971923828
19.314472198486328
19.67064666748047
19.55052947998047
19.637237548828125
19.532258987426758
19.540285110473633
19.55314064025879
19.32217788696289
19.30099868774414
19.091745376586914
18.99974250793457
18.43501091003418
18.3429012298584
18.069766998291016
17.92119789123535
17.541141510009766
17.206789016723633
17.096710205078125
16.813289642333984
16.66197395324707
16.316604614257812
16.00710678100586
15.927910804748535
15.680974960327148
15.571287155151367
15.376694679260254
15.124353408813477
15.104866027832031
14.919662475585938
14.873188972473145
14.872013092041016
14.683784484863281
14.727476119995117
14.604117393493652
14.617783546447754
14.783645629882812
14.64578914642334
14.736878395080566
14.657817840576172
14.712592124938965
14.98238754272461
14.872815132141113
14.989151000976562
14.932426452636719
15.006787300109863
15.320781707763672
15.221809387207031
15.347074508666992
15.297849655151367
15.378531455993652
15.706750869750977
15.61169147491455
15.740781784057617
15.695474624633789
15.780315399169922
16.12356948852539
16.034610748291016
16.17040252685547
16.13237762451172
16.225032806396484
16.59413719177246
16.514192581176758
16.658939361572266
16.62962532043457
16.730562210083008
17.119762420654297
17.044204711914062
17.191818237304688
17.163637161254883
17.26376724243164
17.63714599609375
17.551345825195312
17.686044692993164
17.723892211914062
18.025346755981445
17.910247802734375
18.013174057006836
17.93526840209961
17.98078727722168
18.16368865966797
18.00670623779297
18.0671329498291
17.946468353271484
17.94936180114746
18.009159088134766
17.814096450805664
17.838586807250977
17.684528350830078
17.656946182250977
17.646265029907227
17.43570327758789
17.288589477539062
17.25930404663086
17.272918701171875
17.080280303955078
16.983245849609375
16.98577117919922
17.11872100830078
16.972671508789062
17.058101654052734
16.976478576660156
17.032278060913086
17.329954147338867
17.238510131835938
17.377408981323242
17.347503662109375
17.45267105102539
17.82137680053711
17.989479064941406
17.983261108398438
18.106203079223633
18.546672821044922
18.480670928955078
18.632854461669922
18.603588104248047
18.69637107849121
19.00502586364746
18.882076263427734
18.97136116027832
18.873674392700195
18.911775588989258
19.049352645874023
18.863372802734375
18.887794494628906
18.724172592163086
18.677265167236328
18.278413772583008
18.222389221191406
17.982715606689453
17.864883422851562
17.56072998046875
17.246631622314453
17.154647827148438
16.887489318847656
16.75098419189453
16.445899963378906
16.15020179748535
16.085933685302734
15.855670928955078
15.765005111694336
15.647624969482422
15.429675102233887
15.44979476928711
15.309892654418945
15.314824104309082
15.507722854614258
15.398165702819824
15.527670860290527
15.497209548950195
15.610725402832031
16.115007400512695
16.101484298706055
16.321731567382812
16.375930786132812
16.567293167114258
17.25774383544922
17.28867530822754
17.54384994506836
17.62314224243164
17.82953643798828
18.503719329833984
18.50889015197754
18.728412628173828
18.762460708618164
18.91438102722168
19.374725341796875
19.29378890991211
19.420936584472656
19.35710906982422
19.539554595947266
19.345989227294922
19.360246658325195
19.18416976928711
19.12281036376953
18.941539764404297
18.651792526245117
18.57539939880371
18.314868927001953
18.17584228515625
17.80727767944336
17.471628189086914
17.358057022094727
17.0692195892334
16.910844802856445
16.537525177001953
16.2175350189209
16.12779998779297
15.87060832977295
15.751262664794922
15.534221649169922
15.277454376220703
15.255452156066895
15.069831848144531
15.025195121765137
14.867585182189941
14.925517082214355
14.81886100769043
14.851606369018555
15.087636947631836
14.976886749267578
15.096595764160156
15.04741382598877
15.133078575134277
15.498920440673828
15.421581268310547
15.569814682006836
15.54440689086914
15.649273872375488
16.047908782958984
15.974353790283203
16.123470306396484
16.096485137939453
16.19779396057129
16.578948974609375
16.49901580810547
16.642345428466797
16.610660552978516
16.708847045898438
17.09453010559082
17.02205467224121
17.176361083984375
17.159439086914062
17.7435245513916
17.70671272277832
17.900842666625977
17.927762985229492
18.092357635498047
18.72240447998047
18.745309829711914
19.00113296508789
19.091217041015625
19.319900512695312
20.141971588134766
20.226776123046875
20.542396545410156
20.68955421447754
20.971965789794922
21.92921257019043
22.04854965209961
22.392601013183594
22.561641693115234
22.858997344970703
23.8162899017334
23.91996955871582
24.240314483642578
24.377561569213867
24.635074615478516
25.42591094970703
25.45924186706543
25.702354431152344
25.75590705871582
25.923736572265625
26.4150447845459
26.340408325195312
26.472593307495117
26.4129581451416
26.466053009033203
26.611244201660156
26.42303466796875
26.443737030029297
26.275413513183594
26.22327423095703
25.80595588684082
25.74740219116211
25.50643539428711
25.388622283935547
25.092365264892578
24.783180236816406
24.69692611694336
24.436046600341797
24.306039810180664
24.017868041992188
23.725452423095703
23.66248321533203
23.431020736694336
23.336139678955078
23.182964324951172
22.943748474121094
22.937213897705078
22.764875411987305
22.73126983642578
22.769540786743164
22.594985961914062
22.65272331237793
22.543838500976562
22.572446823120117
22.786327362060547
22.66561508178711
22.774444580078125
22.71371078491211
22.787403106689453
23.117324829101562
23.02883529663086
23.166725158691406
23.131988525390625
23.228729248046875
23.61178207397461
23.53632354736328
23.685272216796875
23.659860610961914
23.76443862915039
24.164493560791016
24.093318939208984
24.246227264404297
24.217622756958008
24.312763214111328
24.686237335205078
24.607128143310547
24.75267791748047
24.724328994750977
24.82660675048828
25.22452163696289
25.154273986816406
25.308822631835938
25.289457321166992
25.400531768798828
25.821674346923828
25.757404327392578
25.91668701171875
25.900592803955078
26.013248443603516
26.427074432373047
26.35576057434082
26.505455017089844
26.574810028076172
26.927043914794922
26.829700469970703
26.950733184814453
26.891231536865234
26.955408096313477
27.19515037536621
27.05718994140625
27.136552810668945
27.034671783447266
27.056121826171875
27.169452667236328
26.991287231445312
27.03209686279297
26.893707275390625
26.881088256835938
26.91060447692871
26.711753845214844
26.73598861694336
26.565135955810547
26.600557327270508
26.413501739501953
26.454444885253906
26.331348419189453
26.471418380737305
26.326950073242188
26.413738250732422
26.333335876464844
26.390331268310547
26.692506790161133
26.603242874145508
26.744827270507812
26.71823501586914
26.827438354492188
27.22134780883789
27.39839744567871
27.402318954467773
27.536630630493164
28.018882751464844
27.96940040588379
28.139379501342773
28.129161834716797
28.242202758789062
28.618324279785156
28.519832611083984
28.634410858154297
28.562744140625
28.608701705932617
28.75480842590332
28.572011947631836
28.599552154541016
28.438840866088867
28.394479751586914
27.999433517456055
27.94208526611328
27.699941635131836
27.57836151123047
27.254451751708984
26.930667877197266
26.82735252380371
26.547189712524414
26.39597511291504
26.036598205566406
25.719482421875
25.63222312927246
25.37746238708496
25.260868072509766
25.058168411254883
24.80966567993164
24.798397064208984
24.626419067382812
24.598758697509766
24.692323684692383
24.54970359802246
24.646440505981445
24.58368492126465
24.665538787841797
25.080171585083008
25.039031982421875
25.232999801635742
25.26238250732422
25.43048858642578
26.06134033203125
26.075990676879883
26.316734313964844
26.383460998535156
27.232074737548828
27.233610153198242
27.451107025146484
27.484634399414062
27.63743019104004
28.107595443725586
28.0318603515625
28.164932250976562
28.10757827758789
28.163803100585938
28.3182430267334
28.13147735595703
28.15212631225586
27.98186492919922
27.925601959228516
27.753925323486328
27.465076446533203
27.388263702392578
27.125905990600586
26.983579635620117
26.595718383789062
26.250410079956055
26.125545501708984
25.823810577392578
25.650951385498047
25.22512435913086
24.884838104248047
24.773540496826172
24.49362564086914
24.35049819946289
24.056900024414062
23.77328872680664
23.72399139404297
23.5107421875
23.438289642333984
23.169902801513672
23.200841903686523
23.067672729492188
23.074478149414062
23.236896514892578
23.103206634521484
23.200841903686523
23.130481719970703
23.195863723754883
23.506256103515625
23.412151336669922
23.54442596435547
23.503803253173828
23.594135284423828
23.952571868896484
23.866466522216797
24.003320693969727
23.964263916015625
24.053590774536133
24.398401260375977
24.30591583251953
24.436325073242188
24.391281127929688
24.475595474243164
24.81592559814453
24.7269287109375
24.86396026611328
24.828990936279297
25.333099365234375
25.274456024169922
25.446088790893555
25.44991111755371
25.59087371826172
26.147586822509766
26.145545959472656
26.376333236694336
26.4414005279541
26.645206451416016
27.394573211669922
27.45616912841797
27.73694610595703
27.82000732421875
28.039241790771484
28.81332015991211
28.874000549316406
29.16071319580078
29.273778915405273
29.51656723022461
30.318880081176758
30.373825073242188
30.646875381469727
30.738248825073242
30.951265335083008
31.61627960205078
31.6099853515625
31.81447410583496
31.830297470092773
31.961191177368164
32.34526443481445
32.23564529418945
32.3330078125
32.238582611083984
32.25678253173828
32.29536437988281
32.070556640625
32.05392837524414
31.847434997558594
31.756187438964844
31.488697052001953
31.17130470275879
31.06772804260254
30.780378341674805
30.614805221557617
29.804197311401367
29.663166046142578
29.346172332763672
29.158740997314453
28.691072463989258
28.336641311645508
28.210697174072266
27.915388107299805
27.755882263183594
27.40508270263672
27.099079132080078
27.02545166015625
26.785816192626953
26.68480682373047
26.521100997924805
26.279560089111328
26.27060890197754
26.09539222717285
26.058080673217773
26.077123641967773
25.892555236816406
25.938106536865234
25.814682006835938
25.82627296447754
25.973388671875
25.82506561279297
25.903636932373047
25.810056686401367
25.848403930664062
26.058509826660156
25.926006317138672
26.018142700195312
25.93608856201172
25.984167098999023
26.215158462524414
26.087646484375
26.184171676635742
26.10614776611328
26.158077239990234
26.401256561279297
26.27849006652832
26.380271911621094
26.30805206298828
26.366378784179688
26.632179260253906
26.517894744873047
26.628469467163086
26.565235137939453
26.632568359375
26.923721313476562
26.81667137145996
26.93351173400879
26.875337600708008
26.94632339477539
27.23785400390625
27.12674331665039
27.23714828491211
27.229455947875977
27.46982192993164
27.336091995239258
27.421140670776367
27.326019287109375
27.354881286621094
27.490032196044922
27.31744384765625
27.36219024658203
27.225627899169922
27.212257385253906
27.219573974609375
27.005298614501953
27.009496688842773
26.833925247192383
26.783493041992188
26.695234298706055
26.455524444580078
26.43804931640625
26.244853973388672
26.080671310424805
25.84659194946289
25.839679718017578
25.661972045898438
25.60674285888672
25.41065216064453
25.445453643798828
25.312808990478516
25.31740379333496
25.462482452392578
25.32124900817871
25.4112491607666
25.333560943603516
25.392269134521484
25.59210968017578
25.723064422607422
25.6820068359375
25.772510528564453
26.13079833984375
26.042566299438477
26.175090789794922
26.128705978393555
26.206844329833984
26.485363006591797
26.35651397705078
26.441680908203125
26.341463088989258
26.35962677001953
26.425670623779297
26.21686363220215
26.2185115814209
26.031875610351562
25.961421966552734
25.457359313964844
25.370899200439453
25.098630905151367
24.94580841064453
24.520320892333984
24.15976333618164
24.01810073852539
23.697954177856445
23.505084991455078
23.010547637939453
22.64499855041504
22.50766372680664
22.20122718811035
22.03143310546875
21.660823822021484
21.353927612304688
21.283266067504883
21.0510311126709
20.962383270263672
20.870243072509766
20.665340423583984
20.699893951416016
20.57521629333496
20.595571517944336
20.82989501953125
20.730554580688477
20.867511749267578
20.841203689575195
21.432687759399414
21.399715423583984
21.594642639160156
21.617408752441406
21.77098846435547
22.308696746826172
22.27541732788086
22.459793090820312
22.461830139160156
22.584671020507812
22.973060607910156
22.875080108642578
23.034032821655273
23.003318786621094
23.086780548095703
23.324886322021484
23.166118621826172
23.214536666870117
23.071666717529297
23.042255401611328
22.94647216796875
22.680923461914062
22.62621307373047
22.384654998779297
22.261743545532227
21.923126220703125
21.591073989868164
21.477842330932617
21.186111450195312
21.02163314819336
20.611557006835938
20.2735538482666
20.16316795349121
19.88288688659668
19.738197326660156
19.433855056762695
19.1450252532959
19.089893341064453
18.870336532592773
18.791210174560547
18.705841064453125
18.495113372802734
18.519466400146484
18.380081176757812
18.38113021850586
18.39313316345215
18.488496780395508
18.41672134399414
18.481582641601562
18.795822143554688
18.70478057861328
18.840970993041992
18.805068969726562
18.900890350341797
19.279714584350586
19.20147705078125
19.346586227416992
19.316083908081055
19.414182662963867
19.785619735717773
19.701797485351562
19.840618133544922
19.803638458251953
19.895587921142578
20.25558853149414
20.17186164855957
20.313446044921875
20.282272338867188
20.383405685424805
20.735082626342773
20.905941009521484
20.908313751220703
21.04720687866211
21.59468650817871
21.588829040527344
21.81558609008789
21.87651824951172
22.07617950439453
22.814189910888672
22.872737884521484
23.16336441040039
23.287002563476562
23.547588348388672
24.451419830322266
24.557552337646484
24.890941619873047
25.05198860168457
25.344112396240234
26.30295181274414
26.41299057006836
26.74260139465332
26.891984939575195
27.1644344329834
28.0158634185791
28.07419776916504
28.344440460205078
28.42705726623535
28.625669479370117
29.21734619140625
29.178007125854492
29.345985412597656
29.322364807128906
29.41144371032715
29.661691665649414
29.50667953491211
29.559282302856445
29.421306610107422
29.397764205932617
29.32752799987793
29.073646545410156
29.032337188720703
28.805953979492188
28.700002670288086
28.11391258239746
28.025482177734375
27.759702682495117
27.622142791748047
27.296409606933594
26.9869384765625
26.904891967773438
26.65250015258789
26.535009384155273
26.30582046508789
26.039180755615234
26.004505157470703
25.803503036499023
25.740901947021484
25.69196891784668
25.488840103149414
25.518503189086914
25.382171630859375
25.38408660888672
25.523414611816406
25.37994384765625
25.467144012451172
25.385955810546875
25.44036865234375
25.71947479248047
25.616304397583008
25.74056625366211
25.693206787109375
25.778249740600586
26.131010055541992
26.04676628112793
26.18744659423828
26.154186248779297
26.251239776611328
26.62989616394043
26.551715850830078
26.697572708129883
26.668834686279297
26.769989013671875
27.16031265258789
27.08637237548828
27.236854553222656
27.213233947753906
27.32006072998047
27.73090362548828
27.664901733398438
27.82377815246582
27.808883666992188
27.92465591430664
28.362051010131836
28.304183959960938
28.470502853393555
28.462133407592773
28.583288192749023
29.0278263092041
28.968645095825195
29.131473541259766
29.23013687133789
29.63382339477539
29.55550765991211
29.6964054107666
29.65753936767578
29.74303436279297
30.04981231689453
29.934839248657227
30.03728485107422
29.95845603942871
30.002761840820312
30.182111740112305
30.024599075317383
30.08514404296875
29.965436935424805
29.970312118530273
30.04404640197754
29.856847763061523
29.891061782836914
29.748703002929688
29.73491859436035
29.5913143157959
29.629924774169922
29.496906280517578
29.497385025024414
29.465320587158203
29.54966926574707
29.466190338134766
29.51966094970703
29.810693740844727
29.718233108520508
29.85725975036621
29.828948974609375
29.93749237060547
30.343406677246094
30.528034210205078
30.541675567626953
30.68798065185547
31.220823287963867
31.193288803100586
31.38780975341797
31.404712677001953
31.54743003845215
32.02714538574219
31.967693328857422
32.12331771850586
32.09452819824219
32.185001373291016
32.472198486328125
32.33811950683594
32.41477966308594
32.30330276489258
32.308013916015625
32.326637268066406
32.10179138183594
32.08836364746094
31.888280868530273
31.806669235229492
31.293397903442383
31.216411590576172
30.959379196166992
30.82801055908203
30.507888793945312
30.19707489013672
30.1127872467041
29.857751846313477
29.73773956298828
29.507539749145508
29.2447566986084
29.21704864501953
29.02672576904297
28.97908592224121
29.006032943725586
28.840045928955078
28.913394927978516
28.827552795410156
28.88697624206543
29.2414608001709
29.18368911743164
29.363245010375977
29.380680084228516
29.539562225341797
30.16114616394043
30.179407119750977
30.427339553833008
30.50490379333496
30.715120315551758
31.43390464782715
31.464656829833984
31.714847564697266
31.784414291381836
31.9764347076416
32.58128356933594
32.555335998535156
32.74018096923828
32.73629379272461
33.171539306640625
33.04197692871094
33.11957931518555
33.005714416503906
33.004966735839844
32.99158477783203
32.7518310546875
32.72186279296875
32.503883361816406
32.40325927734375
32.123046875
31.807411193847656
31.70899772644043
31.43046760559082
31.277559280395508
30.892559051513672
30.559816360473633
30.45323371887207
30.17535972595215
30.031774520874023
29.723875045776367
29.43192481994629
29.372913360595703
29.148828506469727
29.06465721130371
28.962343215942383
28.74578094482422
28.76441192626953
28.619531631469727
28.61542320251465
28.612064361572266
28.705297470092773
28.632204055786133
28.696603775024414
29.01478385925293
28.926868438720703
29.067066192626953
29.036029815673828
29.137540817260742
29.537841796875
29.46800994873047
29.622034072875977
29.600858688354492
29.70861053466797
30.110029220581055
30.036235809326172
30.184932708740234
30.1575927734375
30.258865356445312
30.64409637451172
30.567646026611328
30.715829849243164
30.6905517578125
30.79684066772461
31.218029022216797
31.33349609375
31.33642578125
31.475187301635742
32.01875305175781
32.010643005371094
32.23482131958008
32.292930603027344
32.4896240234375
33.21900177001953
33.27513122558594
33.56374740600586
33.685916900634766
33.94567108154297
34.85194396972656
34.96086883544922
35.29819107055664
35.464378356933594
35.7629280090332
36.74927520751953
36.87134552001953
37.21446228027344
37.378807067871094
37.66768264770508
38.57682800292969
38.65705871582031
38.950416564941406
39.05729293823242
39.281219482421875
39.954132080078125
39.943260192871094
40.140193939208984
40.14589309692383
40.26451873779297
40.60345458984375
40.477577209472656
40.55888366699219
40.449058532714844
40.4530029296875
40.460086822509766
40.229942321777344
40.211219787597656
40.006195068359375
39.92030715942383
39.400840759277344
39.32554244995117
39.071495056152344
38.94426727294922
38.64154815673828
38.33723831176758
38.25920104980469
38.009735107421875
37.89417266845703
37.665626525878906
37.397796630859375
37.361385345458984
37.158203125
37.093074798583984
37.038169860839844
36.83674621582031
36.86821746826172
36.73389434814453
36.738067626953125
36.88636016845703
36.74677658081055
36.83839416503906
36.762168884277344
36.822105407714844
37.121341705322266
37.026058197021484
37.158782958984375
37.120426177978516
37.215003967285156
37.59919738769531
37.5262451171875
37.67856216430664
37.6572265625
37.76646423339844
38.182701110839844
38.11725616455078
38.27588653564453
38.259925842285156
38.37383270263672
38.80198669433594
38.74045944213867
38.90325164794922
38.891807556152344
39.010704040527344
39.457183837890625
39.4029426574707
39.573551177978516
39.57039260864258
39.69794464111328
40.171302795410156
40.125770568847656
40.304656982421875
40.30913543701172
40.44346237182617
40.92976379394531
40.8853645324707
41.06344223022461
41.194091796875
41.649574279785156
41.589515686035156
41.74915313720703
41.729469299316406
41.834571838378906
42.20228576660156
42.108158111572266
42.23162841796875
42.173919677734375
42.239402770996094
42.4818229675293
42.344932556152344
42.425777435302734
42.32597351074219
42.35028839111328
42.478858947753906
42.30857849121094
42.358943939208984
42.23193359375
42.23265838623047
42.13821792602539
42.18688201904297
42.06304168701172
42.071861267089844
42.05845642089844
42.13893127441406
42.05109405517578
42.09980773925781
42.37511444091797
42.27727127075195
42.41101837158203
42.37765121459961
42.481468200683594
42.873878479003906
43.05699157714844
43.07005310058594
43.21678924560547
43.757652282714844
43.7352180480957
43.936100006103516
43.960670471191406
44.11235046386719
44.626609802246094
44.581119537353516
44.75185012817383
44.739253997802734
44.8469123840332
45.190696716308594
45.076786041259766
45.174072265625
45.08353805541992
45.109378814697266
45.19105911254883
44.986637115478516
44.99310302734375
44.81224060058594
44.7490348815918
44.29872131347656
44.23426818847656
43.9882926940918
43.86642074584961
43.56500244140625
43.257041931152344
43.173912048339844
42.91832733154297
42.796119689941406
42.549835205078125
42.278770446777344
42.241477966308594
42.040374755859375
41.98088455200195
41.96723937988281
41.78653335571289
41.84484100341797
41.743804931640625
41.78802490234375
42.098655700683594
42.02739715576172
42.19429016113281
42.200050354003906
42.348365783691406
42.946258544921875
42.95966339111328
43.204402923583984
43.28050994873047
44.221923828125
44.26042175292969
44.52018356323242
44.60111999511719
44.80624008178711
45.46002960205078
45.45328140258789
45.65857696533203
45.67626953125
45.80990982055664
46.20610046386719
46.10147476196289
46.204200744628906
46.115482330322266
46.139739990234375
46.19895553588867
45.98208236694336
45.974098205566406
45.777069091796875
45.69627380371094
45.4676513671875
45.16632080078125
45.08067321777344
44.81330108642578
44.669944763183594
44.303855895996094
43.974220275878906
43.86921691894531
43.59144592285156
43.446556091308594
43.12714385986328
42.82915496826172
42.763179779052734
42.531341552734375
42.43873596191406
42.30834197998047
42.0819206237793
42.09065628051758
41.93595886230469
41.922237396240234
41.884498596191406
41.970611572265625
41.89114761352539
41.9499626159668
42.25657272338867
42.166595458984375
42.305625915527344
42.27433395385742
42.376441955566406
42.78334045410156
42.717132568359375
42.8753662109375
42.85892868041992
42.97186279296875
43.32160949707031
43.202598571777344
43.306053161621094
43.23335266113281
43.28904724121094
43.535423278808594
43.41171646118164
43.51203918457031
43.438262939453125
43.495330810546875
43.764381408691406
43.655433654785156
43.72364044189453
43.80785369873047
44.18380355834961
44.11869812011719
44.28543472290039
44.28575134277344
44.42438888549805
44.979034423828125
44.97708511352539
45.207916259765625
45.27268600463867
45.47553253173828
46.215240478515625
46.27036666870117
46.55492401123047
46.669464111328125
46.91756057739258
47.76038360595703
47.83739471435547
48.136898040771484
48.25909423828125
48.50728225708008
49.30303955078125
49.3482551574707
49.607913970947266
49.68231964111328
49.87495040893555
50.460018157958984
50.42154312133789
50.59151077270508
50.57077407836914
50.66335678100586
50.925193786621094
50.77353286743164
50.828773498535156
50.69248962402344
50.66945266723633
50.591278076171875
50.330928802490234
50.28092575073242
50.04349899291992
49.92399978637695
49.256893157958984
49.14122009277344
48.84537887573242
48.67494583129883
48.234344482421875
47.88144302368164
47.753578186035156
47.453121185302734
47.28546905517578
46.89484786987305
46.57136154174805
46.47861862182617
46.21854782104492
46.0960578918457
45.86451721191406
45.60015106201172
45.56869125366211
45.37150955200195
45.31300735473633
45.274967193603516
45.07405471801758
45.10480499267578
44.968223571777344
44.968360900878906
45.09163284301758
44.938865661621094
45.014705657958984
44.9200325012207
44.95885467529297
45.17884826660156
45.05208206176758
45.150970458984375
45.07655334472656
45.133026123046875
45.392333984375
45.27489471435547
45.381622314453125
45.31379318237305
45.3758544921875
45.64822769165039
45.53462219238281
45.645225524902344
45.581485748291016
45.6479606628418
45.93654251098633
45.82948684692383
45.947227478027344
45.891178131103516
45.9658317565918
46.28084945678711
46.182777404785156
46.30930709838867
46.26166915893555
46.34413528442383
46.67687225341797
46.582069396972656
46.710182189941406
46.74232482910156
47.05379867553711
46.946754455566406
47.05990219116211
46.99422073364258
47.05376434326172
47.28723907470703
47.14902877807617
47.127315521240234
47.14927673339844
47.2612190246582
47.08061981201172
47.11753463745117
46.973487854003906
46.953182220458984
46.94491958618164
46.727813720703125
46.73066329956055
46.55537414550781
46.50701904296875
46.436973571777344
46.20287322998047
46.024681091308594
45.978267669677734
45.9435920715332
45.757240295410156
45.609764099121094
45.59833526611328
45.6910400390625
45.531925201416016
45.6043815612793
45.509796142578125
45.552589416503906
45.81028747558594
45.704986572265625
45.82965087890625
45.78507614135742
45.87508773803711
46.17723083496094
46.326995849609375
46.30171585083008
46.404823303222656
46.78115463256836
46.69223403930664
46.82073211669922
46.767066955566406
46.834747314453125
47.06434631347656
46.91397476196289
46.97539138793945
46.849483489990234
46.840301513671875
46.81764602661133
46.57822799682617
46.54932403564453
46.332603454589844
46.232887268066406
45.62748718261719
45.52136993408203
45.23236846923828
45.0660285949707
44.621768951416016
44.26289367675781
44.12714385986328
43.817237854003906
43.639007568359375
43.21480178833008
42.881324768066406
42.78019332885742
42.513916015625
42.388038635253906
42.28068542480469
42.08289337158203
42.12357711791992
42.00455856323242
42.03059005737305
42.28712463378906
42.19855499267578
42.3487548828125
42.338623046875
42.471981048583984
43.032073974609375
43.03564453125
43.2720947265625
43.34156799316406
43.547218322753906
44.274200439453125
44.31511306762695
44.57914352416992
44.666175842285156
44.87921142578125
45.56696701049805
45.574676513671875
45.79582214355469
45.83065414428711
45.98259735107422
46.43917465209961
46.356014251708984
46.480587005615234
46.413944244384766
46.58476257324219
46.388694763183594
46.40077209472656
46.22295379638672
46.160377502441406
45.97929382324219
45.69112777709961
45.61714172363281
45.35990524291992
45.225101470947266
44.874969482421875
44.54742431640625
44.442909240722656
44.16407775878906
44.016639709472656
43.68135070800781
43.375633239746094
43.30084991455078
43.05924987792969
42.956058502197266
42.790191650390625
42.55113220214844
42.54703140258789
42.379417419433594
42.35282897949219
42.26645278930664
42.34161376953125
42.25183868408203
42.30107116699219
42.58382797241211
42.487648010253906
42.62139129638672
42.585693359375
42.684295654296875
43.0858039855957
43.01936340332031
43.17805480957031
43.16267395019531
43.27720260620117
43.703094482421875
43.63821029663086
43.795902252197266
43.77742004394531
43.887229919433594
44.294490814208984
44.2236213684082
44.37629699707031
44.354251861572266
44.46242904663086
44.880516052246094
44.81972122192383
44.986183166503906
45.11192321777344
45.621036529541016
45.599037170410156
45.808349609375
45.85078048706055
46.03114700317383
46.70967483520508
46.74892044067383
47.02107620239258
47.12741470336914
47.37220001220703
48.24101257324219
48.34063720703125
48.67061233520508
48.83156967163086
49.127174377441406
50.11988067626953
50.24950408935547
50.603031158447266
50.780704498291016
51.085819244384766
52.06113815307617
52.16907501220703
52.49283218383789
52.63267135620117
52.8919677734375
53.68383026123047
53.716224670410156
53.95785903930664
54.00944900512695
54.17491912841797
54.657470703125
54.57960510253906
54.708553314208984
54.64572525024414
54.6957893371582
54.83348846435547
54.643558502197266
54.66305160522461
54.49407196044922
54.4419059753418
54.0316047668457
53.976768493652344
53.74033737182617
53.62792205810547
53.3529167175293
53.052490234375
52.97580337524414
52.72526550292969
52.60634994506836
52.35554885864258
52.076812744140625
52.02804183959961
51.81124496459961
51.73143768310547
51.62540054321289
51.40233612060547
51.41206741333008
51.25605392456055
51.238792419433594
51.325660705566406
51.16700744628906
51.240440368652344
51.14699172973633
51.190757751464844
51.448246002197266
51.341392517089844
51.46373748779297
51.41614532470703
51.50262451171875
51.86888885498047
51.7918701171875
51.94096755981445
51.91714859008789
52.024566650390625
52.43848419189453
52.37299346923828
52.53182601928711
52.51619338989258
52.6304931640625
53.05961990356445
52.99815368652344
53.160831451416016
53.149051666259766
53.267372131347656
53.710811614990234
53.65515899658203
53.82423400878906
53.81945037841797
53.9453239440918
54.41411590576172
54.36743927001953
54.54551696777344
54.54959487915039
54.68398666381836
55.17425537109375
55.13264083862305
55.31437301635742
55.32047653198242
55.45506286621094
55.9329948425293
55.882442474365234
56.05260467529297
56.16196823120117
57.14494705200195
57.265804290771484
57.60482406616211
57.76315689086914
58.04493713378906
58.937015533447266
59.01643753051758
59.31318664550781
59.42884063720703
59.66791534423828
60.435340881347656
60.47575378417969
60.73544692993164
60.81638717651367
61.02348327636719
61.71491241455078
61.737667083740234
62.05622863769531
62.259178161621094
62.967533111572266
63.00580596923828
63.369693756103516
63.60232925415039
64.42432403564453
64.5076675415039
64.82238006591797
64.97003173828125
65.2551498413086
66.24114227294922
66.37944030761719
66.74826049804688
66.94859313964844
67.28431701660156
68.57887268066406
68.97952270507812
69.20631408691406
69.56282043457031
70.70695495605469
70.8765869140625
71.26487731933594
71.47218322753906
71.80209350585938
72.8245620727539
72.94036865234375
73.26864624023438
73.41027069091797
73.66910552978516
74.45242309570312
74.48179626464844
74.72146606445312
74.77302551269531
74.94108581542969
75.39954376220703
75.55687713623047
75.53004455566406
75.62457275390625
75.95401000976562
75.849853515625
75.96717834472656
75.90858459472656
75.97999572753906
76.29459381103516
76.20411682128906
76.3445053100586
76.31827545166016
76.43108367919922
76.92122650146484
76.90493774414062
77.12648010253906
77.18770599365234
77.3935546875
78.18883514404297
78.28014373779297
78.61068725585938
78.78141021728516
79.09642791748047
80.20747375488281
80.39714813232422
80.82118225097656
81.0797119140625
81.47606658935547
82.78562927246094
83.02433776855469
83.48811340332031
83.77671813964844
84.19315338134766
85.50180053710938
85.71977996826172
86.15274810791016
86.40089416503906
87.87434387207031
88.0096206665039
88.35333251953125
88.5062484741211
88.77242279052734
89.55623626708984
89.57935333251953
89.81011199951172
89.85035705566406
90.00493621826172
90.46923065185547
90.39366149902344
90.53099060058594
90.48359680175781
90.55704498291016
90.82217407226562
90.69650268554688
90.79219818115234
90.71205139160156
90.76166534423828
91.00888061523438
90.89459991455078
91.01007843017578
90.95771789550781
91.04280853271484
91.43692779541016
91.38336181640625
91.56448364257812
91.581787109375
91.7400894165039
92.39449310302734
92.65570831298828
92.75254821777344
92.98910522460938
93.83822631835938
93.93244934082031
94.25747680664062
94.41405487060547
94.7058334350586
95.6920166015625
95.82218170166016
96.17817687988281
96.36080932617188
96.6740493774414
97.6989517211914
97.83451843261719
98.19277954101562
98.375
98.68562316894531
99.69429779052734
99.8233871459961
100.17557525634766
100.35249328613281
100.65906524658203
101.66851806640625
101.80341339111328
102.16470336914062
102.3544692993164
103.76232147216797
103.93075561523438
104.32981872558594
104.56150817871094
104.93059539794922
106.17328643798828
106.40028381347656
106.86018371582031
107.15428924560547
107.58706665039062
109.02245330810547
109.31208801269531
109.8329086303711
110.18553161621094
110.67385864257812
112.2513427734375
112.57838439941406
113.13075256347656
113.50865173339844
114.01537322998047
115.6043930053711
115.91976165771484
116.45245361328125
116.80254364013672
117.27342987060547
118.7075424194336
118.9561538696289
119.41500091552734
119.6845703125
120.06877899169922
121.21040344238281
121.35285186767578
121.70216369628906
121.85958099365234
122.00855255126953
122.2326889038086
122.07032775878906
122.11659240722656
121.97345733642578
121.94612884521484
121.87422180175781
121.62345123291016
121.58727264404297
121.3681640625
121.27162170410156
120.74564361572266
120.67788696289062
120.43495178222656
120.32239532470703
120.08369445800781
119.80691528320312
119.75920104980469
119.54268646240234
119.46244049072266
119.35175323486328
119.1263656616211
119.1335678100586
118.9748764038086
118.95491027832031
119.03422546386719
118.87350463867188
118.94520568847656
118.85045623779297
118.89335632324219
119.15132141113281
119.04573822021484
119.16995239257812
119.12482452392578
119.21437072753906
119.59320831298828
119.5214614868164
119.67628479003906
119.6586685180664
119.7727279663086
120.20853424072266
120.15088653564453
120.3177490234375
120.31029510498047
120.4328842163086
120.88711547851562
120.8340072631836
121.00494384765625
121.00137329101562
121.1278076171875
121.5948715209961
121.54686737060547
121.72347259521484
121.72615814208984
121.85942077636719
122.3502426147461
122.31098175048828
122.49653625488281
122.50822448730469
122.650390625
123.16541290283203
123.13267517089844
123.32361602783203
123.33934783935547
123.48397827148438
123.99485778808594
123.95629119873047
124.1389389038086
124.2747802734375
124.72824096679688
124.66500854492188
124.82028198242188
124.79517364501953
124.89385223388672
125.23759460449219
125.1343765258789
125.24847412109375
125.18128967285156
125.23735809326172
125.45390319824219
125.30982208251953
125.38448333740234
125.27973175048828
125.30046081542969
125.42828369140625
125.26155090332031
125.31756591796875
125.19837188720703
125.33560180664062
125.17821502685547
125.24846649169922
125.1484375
125.40794372558594
125.29135131835938
125.40589141845703
125.3531494140625
125.437744140625
125.82289123535156
125.76148223876953
125.93107604980469
125.9327163696289
126.07041931152344
126.5815658569336
126.78892517089844
126.82362365722656
126.98917388916016
127.56816864013672
127.55196380615234
127.75575256347656
127.77983856201172
127.92770385742188
128.4110565185547
128.34915161132812
128.50067138671875
128.46630859375
128.54983520507812
128.80987548828125
128.665283203125
128.73106384277344
128.60855102539062
128.60231018066406
128.35763549804688
128.33706665039062
128.13131713867188
128.045654296875
127.82623291015625
127.53608703613281
127.4657974243164
127.21797180175781
127.09843444824219
126.82999420166016
126.54183197021484
126.48287963867188
126.25579071044922
126.16629028320312
126.04161071777344
125.81816864013672
125.83159637451172
125.6839828491211
125.68040466308594
125.84530639648438
125.72637176513672
125.84684753417969
125.80795288085938
125.91388702392578
126.40253448486328
126.38685607910156
126.60679626464844
126.66270446777344
126.85790252685547
127.57398223876953
127.61844635009766
127.88972473144531
127.98772430419922
128.96884155273438
129.00531005859375
129.25839233398438
129.32815551757812
129.51779174804688
130.10154724121094
130.0645751953125
130.23670959472656
130.21871948242188
130.31451416015625
130.58831787109375
130.44134521484375
130.50164794921875
130.37088012695312
130.3538818359375
130.2979736328125
130.046875
130.00732421875
129.78167724609375
129.67550659179688
129.3924560546875
129.08082580566406
128.98898315429688
128.71961975097656
128.57846069335938
128.24407958984375
127.9330825805664
127.85057830810547
127.59892272949219
127.48360443115234
127.27111053466797
127.01392364501953
126.99081420898438
126.8035888671875
126.75702667236328
126.76998138427734
126.59198760986328
126.6489486694336
126.54196166992188
126.57514190673828
126.7120361328125
126.83748626708984
126.7952880859375
126.88921356201172
127.28736114501953
127.22322082519531
127.38578033447266
127.37577819824219
127.49701690673828
127.94969177246094
127.89540100097656
128.06422424316406
128.05722045898438
128.1787109375
128.61996459960938
128.55950927734375
128.72183227539062
128.7085723876953
128.82447814941406
129.25820922851562
129.1998291015625
129.3671875
129.36221313476562
129.49002075195312
129.95306396484375
130.15289306640625
130.18466186523438
130.35330200195312
130.991943359375
131.01693725585938
131.2747039794922
131.36669921875
131.59747314453125
132.42823791503906
132.51730346679688
132.83810424804688
132.99154663085938
133.281494140625
134.27003479003906
134.40310668945312
134.7627410888672
134.94921875
135.2659912109375
136.29367065429688
136.42491149902344
136.77484130859375
136.94366455078125
137.23471069335938
138.13699340820312
138.21075439453125
138.49575805664062
138.59246826171875
138.80462646484375
139.43414306640625
139.40673828125
139.58642578125
139.57435607910156
139.67494201660156
139.960205078125
139.8172607421875
139.88226318359375
139.75711059570312
139.74684143066406
139.71987915039062
139.4817657470703
139.45693969726562
139.247802734375
139.159912109375
138.6544189453125
138.5882568359375
138.3455810546875
138.23193359375
137.98260498046875
137.70001220703125
137.64553833007812
137.4212646484375
137.3324737548828
137.192138671875
136.9558563232422
136.9517822265625
136.7816162109375
136.74996948242188
