132.5
130.0500030517578
127.0999984741211
125.80000305175781
127.5
129.35000610351562
128.5
130.89999389648438
131.5
133.8000030517578
134.1999969482422
134.5500030517578
134.1999969482422
137.0
137.0500030517578
139.0
141.39999389648438
144.8000030517578
145.9499969482422
144.25
145.25
144.4499969482422
143.3000030517578
151.6999969482422
154.6999969482422
152.9499969482422
151.5
151.64999389648438
155.5
157.0
159.35000610351562
157.9499969482422
156.89999389648438
158.10000610351562
158.14999389648438
160.4499969482422
162.10000610351562
161.85000610351562
160.60000610351562
161.89999389648438
161.39999389648438
163.89999389648438
165.0
163.3000030517578
165.39999389648438
167.35000610351562
168.0500030517578
167.10000610351562
166.3000030517578
170.8000030517578
170.8000030517578
172.25
174.5
172.1999969482422
170.0
168.3000030517578
165.0
165.10000610351562
166.35000610351562
163.0
163.0
163.75
164.8000030517578
162.85000610351562
162.75
165.3000030517578
165.64999389648438
168.5
171.39999389648438
171.4499969482422
172.75
169.85000610351562
169.8000030517578
169.0
165.5500030517578
164.4499969482422
163.35000610351562
161.39999389648438
160.64999389648438
161.0500030517578
162.5
159.39999389648438
156.85000610351562
158.5
159.5500030517578
154.75
153.14999389648438
157.25
161.0
157.35000610351562
156.0
154.10000610351562
160.10000610351562
159.60000610351562
161.0
165.9499969482422
165.14999389648438
165.1999969482422
166.75
166.10000610351562
165.60000610351562
166.85000610351562
166.85000610351562
161.0
165.4499969482422
165.9499969482422
164.35000610351562
162.8000030517578
160.9499969482422
160.0500030517578
154.64999389648438
162.5500030517578
165.5500030517578
160.5
158.4499969482422
160.6999969482422
158.5500030517578
159.9499969482422
163.5
169.5
170.25
169.25
169.8000030517578
164.6999969482422
160.75
159.64999389648438
162.39999389648438
159.0
154.6999969482422
154.3000030517578
149.4499969482422
150.60000610351562
157.10000610351562
160.89999389648438
161.6999969482422
162.75
162.5
163.0
167.8000030517578
169.25
167.10000610351562
168.5500030517578
167.1999969482422
165.4499969482422
164.14999389648438
171.0500030517578
169.3000030517578
168.5500030517578
170.6999969482422
171.25
172.0
175.0
175.10000610351562
174.25
172.5
161.5
158.60000610351562
160.9499969482422
161.5
159.60000610351562
157.6999969482422
153.64999389648438
145.39999389648438
142.0500030517578
141.6999969482422
147.0
150.1999969482422
151.5500030517578
149.5
146.39999389648438
145.25
149.0
148.14999389648438
147.10000610351562
147.85000610351562
152.0
148.60000610351562
149.9499969482422
148.0500030517578
148.1999969482422
152.8000030517578
155.9499969482422
154.4499969482422
150.6999969482422
152.39999389648438
147.5500030517578
148.0500030517578
146.9499969482422
150.3000030517578
145.25
148.9499969482422
154.35000610351562
151.39999389648438
151.8000030517578
156.5500030517578
159.60000610351562
160.3000030517578
164.0
165.6999969482422
162.39999389648438
159.39999389648438
159.85000610351562
161.0
158.60000610351562
160.1999969482422
159.25
157.4499969482422
167.14999389648438
169.9499969482422
169.3000030517578
166.89999389648438
169.14999389648438
169.0
167.75
168.1999969482422
170.0
172.85000610351562
169.0
169.14999389648438
168.75
169.0500030517578
172.0
166.35000610351562
157.5
162.0
164.25
165.0
163.5500030517578
162.5
160.10000610351562
155.35000610351562
158.0500030517578
158.60000610351562
156.6999969482422
157.85000610351562
157.89999389648438
158.5
152.0
153.89999389648438
154.89999389648438
151.10000610351562
147.6999969482422
147.5
145.60000610351562
143.8000030517578
148.89999389648438
153.39999389648438
147.64999389648438
144.14999389648438
143.64999389648438
145.0
145.9499969482422
146.14999389648438
145.8000030517578
147.6999969482422
142.75
141.5500030517578
138.75
131.5500030517578
137.3000030517578
135.85000610351562
136.0
141.14999389648438
138.3000030517578
136.6999969482422
138.39999389648438
140.0
136.0500030517578
134.25
142.5500030517578
144.39999389648438
141.4499969482422
144.1999969482422
145.5
146.5
148.5
148.4499969482422
154.0
153.85000610351562
152.3000030517578
153.25
150.89999389648438
148.0
146.5
143.6999969482422
151.5
152.4499969482422
149.4499969482422
155.9499969482422
153.0
156.0
154.3000030517578
151.64999389648438
149.89999389648438
152.25
151.8000030517578
153.8000030517578
156.0
155.1999969482422
154.1999969482422
153.14999389648438
154.39999389648438
155.3000030517578
155.64999389648438
157.5
158.3000030517578
158.4499969482422
156.35000610351562
156.4499969482422
151.89999389648438
151.35000610351562
149.6999969482422
149.14999389648438
150.6999969482422
147.64999389648438
152.25
153.5500030517578
148.10000610351562
148.0
147.8000030517578
147.0
145.9499969482422
146.25
145.25
142.60000610351562
150.9499969482422
152.25
152.60000610351562
150.39999389648438
150.60000610351562
152.64999389648438
154.4499969482422
151.5500030517578
149.75
149.85000610351562
147.3000030517578
146.1999969482422
147.89999389648438
146.3000030517578
146.60000610351562
144.3000030517578
144.10000610351562
143.60000610351562
144.5
149.5
148.75
145.35000610351562
143.85000610351562
144.0
146.14999389648438
143.1999969482422
144.35000610351562
141.75
144.5
141.8000030517578
145.89999389648438
143.10000610351562
143.85000610351562
145.0
145.39999389648438
143.85000610351562
143.89999389648438
145.6999969482422
144.85000610351562
145.89999389648438
148.9499969482422
147.25
145.1999969482422
141.10000610351562
139.60000610351562
138.60000610351562
137.8000030517578
138.75
141.14999389648438
144.14999389648438
144.5
144.0500030517578
133.35000610351562
133.9499969482422
134.64999389648438
135.5500030517578
135.10000610351562
136.39999389648438
136.8000030517578
136.1999969482422
133.0
133.35000610351562
133.0
134.5
137.5
139.0
140.5
138.0
139.9499969482422
139.5500030517578
140.3000030517578
142.3000030517578
142.14999389648438
142.8000030517578
143.60000610351562
149.39999389648438
154.0
154.10000610351562
153.9499969482422
152.3000030517578
150.1999969482422
150.6999969482422
150.4499969482422
153.89999389648438
151.4499969482422
153.14999389648438
153.9499969482422
156.35000610351562
158.1999969482422
158.0
157.4499969482422
157.0
157.5
156.89999389648438
156.60000610351562
156.1999969482422
156.5
155.1999969482422
155.60000610351562
155.5
154.3000030517578
151.9499969482422
153.10000610351562
157.0
155.8000030517578
155.9499969482422
156.3000030517578
153.60000610351562
149.89999389648438
152.5
149.60000610351562
147.14999389648438
147.14999389648438
147.89999389648438
148.6999969482422
151.35000610351562
151.5
153.5500030517578
153.10000610351562
153.0
152.8000030517578
153.64999389648438
149.14999389648438
151.4499969482422
151.8000030517578
154.85000610351562
156.60000610351562
155.35000610351562
155.89999389648438
162.8000030517578
164.75
163.1999969482422
164.10000610351562
166.25
166.6999969482422
166.3000030517578
167.10000610351562
168.35000610351562
167.5
167.89999389648438
167.35000610351562
167.5500030517578
166.75
167.39999389648438
166.64999389648438
164.35000610351562
162.6999969482422
163.4499969482422
163.5
164.14999389648438
160.89999389648438
166.35000610351562
162.89999389648438
163.39999389648438
163.5500030517578
166.10000610351562
162.60000610351562
166.14999389648438
166.14999389648438
169.0
168.35000610351562
167.85000610351562
168.5
168.3000030517578
166.3000030517578
170.85000610351562
170.9499969482422
169.35000610351562
169.9499969482422
171.5
174.64999389648438
176.35000610351562
176.35000610351562
176.10000610351562
178.0
177.0500030517578
176.60000610351562
177.5
179.14999389648438
179.1999969482422
178.8000030517578
179.10000610351562
179.6999969482422
179.6999969482422
180.0
180.0
179.5
181.35000610351562
182.10000610351562
180.4499969482422
177.35000610351562
177.10000610351562
180.0
181.39999389648438
180.6999969482422
184.0
188.0
187.10000610351562
187.5
186.8000030517578
189.0500030517578
189.60000610351562
190.10000610351562
190.4499969482422
190.0
193.3000030517578
193.0
186.0
185.0
188.8000030517578
187.5
188.0500030517578
188.4499969482422
185.3000030517578
184.75
183.35000610351562
186.0
185.4499969482422
189.8000030517578
190.5500030517578
189.85000610351562
188.89999389648438
188.14999389648438
187.64999389648438
190.85000610351562
191.9499969482422
191.5500030517578
191.9499969482422
190.5
191.35000610351562
194.8000030517578
193.6999969482422
194.75
194.25
193.25
194.0500030517578
196.3000030517578
197.14999389648438
198.4499969482422
198.39999389648438
198.5
198.85000610351562
201.8000030517578
200.89999389648438
197.5
200.10000610351562
202.3000030517578
200.0500030517578
202.64999389648438
202.64999389648438
203.25
202.4499969482422
205.9499969482422
204.6999969482422
206.5
204.10000610351562
207.64999389648438
209.0
212.60000610351562
210.75
209.3000030517578
210.75
204.85000610351562
204.5
205.9499969482422
215.25
220.0
225.0
225.25
226.0500030517578
227.0
228.5
232.5
234.5
238.10000610351562
233.64999389648438
233.60000610351562
233.0
232.5
231.3000030517578
231.89999389648438
230.5
227.60000610351562
229.64999389648438
229.5
228.89999389648438
226.8000030517578
227.75
228.64999389648438
227.25
225.8000030517578
227.0500030517578
227.5
231.3000030517578
231.8000030517578
229.35000610351562
226.6999969482422
228.25
227.85000610351562
227.3000030517578
224.89999389648438
228.4499969482422
228.3000030517578
228.0
232.75
234.4499969482422
230.3000030517578
231.5
231.64999389648438
232.85000610351562
231.1999969482422
228.3000030517578
226.64999389648438
219.10000610351562
219.5
220.0
221.0500030517578
222.85000610351562
218.3000030517578
216.85000610351562
217.1999969482422
216.0
217.3000030517578
217.0500030517578
220.0
222.10000610351562
221.0
223.8000030517578
221.75
220.5500030517578
220.10000610351562
221.0
218.0
215.4499969482422
212.4499969482422
214.5
216.4499969482422
215.39999389648438
218.5
222.39999389648438
221.9499969482422
221.14999389648438
217.10000610351562
213.8000030517578
216.1999969482422
217.5
217.64999389648438
218.75
218.10000610351562
216.85000610351562
217.6999969482422
218.39999389648438
217.75
218.5500030517578
216.25
214.5
217.25
219.0500030517578
221.9499969482422
220.10000610351562
220.0500030517578
216.25
218.85000610351562
218.75
221.25
225.89999389648438
227.9499969482422
229.0
229.1999969482422
230.5500030517578
229.10000610351562
229.64999389648438
230.64999389648438
229.5
229.89999389648438
231.0
231.5500030517578
230.5500030517578
231.5500030517578
233.5500030517578
233.8000030517578
234.25
235.14999389648438
234.0
231.35000610351562
237.89999389648438
239.25
239.60000610351562
241.1999969482422
242.35000610351562
240.5
239.4499969482422
241.14999389648438
241.3000030517578
238.0
241.0500030517578
242.1999969482422
244.75
250.0
253.4499969482422
254.9499969482422
256.6499938964844
255.5
255.14999389648438
257.95001220703125
259.95001220703125
257.0
254.0
249.9499969482422
248.60000610351562
245.25
245.0500030517578
246.8000030517578
246.5
246.4499969482422
249.35000610351562
252.10000610351562
246.5500030517578
248.8000030517578
249.10000610351562
248.1999969482422
249.0
246.0
245.0
245.0500030517578
242.0500030517578
243.5500030517578
249.60000610351562
248.4499969482422
248.85000610351562
247.1999969482422
246.75
247.10000610351562
244.25
247.4499969482422
253.64999389648438
252.64999389648438
250.0
252.89999389648438
250.1999969482422
251.5
248.0
245.64999389648438
241.35000610351562
244.75
245.9499969482422
246.75
247.0
246.10000610351562
242.25
239.0
242.6999969482422
243.25
241.5
243.0500030517578
238.5500030517578
241.8000030517578
245.25
244.1999969482422
242.5
246.8000030517578
251.9499969482422
251.14999389648438
252.75
253.8000030517578
251.35000610351562
246.0
236.1999969482422
238.9499969482422
241.89999389648438
236.85000610351562
238.5
241.6999969482422
239.39999389648438
242.39999389648438
244.8000030517578
249.0
245.0
244.4499969482422
245.5
247.0500030517578
248.64999389648438
251.0
245.64999389648438
246.0
241.75
238.4499969482422
242.4499969482422
240.75
241.1999969482422
245.5500030517578
248.0
247.6999969482422
243.39999389648438
244.89999389648438
247.0
248.39999389648438
247.0500030517578
251.9499969482422
250.39999389648438
247.1999969482422
244.35000610351562
248.6999969482422
243.0500030517578
246.14999389648438
249.0500030517578
256.6000061035156
258.0
263.1499938964844
264.0
274.04998779296875
275.1000061035156
278.25
280.79998779296875
281.45001220703125
280.5
280.54998779296875
282.8999938964844
278.5
279.8500061035156
279.29998779296875
281.1499938964844
280.79998779296875
281.3999938964844
285.0
290.1499938964844
292.70001220703125
291.45001220703125
291.5
291.95001220703125
292.20001220703125
293.0
292.95001220703125
293.54998779296875
293.5
297.95001220703125
307.0
306.54998779296875
309.1499938964844
312.29998779296875
307.5
304.70001220703125
307.0
307.95001220703125
301.29998779296875
299.04998779296875
299.79998779296875
300.54998779296875
303.0
305.0
309.1499938964844
307.8999938964844
293.6499938964844
300.70001220703125
302.5
296.75
291.0
304.1499938964844
300.6000061035156
290.0
290.95001220703125
288.6499938964844
286.8500061035156
285.0
280.5
281.0
281.5
284.20001220703125
283.04998779296875
283.95001220703125
285.29998779296875
285.3500061035156
285.1499938964844
289.95001220703125
290.45001220703125
290.8500061035156
287.3999938964844
292.0
296.3999938964844
293.6499938964844
298.0
298.75
295.04998779296875
294.04998779296875
295.20001220703125
306.0
310.0
301.45001220703125
300.70001220703125
299.20001220703125
299.0
297.0
295.1000061035156
295.54998779296875
299.0
303.54998779296875
299.6000061035156
300.75
295.54998779296875
299.6499938964844
300.29998779296875
293.1499938964844
298.70001220703125
297.04998779296875
297.75
299.45001220703125
300.8999938964844
299.54998779296875
301.04998779296875
303.45001220703125
309.3999938964844
309.70001220703125
309.0
299.5
304.20001220703125
290.0
281.5
282.0
285.45001220703125
286.70001220703125
286.0
290.20001220703125
292.54998779296875
291.95001220703125
287.79998779296875
287.95001220703125
291.25
298.54998779296875
303.45001220703125
305.5
303.25
305.1499938964844
306.25
304.54998779296875
306.0
301.54998779296875
300.1000061035156
289.70001220703125
284.0
282.25
284.3999938964844
260.04998779296875
267.8999938964844
262.8999938964844
260.5
267.0
264.29998779296875
260.95001220703125
265.29998779296875
260.0
265.0
257.5
262.79998779296875
263.8999938964844
262.1499938964844
263.5
268.79998779296875
280.0
277.20001220703125
277.70001220703125
274.79998779296875
276.5
268.0
266.75
265.0
267.6499938964844
270.54998779296875
266.0
265.8999938964844
257.3999938964844
256.6000061035156
259.29998779296875
258.79998779296875
261.1000061035156
257.5
256.0
259.04998779296875
257.6499938964844
260.5
261.1499938964844
257.5
256.0
249.9499969482422
246.85000610351562
248.35000610351562
250.75
256.20001220703125
248.89999389648438
250.0
248.0
253.60000610351562
248.89999389648438
249.35000610351562
250.89999389648438
252.5
250.75
253.5500030517578
254.0500030517578
248.0
246.4499969482422
252.64999389648438
251.5
261.75
259.5
261.0
254.5500030517578
253.9499969482422
252.0
248.0
247.6999969482422
254.0
256.0
255.10000610351562
257.04998779296875
259.8999938964844
259.5
256.75
271.0
280.0
282.5
284.6000061035156
282.70001220703125
288.0
287.04998779296875
282.20001220703125
286.3999938964844
285.20001220703125
296.04998779296875
298.8999938964844
289.54998779296875
294.8500061035156
295.54998779296875
297.1000061035156
296.20001220703125
297.95001220703125
302.0
301.1499938964844
303.70001220703125
300.04998779296875
305.0
309.70001220703125
307.0
308.29998779296875
306.5
302.20001220703125
308.54998779296875
306.70001220703125
306.8999938964844
310.5
316.8500061035156
316.8500061035156
318.0
320.0
320.20001220703125
319.3500061035156
310.45001220703125
319.6499938964844
322.5
322.8500061035156
329.0
332.5
334.04998779296875
335.29998779296875
334.3999938964844
334.95001220703125
336.5
330.25
328.29998779296875
340.5
346.0
343.0
344.70001220703125
347.1499938964844
349.0
349.79998779296875
348.0
348.0
347.70001220703125
346.8500061035156
346.75
349.45001220703125
350.0
346.6000061035156
344.0
333.04998779296875
334.6000061035156
335.0
333.0
326.70001220703125
336.20001220703125
336.6499938964844
340.20001220703125
339.70001220703125
332.1000061035156
336.70001220703125
334.0
335.04998779296875
338.5
339.6499938964844
338.1499938964844
338.54998779296875
337.54998779296875
335.29998779296875
336.0
342.95001220703125
351.54998779296875
350.70001220703125
360.0
359.95001220703125
357.70001220703125
355.20001220703125
355.1499938964844
355.04998779296875
358.25
370.0
369.8999938964844
370.5
370.0
368.75
370.6499938964844
368.25
368.8500061035156
380.1499938964844
377.1499938964844
378.70001220703125
382.04998779296875
381.3999938964844
378.04998779296875
380.0
381.5
380.8500061035156
383.8999938964844
384.0
381.0
385.3999938964844
379.0
384.8500061035156
380.0
385.6499938964844
384.5
385.8500061035156
375.0
383.0
379.95001220703125
372.75
373.0
367.5
349.0
343.0
353.79998779296875
364.20001220703125
366.6499938964844
366.45001220703125
353.1499938964844
360.0
350.20001220703125
346.3500061035156
351.5
357.8999938964844
356.29998779296875
368.1499938964844
365.0
352.70001220703125
354.3500061035156
357.75
355.79998779296875
361.0
362.25
363.0
365.79998779296875
370.0
377.0
378.79998779296875
379.04998779296875
375.04998779296875
381.29998779296875
381.0
377.0
367.45001220703125
368.0
365.8500061035156
367.3999938964844
367.25
366.95001220703125
368.25
358.3999938964844
362.8999938964844
360.75
366.79998779296875
357.45001220703125
350.0
350.20001220703125
349.70001220703125
354.04998779296875
351.1499938964844
374.8500061035156
378.0
375.8500061035156
382.5
379.54998779296875
379.20001220703125
373.8999938964844
375.6499938964844
374.3500061035156
374.3999938964844
377.6000061035156
376.1499938964844
385.0
382.6000061035156
379.54998779296875
385.8999938964844
384.5
391.0
399.0
400.54998779296875
402.0
402.25
400.3999938964844
403.8999938964844
403.0
403.04998779296875
405.6000061035156
406.6499938964844
403.25
397.0
397.0
394.6499938964844
400.6000061035156
405.8999938964844
410.95001220703125
408.0
405.75
408.0
390.95001220703125
391.1000061035156
398.20001220703125
395.29998779296875
401.95001220703125
398.6000061035156
397.45001220703125
400.04998779296875
406.75
406.79998779296875
407.3999938964844
401.5
401.45001220703125
403.75
410.0
413.0
414.1000061035156
417.0
419.25
414.20001220703125
418.0
417.0
415.0
417.6000061035156
414.70001220703125
422.0
425.20001220703125
424.54998779296875
427.6000061035156
432.6000061035156
432.6000061035156
435.0
438.25
419.70001220703125
426.3999938964844
417.8500061035156
417.1000061035156
402.8999938964844
402.5
412.0
400.04998779296875
400.79998779296875
394.6499938964844
400.0
408.54998779296875
418.3500061035156
414.1499938964844
411.0
416.04998779296875
414.1000061035156
421.54998779296875
421.0
415.75
409.8999938964844
412.3500061035156
419.04998779296875
407.95001220703125
384.20001220703125
387.54998779296875
377.0
375.0
355.75
385.0
385.0
378.25
388.0
365.0
340.75
342.29998779296875
337.20001220703125
307.1000061035156
316.54998779296875
292.0
307.0
296.1000061035156
291.29998779296875
315.54998779296875
300.0
324.04998779296875
349.29998779296875
350.5
351.3999938964844
348.6000061035156
355.0
328.0
326.1499938964844
323.54998779296875
336.5
350.0
349.45001220703125
351.0
351.20001220703125
352.0
343.3999938964844
360.0
364.25
353.3500061035156
353.0
358.0
344.0
347.29998779296875
350.54998779296875
356.5
361.6000061035156
345.0
342.0
342.54998779296875
339.25
350.0
355.0
346.75
343.5
330.1000061035156
333.75
336.1499938964844
355.0
355.6499938964844
356.54998779296875
353.0
357.70001220703125
365.0
367.8999938964844
377.5
386.0
383.3500061035156
383.6000061035156
388.0
392.0
392.3999938964844
401.0
397.20001220703125
397.29998779296875
390.0
373.20001220703125
369.1499938964844
377.6000061035156
376.45001220703125
379.8500061035156
381.3999938964844
376.0
383.20001220703125
388.1000061035156
381.3999938964844
386.54998779296875
387.04998779296875
389.54998779296875
391.3500061035156
395.29998779296875
402.5
404.6499938964844
399.8999938964844
399.0
402.0
395.04998779296875
405.0
403.5
407.20001220703125
407.95001220703125
409.79998779296875
410.25
414.54998779296875
411.3500061035156
406.5
397.8999938964844
400.0
391.79998779296875
383.0
384.0
373.3500061035156
366.45001220703125
374.25
374.45001220703125
375.70001220703125
372.95001220703125
376.0
374.0
383.45001220703125
391.1000061035156
390.0
388.45001220703125
386.20001220703125
386.29998779296875
381.3500061035156
385.0
389.8500061035156
395.3500061035156
395.29998779296875
404.0
401.1000061035156
397.79998779296875
395.1000061035156
399.1000061035156
411.0
404.95001220703125
405.6000061035156
408.1000061035156
403.45001220703125
400.0
405.3999938964844
420.0
421.70001220703125
422.6499938964844
420.0
420.0
411.1000061035156
396.29998779296875
396.1000061035156
394.8500061035156
400.70001220703125
404.0
404.8500061035156
405.20001220703125
404.20001220703125
404.45001220703125
410.0
412.45001220703125
413.0
412.54998779296875
408.04998779296875
412.70001220703125
417.5
416.75
408.95001220703125
422.45001220703125
436.70001220703125
429.8999938964844
431.5
423.79998779296875
423.79998779296875
423.1000061035156
419.95001220703125
410.5
398.0
397.54998779296875
402.29998779296875
409.5
402.75
426.25
435.29998779296875
440.3999938964844
461.79998779296875
473.70001220703125
482.04998779296875
472.0
475.04998779296875
476.6000061035156
475.70001220703125
484.75
487.54998779296875
495.5
495.0
494.29998779296875
497.20001220703125
494.5
491.04998779296875
487.0
495.0
498.0
497.5
491.6000061035156
492.04998779296875
498.3500061035156
498.45001220703125
499.29998779296875
501.6000061035156
510.5
509.5
510.0
500.6000061035156
490.04998779296875
493.3500061035156
493.8500061035156
497.0
499.54998779296875
506.8999938964844
512.5999755859375
512.2000122070312
516.2000122070312
509.6000061035156
511.8999938964844
505.20001220703125
520.5
522.0
522.0
517.2000122070312
513.4000244140625
506.0
494.0
502.1000061035156
493.0
510.8999938964844
507.0
513.2999877929688
500.5
515.0
504.0
507.5
505.0
512.7000122070312
526.0999755859375
523.2999877929688
527.0
530.7999877929688
531.5999755859375
541.9000244140625
530.0
529.2999877929688
531.2000122070312
535.9000244140625
536.0
534.2000122070312
536.5999755859375
539.7000122070312
545.0
538.0
533.9000244140625
523.5999755859375
530.0
537.0999755859375
543.2000122070312
542.0999755859375
530.0
525.0999755859375
532.7000122070312
540.5
553.7000122070312
565.9000244140625
564.7000122070312
556.2000122070312
560.4000244140625
570.5
559.0999755859375
556.2000122070312
554.7000122070312
550.0
550.0
555.5999755859375
555.5999755859375
557.7999877929688
573.5
573.7000122070312
580.0
576.7000122070312
580.2999877929688
586.5
588.7999877929688
590.0999755859375
610.0
610.9000244140625
617.0999755859375
632.2000122070312
621.2999877929688
605.0
628.0
630.4000244140625
623.9000244140625
625.0
632.7000122070312
635.9000244140625
635.5
627.2999877929688
631.2999877929688
622.9000244140625
628.5999755859375
630.0
631.7000122070312
615.5
609.5
606.0
624.5
630.0
627.9000244140625
619.5
622.0
629.5
634.0
638.0999755859375
642.2000122070312
640.9000244140625
648.7999877929688
656.7999877929688
655.5999755859375
658.5999755859375
659.2000122070312
655.0
650.9000244140625
657.7999877929688
667.0
665.0
658.4000244140625
673.7999877929688
676.5999755859375
680.0999755859375
683.0
687.0
677.0
680.0
681.2000122070312
673.2000122070312
673.9000244140625
670.7000122070312
667.0999755859375
676.0
665.2000122070312
662.9000244140625
660.9000244140625
659.0
655.0
655.7000122070312
647.5
662.0
668.7999877929688
666.2000122070312
671.0999755859375
667.0999755859375
648.5999755859375
644.0
649.5
660.0
665.0
670.0
683.0
669.4000244140625
692.0
675.2000122070312
678.9000244140625
690.5999755859375
698.9000244140625
692.0999755859375
695.9000244140625
698.0999755859375
699.9000244140625
703.5999755859375
704.7999877929688
713.0
705.0999755859375
691.2000122070312
690.5
635.2999877929688
613.2000122070312
628.5
646.0
625.0
620.0
621.0
625.0
627.0999755859375
631.9000244140625
647.5999755859375
646.5999755859375
639.5999755859375
653.0
652.0
641.9000244140625
670.5
666.0
654.2999877929688
645.2000122070312
623.5
634.2999877929688
615.0
622.5999755859375
646.5
649.7000122070312
647.5
648.2999877929688
635.0
626.0
631.0
614.0
622.5
623.0999755859375
625.0
634.5
638.4000244140625
625.2999877929688
627.0
636.0
660.0
672.0
659.0
653.0
643.7000122070312
651.0999755859375
663.0
667.9000244140625
660.4000244140625
659.5999755859375
662.5
667.2999877929688
680.0
684.5
684.2000122070312
687.0
691.2000122070312
714.9000244140625
703.2000122070312
703.2000122070312
694.7000122070312
706.0
719.2999877929688
724.5
729.0
729.0
733.0
732.2999877929688
722.0
721.0
732.0
697.0
712.7000122070312
687.0
690.0
688.0
700.0
683.7999877929688
701.2999877929688
723.4000244140625
718.7999877929688
709.0
713.7999877929688
707.2999877929688
705.0
723.2000122070312
708.0
680.2000122070312
709.7000122070312
706.0
715.0
720.9000244140625
717.0
722.7000122070312
730.0
729.0999755859375
727.2999877929688
734.0
734.5999755859375
742.5
741.4000244140625
727.4000244140625
724.2000122070312
718.0999755859375
717.0999755859375
702.0999755859375
683.7000122070312
677.0999755859375
688.4000244140625
679.0999755859375
702.7999877929688
691.0999755859375
690.7000122070312
678.0
673.7000122070312
675.4000244140625
728.7000122070312
730.0
721.0
735.0
732.0
709.4000244140625
710.0
716.0999755859375
713.0
716.4000244140625
695.0
672.7999877929688
667.5
700.0
694.9000244140625
679.0999755859375
693.5999755859375
650.4000244140625
676.2000122070312
631.0
638.5999755859375
650.7000122070312
659.0
625.0
629.7000122070312
605.5999755859375
554.0
555.0
578.2999877929688
600.0
592.5999755859375
596.9000244140625
588.5999755859375
605.2999877929688
637.5
634.9000244140625
638.0
631.0999755859375
644.2000122070312
633.0
627.9000244140625
628.0999755859375
647.5
669.5
666.2000122070312
650.2000122070312
653.7999877929688
666.0
657.5999755859375
641.4000244140625
632.4000244140625
625.2999877929688
611.5999755859375
639.0
639.0
639.9000244140625
631.0
640.0
638.0
627.0
622.0999755859375
610.0999755859375
626.0
621.2999877929688
614.4000244140625
613.0
602.0
610.7000122070312
570.5
553.4000244140625
555.4000244140625
558.5
555.0
570.0
577.7999877929688
580.7000122070312
596.0
571.2000122070312
564.2000122070312
564.4000244140625
551.5
557.0
552.2000122070312
577.0
602.2000122070312
605.2999877929688
601.4000244140625
598.5
614.4000244140625
613.7000122070312
610.0
614.0
589.2999877929688
580.0
560.0
555.7999877929688
552.2999877929688
548.0999755859375
546.4000244140625
547.0
547.0
547.0
546.4000244140625
571.9000244140625
598.0
588.7000122070312
578.5
573.5
577.2000122070312
586.0
590.9000244140625
582.0
603.2000122070312
611.9000244140625
586.0
600.0
609.2000122070312
602.2000122070312
605.7000122070312
608.5999755859375
609.0
633.7999877929688
620.0
632.7999877929688
633.2000122070312
635.0
618.0
644.0999755859375
666.7999877929688
671.9000244140625
681.0999755859375
675.4000244140625
688.0
694.4000244140625
685.2000122070312
688.0
675.2999877929688
695.0
692.0999755859375
696.5
699.5
699.5999755859375
700.0
700.7000122070312
692.0
676.0
674.2000122070312
691.0999755859375
690.5999755859375
655.0
667.0
664.7999877929688
635.2000122070312
638.2000122070312
629.5999755859375
633.2000122070312
634.4000244140625
644.7000122070312
642.5
652.5
664.0
645.7000122070312
654.0999755859375
634.0
632.9000244140625
643.9000244140625
630.0
631.4000244140625
629.2999877929688
601.5
611.9000244140625
599.0999755859375
610.2000122070312
610.9000244140625
601.0
614.0999755859375
644.2000122070312
641.7999877929688
632.5999755859375
607.9000244140625
605.2999877929688
622.5999755859375
624.0
628.0
627.5999755859375
646.5999755859375
635.5
626.7000122070312
626.5
629.5
641.0
659.4000244140625
658.0
650.0
649.0
652.0
655.5999755859375
632.2000122070312
638.0
661.0
651.9000244140625
653.0
650.0
702.7999877929688
704.5
701.2999877929688
702.0999755859375
701.4000244140625
700.7999877929688
696.0
697.0
702.0
700.0
702.2000122070312
694.7000122070312
704.7000122070312
708.0
736.9000244140625
715.0
716.4000244140625
713.0
707.5999755859375
713.2000122070312
721.9000244140625
714.5999755859375
717.5999755859375
724.2000122070312
718.7999877929688
695.0
695.5
681.0
687.0
691.2999877929688
681.5
683.2999877929688
692.2999877929688
684.7000122070312
696.5999755859375
689.4000244140625
691.5
714.9000244140625
729.0
734.0
748.0
748.7000122070312
764.5999755859375
769.2000122070312
780.5999755859375
788.2000122070312
789.2999877929688
789.7000122070312
798.7000122070312
783.0
786.7999877929688
790.2999877929688
793.5
797.0999755859375
785.5999755859375
791.7999877929688
797.4000244140625
800.0
798.2999877929688
807.0
820.2000122070312
812.5999755859375
814.2999877929688
807.7000122070312
804.7000122070312
800.5
811.2999877929688
809.2999877929688
821.7999877929688
814.2000122070312
820.5
808.5999755859375
801.4000244140625
809.7000122070312
811.4000244140625
788.2999877929688
790.0
803.2999877929688
785.2999877929688
808.5999755859375
826.0
816.7000122070312
805.0
809.0
790.0
803.7000122070312
785.2999877929688
797.5999755859375
785.2999877929688
805.0
790.2000122070312
810.7000122070312
804.7000122070312
811.7999877929688
818.0
819.4000244140625
824.2999877929688
820.9000244140625
827.0
828.9000244140625
840.9000244140625
846.0
850.0
841.5999755859375
837.0
846.0
866.0
890.7999877929688
893.5
870.2999877929688
877.0
880.5
890.2999877929688
892.0999755859375
890.0
883.7999877929688
874.5
878.0999755859375
874.0999755859375
870.0
877.2000122070312
879.4000244140625
880.0
885.0999755859375
878.0
873.5
894.5
