24.531757354736328
23.840667724609375
23.842910766601562
24.177242279052734
25.10618782043457
25.13311195373535
24.513809204101562
24.731462478637695
24.637229919433594
23.968564987182617
23.782323837280273
24.394893646240234
24.581125259399414
25.220619201660156
25.35076141357422
25.377689361572266
24.489133834838867
25.873577117919922
26.679100036621094
26.288679122924805
26.6185245513916
26.623016357421875
26.82720375061035
27.018674850463867
26.791160583496094
26.96912384033203
27.487232208251953
28.131505966186523
28.4874267578125
28.627098083496094
28.79604148864746
28.996532440185547
28.935712814331055
29.17224884033203
29.960676193237305
29.77371597290039
29.012300491333008
29.379491806030273
28.93796730041504
29.079883575439453
29.14070701599121
28.955982208251953
28.476163864135742
28.518972396850586
28.640607833862305
28.048154830932617
27.536792755126953
28.034639358520508
27.840906143188477
28.147274017333984
28.618087768554688
28.940221786499023
28.721708297729492
28.36127471923828
28.656373977661133
28.539236068725586
27.793601989746094
27.98733139038086
27.764320373535156
28.467159271240234
28.030128479003906
27.989585876464844
28.230619430541992
28.68791961669922
28.38606071472168
28.2936954498291
28.509952545166016
28.631601333618164
28.575286865234375
28.45138168334961
28.559511184692383
28.422101974487305
28.10222053527832
28.744226455688477
28.58879852294922
28.97401237487793
29.210538864135742
29.34795570373535
29.881839752197266
29.411026000976562
28.9785099029541
28.19232749938965
29.048351287841797
28.99202537536621
28.338748931884766
28.160785675048828
28.334978103637695
28.868824005126953
28.57475471496582
28.472959518432617
28.50463104248047
29.16968536376953
29.128969192504883
29.45018196105957
29.423038482666016
29.4207706451416
29.721633911132812
29.98177146911621
29.321243286132812
29.868663787841797
29.809852600097656
29.470539093017578
29.52935218811035
29.398149490356445
29.434343338012695
29.262428283691406
29.10181999206543
28.9095458984375
28.823585510253906
29.153844833374023
29.088241577148438
28.767032623291016
28.710477828979492
28.864294052124023
28.796438217163086
28.927640914916992
28.638092041015625
28.866561889648438
28.735361099243164
28.97966957092285
28.84168243408203
28.672019958496094
28.16983985900879
28.37342643737793
28.638092041015625
28.601898193359375
28.502363204956055
28.432239532470703
27.726469039916992
27.16094398498535
27.88707733154297
28.42545509338379
28.41414451599121
28.687854766845703
29.07015037536621
29.321243286132812
29.875455856323242
29.576866149902344
28.3259220123291
28.312355041503906
28.163047790527344
27.771718978881836
27.90969467163086
27.821475982666016
27.681228637695312
27.439184188842773
26.792221069335938
25.932626724243164
26.104551315307617
26.161354064941406
26.24997901916504
27.204357147216797
25.788694381713867
26.186355590820312
26.1658992767334
26.349958419799805
26.622634887695312
26.472665786743164
26.13408660888672
25.597820281982422
24.032180786132812
23.432283401489258
23.57316780090332
24.925209045410156
25.6591739654541
25.743253707885742
25.622814178466797
24.477558135986328
25.527374267578125
25.079727172851562
24.829763412475586
25.520553588867188
25.02972984313965
25.579633712768555
25.952302932739258
26.202259063720703
26.42266845703125
26.45221710205078
25.88640594482422
25.779605865478516
26.17953109741211
25.768238067626953
25.977293014526367
26.131811141967773
26.065916061401367
25.550100326538086
24.782045364379883
25.06381607055664
24.90021324157715
25.081995010375977
25.17289161682129
25.293325424194336
25.17289161682129
24.882036209106445
25.477388381958008
25.359222412109375
25.402402877807617
25.043373107910156
25.418304443359375
25.231969833374023
25.388763427734375
25.852317810058594
25.850046157836914
26.245431900024414
27.05892562866211
26.195438385009766
26.029565811157227
27.102096557617188
27.38841438293457
27.15436553955078
27.536117553710938
27.85196876525879
27.722444534301758
27.594650268554688
27.62660026550293
27.51477813720703
26.64759635925293
26.496980667114258
26.407976150512695
25.636646270751953
26.056541442871094
25.94472312927246
26.766265869140625
27.106294631958008
27.224958419799805
26.871232986450195
27.129108428955078
26.935134887695312
26.884925842285156
26.996753692626953
26.777677536010742
26.5357723236084
26.289316177368164
27.16333770751953
26.992185592651367
26.98077964782715
26.38515853881836
26.510677337646484
25.828336715698242
25.668596267700195
25.214460372924805
25.408435821533203
24.869869232177734
24.196666717529297
24.493331909179688
24.47051429748535
24.785438537597656
24.653076171875
24.376951217651367
24.815107345581055
24.49104881286621
24.020950317382812
24.041484832763672
23.43902015686035
22.980329513549805
22.010456085205078
22.126840591430664
22.485124588012695
22.811450958251953
22.224966049194336
22.711044311523438
22.16563606262207
22.058374404907227
22.08804702758789
21.97622299194336
23.144636154174805
22.692794799804688
22.81830596923828
21.318992614746094
21.471885681152344
22.213552474975586
22.005891799926758
21.560882568359375
21.987638473510742
22.164306640625
21.57234001159668
21.79949378967285
21.794898986816406
21.629695892333984
21.498910903930664
21.56545639038086
22.173486709594727
22.5130615234375
22.086294174194336
22.035816192626953
22.22854995727539
21.72606658935547
22.049579620361328
22.20101547241211
22.235431671142578
22.184951782226562
23.06601905822754
23.116498947143555
23.28858184814453
23.63504409790039
23.373477935791016
23.180744171142578
23.201391220092773
23.212865829467773
23.462963104248047
23.522613525390625
23.995275497436523
24.31419563293457
24.275190353393555
24.302724838256836
24.30042839050293
24.48628044128418
24.35090446472168
24.245357513427734
24.135236740112305
24.706546783447266
25.137901306152344
25.00711441040039
25.236560821533203
25.495838165283203
25.195266723632812
25.459123611450195
24.903867721557617
24.93140411376953
25.013994216918945
25.339813232421875
25.706926345825195
25.720687866210938
25.204442977905273
24.660661697387695
24.529876708984375
24.58035659790039
24.31419563293457
24.247657775878906
24.10999298095703
23.9424991607666
22.444223403930664
21.758188247680664
21.50809097290039
21.48514747619629
21.838497161865234
21.611345291137695
21.52362060546875
21.40359115600586
21.41974449157715
21.565174102783203
21.355106353759766
20.854183197021484
20.895734786987305
21.671361923217773
21.581329345703125
21.828336715698242
21.745229721069336
21.980690002441406
22.2600040435791
22.599342346191406
22.99639129638672
23.178760528564453
23.16490364074707
23.051794052124023
22.728612899780273
22.557798385620117
22.603961944580078
22.76786231994629
22.860193252563477
22.83942413330078
23.003313064575195
22.81402587890625
22.470073699951172
22.49777603149414
22.42390251159668
22.518550872802734
22.006086349487305
21.952985763549805
22.139970779418945
22.056869506835938
22.183828353881836
21.560558319091797
21.246612548828125
21.604419708251953
21.79140281677246
22.068410873413086
22.135353088378906
21.927595138549805
22.0522518157959
22.146900177001953
22.317718505859375
22.386974334716797
22.488542556762695
22.36157989501953
22.804790496826172
22.802490234375
23.044870376586914
23.054105758666992
23.074878692626953
22.952531814575195
22.7747859954834
22.470073699951172
22.31540870666504
23.765090942382812
24.085960388183594
24.055953979492188
24.480701446533203
24.118276596069336
24.420679092407227
24.571544647216797
24.94521141052246
25.151769638061523
25.253889083862305
25.065900802612305
25.049644470214844
25.10767364501953
25.409385681152344
25.386180877685547
25.34904670715332
25.316556930541992
25.381540298461914
25.184261322021484
25.263172149658203
25.072856903076172
24.966100692749023
24.81987953186035
24.792030334472656
24.60171127319336
24.624919891357422
24.77113914489746
25.00322723388672
24.996265411376953
25.149450302124023
24.49030303955078
23.93560791015625
24.471744537353516
25.05428695678711
25.940879821777344
26.822830200195312
26.67197036743164
26.360971450805664
26.358646392822266
26.3540096282959
26.602338790893555
26.159042358398438
26.198501586914062
26.24724006652832
26.446840286254883
26.036035537719727
26.237957000732422
26.114952087402344
26.226348876953125
26.237957000732422
26.43291473388672
26.47237205505371
26.934236526489258
26.99225616455078
27.233627319335938
27.15007972717285
27.300935745239258
27.282371520996094
27.263797760009766
27.182573318481445
27.168643951416016
27.0618839263916
27.30558204650879
27.444833755493164
26.82746696472168
26.569852828979492
26.393455505371094
26.351682662963867
25.875896453857422
25.899097442626953
25.62150001525879
25.390541076660156
25.75680160522461
25.90843391418457
25.866445541381836
25.145601272583008
25.29490852355957
24.660375595092773
24.986967086791992
25.658823013305664
25.649494171142578
25.67514991760254
26.06473731994629
26.081066131591797
25.94809341430664
26.078731536865234
26.027402877807617
26.001745223999023
25.782459259033203
25.54218101501465
25.637828826904297
25.45353126525879
25.649494171142578
25.90143394470215
26.155717849731445
26.582618713378906
26.43099021911621
26.87189483642578
26.87189483642578
27.018857955932617
27.053852081298828
27.210161209106445
27.282480239868164
27.308137893676758
27.128507614135742
27.182159423828125
27.35479164123535
27.23815155029297
27.23115348815918
27.018857955932617
27.095849990844727
27.06551742553711
27.203161239624023
27.50642967224121
27.758365631103516
27.786367416381836
27.935667037963867
27.81902503967285
27.770038604736328
27.993986129760742
27.99165916442871
27.942663192749023
27.993986129760742
28.01265525817871
27.986989974975586
28.43256187438965
28.44655418395996
28.448888778686523
28.374235153198242
28.30891990661621
30.035213470458984
29.9838924407959
30.112199783325195
30.39447021484375
30.68374252319336
30.802715301513672
31.025299072265625
30.95501136779785
31.229137420654297
31.634469985961914
31.74927520751953
31.71178436279297
31.798477172851562
32.028076171875
32.124141693115234
31.988252639770508
32.018707275390625
32.08196258544922
32.096031188964844
32.75204086303711
32.55758285522461
32.749698638916016
32.6466064453125
32.68879318237305
32.56696701049805
32.49197769165039
32.59975814819336
32.61381530761719
32.56460952758789
32.90903091430664
32.962913513183594
32.79891586303711
33.14332580566406
32.76376724243164
33.133941650390625
33.01680374145508
32.95120620727539
33.00743103027344
33.691566467285156
33.76654815673828
33.722023010253906
33.65876770019531
33.668148040771484
33.918846130371094
33.74311447143555
33.65876770019531
33.58378601074219
33.54396438598633
33.18315124511719
33.22297668457031
33.04724884033203
33.230003356933594
33.0824089050293
32.96057891845703
33.372928619384766
33.333099365234375
33.654083251953125
33.862606048583984
33.6634521484375
33.68921661376953
33.656429290771484
34.3429069519043
34.56079864501953
34.45537567138672
34.33119201660156
34.900535583496094
35.84941864013672
36.07904052734375
35.90799331665039
36.21854019165039
36.7243537902832
36.630245208740234
36.57614517211914
35.34806823730469
35.88682556152344
36.009159088134766
36.227962493896484
36.183258056640625
36.075035095214844
36.19972610473633
36.138545989990234
36.15266799926758
35.9385871887207
36.03738784790039
36.57143783569336
36.21383285522461
36.3361701965332
36.552616119384766
36.463218688964844
35.049285888671875
34.211753845214844
34.48701095581055
34.15060043334961
33.9459114074707
33.47068405151367
34.42820739746094
34.11530685424805
34.317630767822266
34.261165618896484
34.41407775878906
34.30585861206055
33.814170837402344
34.30820846557617
33.802398681640625
33.88239288330078
33.76005554199219
33.89885711669922
33.57891082763672
33.92002868652344
34.12705612182617
34.23764419555664
34.287044525146484
34.764617919921875
35.063411712646484
35.18574142456055
35.30809020996094
35.529232025146484
35.36924743652344
35.35277557373047
35.78095626831055
35.933868408203125
36.103275299072266
35.42100524902344
35.171630859375
34.990478515625
35.301021575927734
36.96903610229492
36.59966278076172
36.79258346557617
37.361915588378906
37.66069793701172
37.8912467956543
36.68434524536133
37.19450759887695
37.754268646240234
38.167598724365234
38.014076232910156
37.28425979614258
37.19923400878906
37.130733489990234
37.73773956298828
37.78496551513672
37.617279052734375
37.756622314453125
38.13688278198242
38.476993560791016
38.580909729003906
38.73443603515625
38.746246337890625
38.280967712402344
38.24081039428711
38.08729553222656
37.46611785888672
38.14397048950195
37.99281311035156
37.707027435302734
37.383453369140625
37.761356353759766
37.47556686401367
37.489742279052734
36.86149215698242
36.228511810302734
35.874229431152344
35.557743072509766
36.169456481933594
36.42689895629883
36.20253372192383
36.40093231201172
36.327701568603516
36.4859504699707
36.249759674072266
36.70088195800781
36.67961883544922
36.807167053222656
36.821327209472656
36.97486114501953
36.84495544433594
37.07877731323242
37.761356353759766
37.90070724487305
37.73301315307617
36.84022521972656
36.90400314331055
36.88510513305664
37.10476303100586
36.94178771972656
37.177978515625
38.51005554199219
39.37687683105469
39.924808502197266
39.41701889038086
39.70515823364258
40.74201202392578
41.155330657958984
41.2876091003418
41.6253547668457
41.54032516479492
41.402835845947266
41.23691940307617
40.61351776123047
40.07781219482422
40.55662536621094
40.331443786621094
40.29114532470703
41.04018020629883
41.47158432006836
41.47394943237305
41.2653694152832
41.023582458496094
40.17262649536133
40.734405517578125
40.54478073120117
40.24848937988281
40.21056365966797
40.06123352050781
40.13470458984375
40.14655685424805
40.92877197265625
40.698848724365234
40.83395767211914
40.82210922241211
41.23691940307617
41.817657470703125
41.372032165527344
41.327003479003906
41.48341751098633
41.48341751098633
40.43100357055664
40.438106536865234
40.5518913269043
40.11337661743164
40.831581115722656
40.8244743347168
41.014102935791016
41.481056213378906
41.327003479003906
41.32224655151367
41.312767028808594
41.54743194580078
41.97647476196289
41.76313400268555
42.452903747558594
42.490848541259766
42.30120849609375
41.95513916015625
41.964603424072266
41.296180725097656
40.55899429321289
40.653804779052734
39.812339782714844
39.577667236328125
39.686710357666016
39.76967239379883
38.04405975341797
37.09355163574219
38.64375686645508
37.816505432128906
36.77592468261719
37.225746154785156
38.72516632080078
39.113101959228516
39.834232330322266
41.171810150146484
41.03852844238281
40.900474548339844
40.714847564697266
41.0551872253418
41.76918411254883
42.59505081176758
42.457008361816406
42.39275360107422
41.65018844604492
41.93817138671875
42.08335494995117
42.04764938354492
41.65733337402344
42.11190414428711
42.83543014526367
43.24956130981445
42.83305358886719
42.46891403198242
42.518890380859375
42.36895751953125
41.721588134765625
41.70730972290039
40.762447357177734
40.186485290527344
39.255897521972656
41.11945343017578
40.065093994140625
39.6224250793457
39.93183135986328
39.670013427734375
40.07699966430664
40.8433723449707
41.126583099365234
40.07462692260742
40.47209167480469
41.233680725097656
41.04090881347656
41.44551467895508
41.58592987060547
41.8453483581543
42.42132568359375
42.32610321044922
41.126583099365234
39.44153594970703
39.32729721069336
38.77989196777344
38.94887924194336
39.08454132080078
38.63234329223633
39.33205032348633
40.2459831237793
42.02385330200195
42.10001754760742
43.75174331665039
44.06827926635742
44.28009796142578
44.591880798339844
45.22971725463867
45.057708740234375
44.952571868896484
44.54402160644531
44.95974349975586
44.6754264831543
44.512969970703125
44.828338623046875
44.71604919433594
45.00275421142578
44.952571868896484
45.05531692504883
44.892845153808594
44.797279357910156
44.646759033203125
45.4519157409668
45.831790924072266
46.18540573120117
46.3454704284668
46.22123718261719
45.80073547363281
45.68844985961914
45.9393196105957
45.561805725097656
45.5857048034668
45.11742401123047
45.093544006347656
44.364837646484375
44.55836868286133
44.30988693237305
44.18086624145508
43.52384567260742
44.06379318237305
43.99928665161133
44.31943893432617
44.226261138916016
44.720821380615234
43.941951751708984
44.29554748535156
44.90957260131836
45.53315734863281
45.47820281982422
44.88806915283203
45.64066696166992
45.71234130859375
45.61199951171875
45.74100112915039
45.490142822265625
45.84374237060547
45.738624572753906
45.77923583984375
46.111328125
46.546165466308594
46.400413513183594
45.62871170043945
45.373069763183594
45.46385955810547
48.14215087890625
49.54937744140625
49.692726135253906
49.95075607299805
49.48248291015625
49.515933990478516
49.90536117553711
49.7567138671875
50.07798385620117
50.288978576660156
50.40644454956055
51.144901275634766
52.16627883911133
51.657989501953125
51.55728530883789
51.5596809387207
51.665184020996094
51.82581329345703
52.25259017944336
52.6745491027832
53.46095657348633
53.952457427978516
54.57582473754883
54.7508430480957
54.393611907958984
53.4897346496582
53.05816650390625
52.34608840942383
53.669559478759766
53.003028869628906
54.283329010009766
53.667144775390625
52.23819351196289
52.32451248168945
52.355674743652344
52.753684997558594
52.18545150756836
52.93588638305664
53.271549224853516
52.847171783447266
53.933284759521484
54.122684478759766
54.487117767333984
54.971439361572266
55.640350341796875
54.662139892578125
53.77503967285156
53.65037155151367
54.393611907958984
51.873775482177734
51.41583251953125
53.25238037109375
52.113525390625
53.261959075927734
53.031795501708984
51.7922477722168
52.58103942871094
52.90231704711914
53.40101623535156
51.56927490234375
52.69853591918945
51.859378814697266
50.8859748840332
51.14011001586914
52.47315979003906
53.27874755859375
49.74472427368164
48.33256149291992
48.85523986816406
50.33692169189453
50.16130065917969
49.19411849975586
46.715999603271484
46.24925231933594
44.94282913208008
46.051963806152344
46.56203079223633
44.7166748046875
42.580204010009766
42.53208541870117
41.451820373535156
42.01240158081055
41.92097473144531
43.532955169677734
43.19852066040039
42.965145111083984
44.466453552246094
42.51042938232422
42.03645324707031
40.53756332397461
40.80463409423828
40.57124710083008
40.684329986572266
41.129425048828125
39.81336975097656
39.44287109375
39.955322265625
38.70905303955078
37.73224639892578
36.26462936401367
35.32631301879883
37.81403732299805
37.56864547729492
37.587894439697266
37.95119094848633
37.99449920654297
34.209957122802734
35.67036437988281
35.590965270996094
36.26943588256836
36.88534927368164
37.00324630737305
36.639957427978516
36.0889892578125
36.82761001586914
37.277523040771484
37.498870849609375
37.72985076904297
36.88294982910156
37.0321159362793
36.73859405517578
37.95599365234375
37.60472869873047
37.21497344970703
39.75803756713867
40.04434585571289
40.06359100341797
41.20160675048828
41.90653991699219
41.92097473144531
41.127017974853516
41.175331115722656
40.93854522705078
41.29132843017578
41.11976623535156
41.26958084106445
41.17774963378906
41.30098342895508
41.566776275634766
41.3323974609375
41.79390335083008
42.09834671020508
42.12251663208008
42.25299072265625
41.8373908996582
42.27714920043945
42.48978805541992
42.4124641418457
42.168426513671875
41.68033981323242
41.77940368652344
43.226741790771484
43.71240234375
43.90571212768555
44.393795013427734
44.971275329589844
45.43037414550781
45.07034683227539
45.46418762207031
47.13865661621094
46.1624870300293
45.60432815551758
45.1331672668457
45.539085388183594
45.59950637817383
45.89670181274414
46.20840072631836
46.8801155090332
47.20147705078125
47.283626556396484
47.60015869140625
48.34919357299805
48.2042236328125
48.4748420715332
48.071327209472656
48.051998138427734
48.13897705078125
48.143821716308594
49.08132553100586
49.2577018737793
49.41958999633789
50.132381439208984
50.0550651550293
49.60080337524414
49.364009857177734
49.43892288208008
48.48692321777344
50.86692810058594
50.53590393066406
51.16412353515625
50.3740119934082
49.01607894897461
49.0257453918457
48.499000549316406
47.827117919921875
45.047428131103516
45.76054763793945
46.3087272644043
46.104976654052734
45.843013763427734
44.409515380859375
45.26088333129883
44.33431625366211
43.577545166015625
43.41019058227539
43.23069381713867
43.0245246887207
43.2476692199707
42.46421432495117
42.03489685058594
43.572696685791016
44.27610397338867
44.92615509033203
46.1219482421875
46.71136474609375
47.25226593017578
47.10187911987305
47.0921745300293
46.750179290771484
47.029117584228516
48.13516616821289
47.994483947753906
48.38014602661133
48.2152099609375
48.16670608520508
47.436614990234375
48.462615966796875
48.448062896728516
48.00661087036133
48.8870849609375
49.17330551147461
49.58079528808594
49.53713607788086
48.5159797668457
48.8119010925293
49.294578552246094
48.93560028076172
49.31156539916992
49.77484893798828
49.60263442993164
49.323692321777344
49.88399124145508
49.13935470581055
50.262386322021484
50.65531539916992
50.61409378051758
50.213871002197266
50.38850402832031
50.859066009521484
50.64076614379883
51.67405700683594
50.55587387084961
49.486202239990234
46.89570999145508
47.78346633911133
48.27827453613281
49.34308624267578
48.936485290527344
48.812313079833984
50.87943649291992
49.3650016784668
49.11909484863281
50.27804946899414
51.2154426574707
51.21786880493164
51.77299499511719
51.72917175292969
49.33821487426758
50.27560806274414
49.708309173583984
50.041873931884766
50.88917922973633
50.82344055175781
50.0832633972168
50.93299865722656
51.9288215637207
51.923946380615234
52.1455078125
52.761512756347656
54.43907928466797
54.31733703613281
53.26064682006836
53.5406379699707
53.73542785644531
54.23942184448242
53.79872512817383
53.01230239868164
53.25334548950195
53.0001220703125
53.815773010253906
53.53820037841797
53.277687072753906
54.531593322753906
54.68254089355469
53.3117790222168
53.76464080810547
55.271759033203125
55.283939361572266
54.63629150390625
55.27663803100586
56.021671295166016
57.511749267578125
57.42897033691406
57.2950553894043
57.06375503540039
57.28532409667969
57.56045150756836
58.5587043762207
58.42479705810547
59.20879364013672
59.30618667602539
60.03661346435547
60.638004302978516
59.235572814941406
59.22826385498047
60.56739807128906
62.28634262084961
62.69538879394531
62.60529327392578
62.63208770751953
63.35493087768555
63.5283203125
64.0313949584961
63.97278594970703
64.58574676513672
64.13884735107422
64.90077209472656
65.22801208496094
65.03021240234375
64.2731704711914
63.98500061035156
63.9288444519043
65.04973602294922
64.54178619384766
65.40872192382812
65.2646484375
64.51004791259766
63.359825134277344
63.9190559387207
64.85680389404297
66.10958862304688
65.1840591430664
65.56503295898438
66.12425231933594
66.29275512695312
67.19388580322266
68.34412384033203
68.4784164428711
68.3147964477539
68.38318634033203
68.24154663085938
69.35514068603516
69.42106628417969
70.79841613769531
70.77153778076172
71.19157409667969
71.71173095703125
73.34794616699219
72.63484191894531
73.213623046875
72.86929321289062
74.04149627685547
75.61419677734375
75.78511810302734
77.40424346923828
76.35902404785156
76.03178405761719
76.98418426513672
77.83648681640625
77.30899810791016
77.58494567871094
77.95858001708984
77.73391723632812
75.44813537597656
77.58251190185547
79.20649719238281
79.09171295166016
75.58489227294922
75.3773193359375
77.86578369140625
78.50074005126953
79.41895294189453
78.33943939208984
78.71150970458984
78.23661804199219
80.09455871582031
79.52420043945312
79.54379272460938
78.0873031616211
79.21822357177734
78.405517578125
76.63080596923828
72.99080657958984
70.51846313476562
71.63714599609375
66.95435333251953
66.91519165039062
73.1450424194336
70.82201385498047
74.1070556640625
71.70323944091797
70.75100708007812
65.1551742553711
69.84776306152344
67.42189025878906
60.763668060302734
68.0436782836914
59.2900505065918
61.89704895019531
60.38180923461914
59.91916275024414
56.11515808105469
54.92302703857422
60.43320846557617
60.10029983520508
63.26295852661133
60.64372634887695
62.3743782043457
62.24708938598633
58.97182846069336
59.95587158203125
59.09422302246094
64.24943542480469
63.50529098510742
65.13068389892578
65.6006851196289
66.88826751708984
70.26632690429688
69.6249771118164
70.17820739746094
69.22598266601562
67.78907775878906
65.69369506835938
67.58589935302734
67.32398223876953
69.26759338378906
69.31655883789062
68.19297790527344
70.43279266357422
71.91863250732422
70.76081848144531
71.76197814941406
72.83905792236328
73.59056854248047
74.35185241699219
76.12153625488281
77.31934356689453
76.43571472167969
75.5128173828125
75.97672271728516
75.52752685546875
77.30706787109375
76.86034393310547
78.35514831542969
77.7709732055664
78.27169799804688
77.74151611328125
78.08024597167969
78.1146011352539
78.03851318359375
78.99823760986328
79.36394500732422
79.80085754394531
79.11358642578125
81.3668212890625
81.84789276123047
84.4324951171875
86.60472869873047
82.44679260253906
83.15859985351562
84.18704223632812
86.41818237304688
86.29792022705078
86.33228302001953
85.83891296386719
88.0848159790039
89.96495056152344
88.37688446044922
89.55012512207031
86.79862976074219
88.79903411865234
89.54031372070312
89.37096405029297
89.37096405029297
91.76164245605469
91.4769058227539
93.607421875
94.00997161865234
94.1744155883789
93.7399673461914
95.29120635986328
95.94656372070312
94.76596069335938
94.57449340820312
96.56755828857422
95.23475646972656
95.50230407714844
91.1553955078125
90.92955780029297
93.0846176147461
91.55547332763672
93.3104248046875
94.43951416015625
104.32625579833984
106.95503234863281
107.66928100585938
108.0595474243164
111.82966613769531
109.2871322631836
110.87560272216797
107.57817840576172
111.15345764160156
113.12062072753906
113.01978302001953
112.72471618652344
113.66402435302734
113.806640625
116.33197021484375
122.32683563232422
123.78990936279297
122.77436065673828
124.44397735595703
122.95631408691406
122.75714874267578
126.9201431274414
131.9756622314453
129.2413330078125
118.8941650390625
118.97286224365234
110.96658325195312
115.39265441894531
111.62557220458984
110.16004943847656
113.46485900878906
113.64189147949219
110.28790283203125
108.5273208618164
105.08480834960938
108.27159881591797
109.97315979003906
105.36022186279297
106.44214630126953
110.43544006347656
113.07142639160156
112.21571350097656
113.90745544433594
114.8713607788086
111.16328430175781
114.58612823486328
111.30099487304688
113.18944549560547
113.08125305175781
115.04840850830078
122.35633850097656
119.11055755615234
119.19908905029297
118.72696685791016
117.06471252441406
114.07467651367188
115.57952880859375
114.95005798339844
113.84844207763672
113.15010833740234
113.15995788574219
114.68448638916016
109.37319946289062
113.4255142211914
107.07164764404297
106.98310852050781
108.62569427490234
113.06158447265625
117.07454681396484
116.94156646728516
114.60646057128906
114.2616195678711
117.72976684570312
117.45388793945312
117.50316619873047
118.52783966064453
117.63124084472656
116.2912826538086
116.89228820800781
115.61143493652344
112.1728515625
113.4734115600586
114.32073974609375
114.87249755859375
117.29625701904297
120.91218566894531
121.26687622070312
121.12894439697266
120.44911193847656
121.92700958251953
122.5477294921875
119.98603057861328
121.42452239990234
120.60675811767578
119.98603057861328
125.99617767333984
125.92720794677734
126.80409240722656
124.7941665649414
126.34101867675781
129.93724060058594
129.0308380126953
130.02593994140625
134.6763916015625
132.88319396972656
131.75013732910156
130.7353515625
127.50364685058594
129.080078125
124.73503112792969
128.9913787841797
130.10475158691406
127.07996368408203
126.90264129638672
128.9618377685547
127.01101684570312
125.26707458496094
125.94691467285156
130.08505249023438
134.85374450683594
137.02134704589844
140.8146209716797
141.0511016845703
139.96728515625
135.0704803466797
130.01609802246094
132.16397094726562
133.0014190673828
131.96690368652344
135.36607360839844
134.9467010498047
135.0947265625
134.20663452148438
133.5948944091797
133.3383331298828
133.57513427734375
131.424072265625
129.10519409179688
127.99020385742188
128.1480712890625
124.3293685913086
124.19123840332031
123.68800354003906
119.38580322265625
119.6522216796875
126.09565734863281
123.4610366821289
120.44161224365234
118.5372085571289
119.81010437011719
114.81719207763672
119.4844741821289
118.38921356201172
120.34294128417969
119.42527770996094
122.34602355957031
123.90508270263672
123.10582733154297
118.9319076538086
118.3990707397461
121.75399017333984
120.91526794433594
118.49774932861328
118.99111938476562
119.60289001464844
119.78050231933594
118.31027221679688
120.53043365478516
121.3691635131836
124.23069763183594
124.53659057617188
126.20417785644531
128.63157653808594
131.236572265625
129.49990844726562
132.64761352539062
130.27943420410156
132.71665954589844
132.3811798095703
133.0521697998047
131.34510803222656
131.7299346923828
130.1906280517578
132.53907775878906
132.93377685546875
132.60812377929688
131.8088836669922
131.710205078125
129.71697998046875
130.78265380859375
126.15484619140625
126.40153503417969
128.01980590820312
128.70179748535156
125.3807144165039
124.45161437988281
121.34797668457031
123.52249908447266
125.97376251220703
124.80744171142578
123.40388488769531
123.24573516845703
125.83538055419922
123.97716522216797
125.62781524658203
125.43014526367188
125.3807144165039
123.82889556884766
123.16666412353516
122.84048461914062
123.61144256591797
122.10905456542969
124.43183898925781
124.44171905517578
125.27198028564453
125.65746307373047
124.64928436279297
125.87492370605469
128.96868896484375
128.13839721679688
128.6425018310547
130.2635040283203
128.94891357421875
130.767578125
132.42811584472656
132.15138244628906
131.86474609375
131.56820678710938
133.21885681152344
134.75091552734375
135.3736114501953
135.68002319335938
138.3388671875
140.37501525878906
142.89549255371094
141.58087158203125
143.42921447753906
142.82626342773438
143.9530792236328
147.42239379882812
146.76019287109375
144.6943817138672
140.80003356933594
144.4571533203125
143.71583557128906
145.0996551513672
146.8392333984375
147.26429748535156
145.06997680664062
143.3007049560547
143.9530792236328
144.17051696777344
143.83448791503906
145.65313720703125
145.2478790283203
145.3566131591797
144.6636962890625
144.6142120361328
144.129150390625
144.3865203857422
147.3859100341797
147.5937957763672
149.59341430664062
148.67279052734375
144.88148498535156
145.21803283691406
146.6929931640625
148.1976318359375
148.10855102539062
146.8612823486328
146.04954528808594
147.09884643554688
151.5731964111328
150.29623413085938
150.96934509277344
152.09783935546875
152.74127197265625
155.1071319580078
153.5430908203125
152.51361083984375
147.46510314941406
148.03924560546875
146.62367248535156
147.52450561523438
147.2869110107422
144.5845184326172
141.4960174560547
141.98109436035156
144.3766326904297
145.3467254638672
145.43580627441406
143.90145874023438
140.4764404296875
141.38714599609375
140.07058715820312
141.20895385742188
137.7344207763672
139.6845245361328
140.56552124023438
141.8424835205078
141.45643615722656
141.3673553466797
140.08047485351562
139.48655700683594
142.3077392578125
143.37681579589844
145.06956481933594
147.25721740722656
147.75216674804688
147.96995544433594
147.18795776367188
147.13844299316406
147.81158447265625
147.34632873535156
151.02874755859375
148.28671264648438
147.45521545410156
148.50450134277344
149.9596710205078
149.43502807617188
149.97032165527344
149.1376190185547
149.50440979003906
146.639404296875
146.58984375
148.69149780273438
148.70140075683594
149.69277954101562
152.1612091064453
156.50326538085938
159.1600799560547
159.62600708007812
160.01263427734375
160.5380401611328
155.45245361328125
158.85275268554688
163.86895751953125
163.34356689453125
162.34231567382812
160.4389190673828
163.8887939453125
169.6980438232422
173.56430053710938
173.04879760742188
177.8964385986328
174.2185821533203
172.82080078125
177.7477569580078
170.76869201660156
169.6584014892578
168.28042602539062
171.4923858642578
174.11944580078125
174.75389099121094
178.7688446044922
177.7378387451172
177.8270721435547
176.65725708007812
176.0327606201172
180.43429565429688
178.144287109375
173.4056854248047
170.51095581054688
170.67947387695312
170.69931030273438
173.56430053710938
174.01039123535156
170.69931030273438
171.57171630859375
168.33001708984375
164.79090881347656
163.08580017089844
161.0039825439453
160.22080993652344
158.39674377441406
158.3075408935547
157.8415985107422
168.85540771484375
173.2668914794922
173.09835815429688
174.31771850585938
171.40316772460938
171.1153106689453
170.3907012939453
173.5372772216797
174.9765625
170.84730529785156
167.39303588867188
167.6312713623047
171.51235961914062
171.27413940429688
167.6312713623047
166.06295776367188
163.10499572753906
158.88641357421875
161.53668212890625
163.63107299804688
163.89906311035156
161.99327087402344
165.3284149169922
165.00086975097656
161.96348571777344
158.12210083007812
156.27586364746094
161.7451171875
157.34788513183594
153.58590698242188
149.50628662109375
153.94322204589844
158.4099578857422
159.4323272705078
162.7675018310547
164.1571502685547
167.57171630859375
168.95144653320312
172.78289794921875
173.4281005859375
174.30160522460938
177.63673400878906
176.45555114746094
173.31890869140625
173.02113342285156
177.12057495117188
173.7655792236328
170.5594482421875
170.8671417236328
168.8323211669922
164.5244140625
166.4202880859375
169.1400146484375
164.06781005859375
163.8494415283203
166.16221618652344
165.99346923828125
165.18946838378906
160.59368896484375
161.67562866210938
155.64059448242188
155.41229248046875
162.43002319335938
156.48428344726562
156.79202270507812
158.30076599121094
164.7924346923828
155.61080932617188
156.34640502929688
151.15740966796875
153.5928497314453
145.6304168701172
141.7137908935547
146.23678588867188
144.6761016845703
148.35414123535156
139.98414611816406
136.5347137451172
136.77328491210938
142.26052856445312
139.52685546875
139.6859130859375
142.92654418945312
148.75177001953125
147.95651245117188
147.82730102539062
150.3124542236328
144.51705932617188
145.2725372314453
147.82730102539062
147.0817413330078
141.7933349609375
136.31602478027344
131.09719848632812
131.9719696044922
134.6260986328125
129.28799438476562
130.7790985107422
135.06349182128906
134.54661560058594
137.4492645263672
140.81915283203125
140.81915283203125
136.62417602539062
138.403564453125
135.908447265625
138.10533142089844
140.7197265625
142.07164001464844
145.48129272460938
146.1671905517578
144.01007080078125
144.99420166015625
144.62640380859375
147.58871459960938
149.2786102294922
146.197021484375
150.10369873046875
152.13157653808594
154.42787170410156
153.17535400390625
152.04212951660156
150.7001495361328
155.8593292236328
156.416015625
161.5453643798828
160.55130004882812
159.06019592285156
165.14390563964844
164.82579040527344
164.5968475341797
164.1190185546875
164.16879272460938
168.46913146972656
167.7225341796875
171.3160858154297
172.401123046875
172.2418670654297
173.7549285888672
173.3567352294922
170.7387237548828
166.8067169189453
166.46826171875
166.76690673828125
169.25550842285156
162.87472534179688
160.64491271972656
158.18617248535156
156.5038604736328
157.24049377441406
155.10028076171875
153.8261260986328
155.24961853027344
153.75643920898438
156.65318298339844
162.68557739257812
153.13925170898438
154.60255432128906
151.67596435546875
150.01356506347656
153.77633666992188
156.18531799316406
153.01980590820312
152.04428100585938
149.7447967529297
150.083251953125
151.06874084472656
149.157470703125
141.83099365234375
137.5704803466797
141.8011474609375
145.4345245361328
145.73313903808594
144.76756286621094
139.45188903808594
139.7803955078125
138.34693908691406
137.70985412597656
142.33868408203125
137.7496795654297
141.76133728027344
143.09523010253906
143.20472717285156
142.7368621826172
146.59918212890625
148.7692413330078
151.64608764648438
148.66970825195312
144.14044189453125
155.03062438964844
152.64154052734375
149.9637908935547
144.369384765625
138.24740600585938
137.97817993164062
138.51661682128906
139.09494018554688
134.47837829589844
146.4435272216797
149.2653045654297
147.8494415283203
149.6043243408203
148.3579559326172
150.28236389160156
150.8507080078125
147.58021545410156
149.74391174316406
150.63134765625
147.679931640625
143.80123901367188
140.7600860595703
147.60015869140625
147.8793487548828
147.38079833984375
146.20423889160156
142.4950408935547
140.53076171875
142.2357940673828
141.74722290039062
144.07044982910156
145.047607421875
142.79417419433594
136.1036376953125
134.11941528320312
131.9856414794922
131.9158477783203
135.0566864013672
131.84603881835938
131.4771270751953
129.65243530273438
125.67402648925781
129.23365783691406
129.55271911621094
124.70683288574219
125.99309539794922
124.65697479248047
129.24362182617188
129.77207946777344
130.35040283203125
133.10238647460938
133.0226287841797
134.3686981201172
135.54527282714844
134.81739807128906
134.87722778320312
137.46966552734375
140.7002716064453
142.1161346435547
141.44808959960938
143.5419921875
145.50625610351562
142.58477783203125
143.8710174560547
145.00770568847656
150.382080078125
154.05137634277344
151.2894287109375
154.20094299316406
151.4788818359375
150.4319305419922
150.80140686035156
153.6374969482422
152.98838806152344
155.11544799804688
153.49769592285156
152.33929443359375
148.27490234375
148.70431518554688
149.19363403320312
146.50735473632812
147.71568298339844
147.20639038085938
145.10928344726562
145.70846557617188
150.82138061523438
153.61752319335938
151.39060974121094
152.65884399414062
150.38198852539062
148.2948760986328
150.2621612548828
152.3792266845703
152.7786865234375
155.63473510742188
154.78590393066406
157.18258666992188
159.0599822998047
157.61199951171875
158.71046447753906
160.02865600585938
158.06137084960938
157.43223571777344
160.54794311523438
162.1357421875
164.67222595214844
165.9404754638672
165.40122985839844
163.53379821777344
164.43255615234375
161.80618286132812
160.57789611816406
159.8788604736328
165.33131408691406
164.9818115234375
165.00177001953125
166.2400665283203
167.39846801757812
166.4197998046875
164.7920684814453
165.1016387939453
163.54379272460938
163.53379821777344
168.17738342285156
169.44561767578125
169.35574340820312
168.30718994140625
167.2187042236328
165.5609893798828
173.33026123046875
173.26034545898438
171.53274536132812
173.3202667236328
173.510009765625
172.57000732421875
