173.67999267578125
173.82000732421875
174.0500030517578
173.9499969482422
173.8300018310547
173.8441925048828
173.6300048828125
173.62989807128906
173.39999389648438
173.4149932861328
173.49000549316406
173.52740478515625
173.41949462890625
173.39739990234375
173.32000732421875
173.1999969482422
173.27999877929688
173.28729248046875
173.17999267578125
173.0500030517578
173.10000610351562
173.22999572753906
173.19900512695312
173.22999572753906
173.29989624023438
173.2449951171875
173.30499267578125
173.1790008544922
173.22999572753906
173.10000610351562
173.0
172.7908935546875
172.74000549316406
172.72000122070312
172.64999389648438
172.64370727539062
172.60899353027344
172.59500122070312
172.7227020263672
172.75
172.75
172.75
172.7550048828125
172.77000427246094
172.74000549316406
172.82000732421875
172.67999267578125
172.81500244140625
172.74000549316406
172.6649932861328
172.60000610351562
172.56500244140625
172.66000366210938
172.67999267578125
172.75
172.7100067138672
172.80499267578125
172.80999755859375
172.7899932861328
172.69000244140625
172.63900756835938
172.6199951171875
172.6300048828125
172.60499572753906
172.56219482421875
172.41000366210938
172.4001007080078
172.4600067138672
172.56500244140625
172.63999938964844
172.75
172.69000244140625
172.74000549316406
172.85569763183594
172.83999633789062
172.77999877929688
172.8249969482422
172.77999877929688
172.83639526367188
172.76499938964844
172.63119506835938
172.67999267578125
172.74000549316406
172.74009704589844
172.75
172.7899932861328
172.8300018310547
172.80760192871094
172.68499755859375
172.77999877929688
172.72000122070312
172.69000244140625
172.6199951171875
172.71009826660156
172.8350067138672
172.95599365234375
172.89999389648438
172.80999755859375
172.85009765625
172.80999755859375
172.89999389648438
172.86000061035156
172.660400390625
172.61000061035156
172.64999389648438
172.44500732421875
172.52000427246094
172.52000427246094
172.52420043945312
172.53500366210938
172.62550354003906
172.54989624023438
172.54469299316406
172.5449981689453
172.5399932861328
172.523193359375
172.52999877929688
172.47000122070312
172.52000427246094
172.47999572753906
172.56610107421875
172.55990600585938
172.5050048828125
172.42539978027344
172.44000244140625
172.4499969482422
172.42999267578125
172.4250030517578
172.36500549316406
172.44500732421875
172.47500610351562
172.52000427246094
172.510498046875
172.4499969482422
172.36000061035156
172.44500732421875
172.47000122070312
172.5050048828125
172.55999755859375
172.4600067138672
172.47500610351562
172.36000061035156
172.4199981689453
172.42999267578125
172.42999267578125
172.4550018310547
172.5749969482422
172.5684051513672
172.63040161132812
172.6649932861328
172.6199951171875
172.62989807128906
172.57000732421875
172.451904296875
172.41000366210938
172.4062957763672
172.35000610351562
172.2899932861328
172.32000732421875
172.33839416503906
172.33999633789062
172.24119567871094
172.21499633789062
172.1699981689453
172.14999389648438
172.1699981689453
172.125
172.10000610351562
172.0800018310547
172.17010498046875
172.05999755859375
172.10000610351562
172.0449981689453
172.02000427246094
172.02000427246094
172.00900268554688
172.02110290527344
171.97999572753906
171.97000122070312
171.94500732421875
171.98500061035156
172.0500030517578
172.08009338378906
172.16000366210938
172.12130737304688
172.11000061035156
172.01820373535156
171.9001007080078
171.95504760742188
172.00999450683594
171.91000366210938
171.92999267578125
171.8350067138672
171.8000030517578
171.8256072998047
171.72999572753906
171.6898956298828
171.63999938964844
171.58909606933594
171.52999877929688
171.52499389648438
171.57960510253906
171.59500122070312
171.60670471191406
171.52000427246094
171.60000610351562
171.57000732421875
171.5500030517578
171.5500030517578
171.5399932861328
171.44500732421875
171.42379760742188
171.3874969482422
171.44500732421875
171.50999450683594
171.45069885253906
171.51210021972656
171.5500946044922
171.55999755859375
171.5399932861328
171.5500030517578
171.63999938964844
171.66000366210938
171.61500549316406
171.57000732421875
171.52000427246094
171.60000610351562
171.52499389648438
171.55999755859375
171.57000732421875
171.56500244140625
171.72999572753906
171.72999572753906
171.88999938964844
171.97129821777344
171.85009765625
171.75230407714844
171.74569702148438
171.83999633789062
171.77499389648438
171.875
171.95120239257812
171.8350067138672
171.88499450683594
171.7104034423828
171.74000549316406
171.61099243164062
171.60000610351562
171.66000366210938
171.64999389648438
171.6750030517578
171.69000244140625
171.66000366210938
171.71499633789062
171.72000122070312
171.6999969482422
171.6199951171875
171.6699981689453
171.62649536132812
171.64500427246094
171.55999755859375
171.5500030517578
171.50999450683594
171.49000549316406
171.44000244140625
171.38429260253906
171.3300018310547
171.3209991455078
171.24009704589844
171.27999877929688
171.17430114746094
171.16000366210938
171.22000122070312
171.2100067138672
171.25
171.21499633789062
171.10499572753906
171.25180053710938
171.22500610351562
171.2274932861328
171.3406982421875
171.3000030517578
171.14999389648438
171.13070678710938
171.03419494628906
171.02999877929688
171.1208953857422
171.0821075439453
171.05499267578125
171.13499450683594
171.13999938964844
171.11000061035156
171.1649932861328
171.13499450683594
171.18499755859375
171.1999969482422
171.24000549316406
171.33999633789062
171.47999572753906
171.3300018310547
171.33990478515625
171.22999572753906
171.33999633789062
171.33999633789062
171.4600067138672
171.38499450683594
171.39999389648438
171.40499877929688
171.42999267578125
171.49000549316406
171.3831024169922
171.41000366210938
171.39999389648438
171.48500061035156
171.4600067138672
171.52999877929688
171.55499267578125
171.5500030517578
171.57200622558594
171.5500030517578
171.57699584960938
171.6699981689453
171.68099975585938
171.6475067138672
171.62420654296875
171.67999267578125
171.61000061035156
171.67709350585938
171.6699981689453
171.65989685058594
171.5850067138672
171.72999572753906
171.81500244140625
171.77000427246094
171.77999877929688
171.75
171.74989318847656
171.80999755859375
171.86770629882812
171.7899932861328
171.875
171.81500244140625
171.77000427246094
171.7552947998047
171.67990112304688
171.74330139160156
171.8009033203125
171.72999572753906
171.80709838867188
171.86000061035156
171.8249969482422
171.85499572753906
171.85000610351562
171.83999633789062
171.86000061035156
171.85330200195312
171.88499450683594
171.88999938964844
171.82009887695312
171.9001007080078
172.02999877929688
171.98500061035156
172.02499389648438
172.0500030517578
172.11129760742188
172.1510009765625
172.00759887695312
172.0850067138672
172.13499450683594
172.19000244140625
172.2050018310547
172.23989868164062
172.27999877929688
172.3000030517578
172.3489990234375
172.3699951171875
172.27499389648438
172.36500549316406
172.42999267578125
172.3625946044922
172.47999572753906
172.52000427246094
172.49000549316406
172.5399932861328
172.57000732421875
172.5399932861328
172.54010009765625
172.55999755859375
172.53500366210938
172.55999755859375
172.57000732421875
