173.80999755859375
173.97999572753906
174.05999755859375
174.05999755859375
174.0399932861328
173.8699951171875
173.84939575195312
173.6999969482422
173.6300048828125
173.52999877929688
173.5
173.57000732421875
173.52920532226562
173.47999572753906
173.4499969482422
173.3769989013672
173.3000030517578
173.39999389648438
173.33999633789062
173.2100067138672
173.10000610351562
173.27000427246094
173.3699951171875
173.22999572753906
173.30499267578125
173.32000732421875
173.35000610351562
173.31689453125
173.24000549316406
173.27999877929688
173.25999450683594
173.01499938964844
172.8800048828125
172.8300018310547
172.8000030517578
172.75
172.69000244140625
172.63999938964844
172.73989868164062
172.77000427246094
172.8000030517578
172.83999633789062
172.75999450683594
172.86500549316406
172.8000030517578
172.82000732421875
172.8300018310547
172.81500244140625
172.8300018310547
172.75990295410156
172.7100067138672
172.66000366210938
172.7100067138672
172.72000122070312
172.75999450683594
172.77999877929688
172.82000732421875
172.82000732421875
172.82000732421875
172.8000030517578
172.69000244140625
172.75
172.66000366210938
172.7100067138672
172.60000610351562
172.52000427246094
172.4199981689453
172.49130249023438
172.58999633789062
172.68499755859375
172.75
172.78990173339844
172.77999877929688
172.86000061035156
172.85499572753906
172.89999389648438
172.82899475097656
172.83999633789062
172.83999633789062
172.86500549316406
172.75999450683594
172.7100067138672
172.77499389648438
172.75
172.75
172.82000732421875
172.84500122070312
172.88999938964844
172.8000030517578
172.789306640625
172.8699951171875
172.8000030517578
172.71499633789062
172.73500061035156
172.85899353027344
172.97000122070312
172.97500610351562
172.90499877929688
172.86000061035156
172.85000610351562
172.9178924560547
172.92640686035156
172.86000061035156
172.69720458984375
172.66610717773438
172.6300048828125
172.5399932861328
172.60499572753906
172.60000610351562
172.61000061035156
172.65499877929688
172.63999938964844
172.61000061035156
172.5579071044922
172.5800018310547
172.5399932861328
172.58990478515625
172.53500366210938
172.54010009765625
172.5800018310547
172.5850067138672
172.6300048828125
172.59959411621094
172.5050048828125
172.46499633789062
172.5
172.48890686035156
172.47000122070312
172.4499969482422
172.4499969482422
172.4980010986328
172.53500366210938
172.5500030517578
172.51980590820312
172.47999572753906
172.4550018310547
172.4799041748047
172.52999877929688
172.58999633789062
172.5749969482422
172.5399932861328
172.47000122070312
172.44000244140625
172.42999267578125
172.47000122070312
172.5
172.58999633789062
172.58999633789062
172.65499877929688
172.72000122070312
172.69000244140625
172.62989807128906
172.64990234375
172.5800018310547
172.4799041748047
172.4199981689453
172.4398956298828
172.3800048828125
172.3300018310547
172.33999633789062
172.347900390625
172.33999633789062
172.25
172.25999450683594
172.1898956298828
172.2100067138672
172.18499755859375
172.16000366210938
172.11000061035156
172.19000244140625
172.19500732421875
172.1300048828125
172.13099670410156
172.07000732421875
172.07000732421875
172.0500030517578
172.0500030517578
172.03990173339844
172.02999877929688
171.99000549316406
172.02000427246094
172.0601043701172
172.08999633789062
172.19000244140625
172.1699981689453
172.18800354003906
172.11000061035156
172.00799560546875
172.01399993896484
172.02000427246094
172.01499938964844
171.9600067138672
171.9394989013672
171.84739685058594
171.84500122070312
171.83999633789062
171.77999877929688
171.7100067138672
171.63999938964844
171.60000610351562
171.5399932861328
171.63999938964844
171.63999938964844
171.64999389648438
171.6199951171875
171.61000061035156
171.63499450683594
171.5800018310547
171.56829833984375
171.60000610351562
171.5500030517578
171.45989990234375
171.42999267578125
171.4698944091797
171.53700256347656
171.52000427246094
171.52000427246094
171.56500244140625
171.58999633789062
171.55999755859375
171.5500030517578
171.63999938964844
171.6999969482422
171.6649932861328
171.61000061035156
171.61000061035156
171.61500549316406
171.60000610351562
171.6385040283203
171.6199951171875
171.58999633789062
171.74000549316406
171.74000549316406
171.89999389648438
171.99000549316406
172.01499938964844
171.8699951171875
171.77999877929688
171.83999633789062
171.85000610351562
171.8804931640625
171.97500610351562
171.9550018310547
171.88999938964844
171.89500427246094
171.74000549316406
171.76499938964844
171.61099243164062
171.6737060546875
171.69000244140625
171.69000244140625
171.74000549316406
171.7050018310547
171.72500610351562
171.75
171.72000122070312
171.7176055908203
171.67039489746094
171.6699981689453
171.66990661621094
171.63999938964844
171.55999755859375
171.55999755859375
171.57000732421875
171.51890563964844
171.4600067138672
171.39019775390625
171.33009338378906
171.3271026611328
171.2949981689453
171.27000427246094
171.2100067138672
171.25
171.32000732421875
171.3000030517578
171.26499938964844
171.22000122070312
171.27000427246094
171.27000427246094
171.25
171.3699951171875
171.39999389648438
171.31500244140625
171.17999267578125
171.13999938964844
171.03990173339844
171.12989807128906
171.1199951171875
171.0998992919922
171.13999938964844
171.14999389648438
171.1199951171875
171.2100067138672
171.16700744628906
171.22000122070312
171.2100067138672
171.2449951171875
171.34500122070312
171.5
171.49000549316406
171.39999389648438
171.33999633789062
171.35000610351562
171.3699951171875
171.4600067138672
171.47999572753906
171.39999389648438
171.42999267578125
171.4600067138672
171.5
171.49000549316406
171.4199981689453
171.44729614257812
171.48500061035156
171.48719787597656
171.5399932861328
171.5800018310547
171.5500946044922
171.5800018310547
171.60000610351562
171.60000610351562
171.6699981689453
171.69000244140625
171.68499755859375
171.69000244140625
171.72000122070312
171.69000244140625
171.67999267578125
171.75
171.66419982910156
171.6999969482422
171.72999572753906
171.8300018310547
171.82000732421875
171.8000030517578
171.77999877929688
171.77000427246094
171.80999755859375
171.89999389648438
171.86000061035156
171.88499450683594
171.875
171.85000610351562
171.80999755859375
171.76499938964844
171.76499938964844
171.80499267578125
171.82000732421875
171.82000732421875
171.86000061035156
171.89210510253906
171.875
171.8800048828125
171.8800048828125
171.9149932861328
171.89999389648438
171.8863983154297
171.92999267578125
171.89999389648438
171.91000366210938
172.06500244140625
172.02999877929688
172.0500030517578
172.10000610351562
172.1199951171875
172.2100067138672
172.14999389648438
172.10499572753906
172.16990661621094
172.19000244140625
172.24000549316406
172.25
172.32000732421875
172.32000732421875
172.36000061035156
172.39999389648438
172.40499877929688
172.3800048828125
172.42999267578125
172.4600067138672
172.48500061035156
172.52000427246094
172.5800018310547
172.5399932861328
172.6199951171875
172.61000061035156
172.55999755859375
172.5800018310547
172.57000732421875
172.57000732421875
172.57000732421875
