173.50999450683594
173.67379760742188
173.8000030517578
173.8699951171875
173.8000030517578
173.7100067138672
173.58999633789062
173.61000061035156
173.39999389648438
173.3415985107422
173.3699951171875
173.41000366210938
173.35000610351562
173.36500549316406
173.2449951171875
173.1999969482422
173.1300048828125
173.26390075683594
173.14999389648438
172.9801025390625
172.9499969482422
173.07000732421875
173.1699981689453
173.09010314941406
173.21499633789062
173.22999572753906
173.2449951171875
173.13499450683594
173.1699981689453
173.10000610351562
172.94000244140625
172.6999969482422
172.72000122070312
172.64999389648438
172.6107940673828
172.6199951171875
172.5601043701172
172.5500030517578
172.60000610351562
172.6300048828125
172.69500732421875
172.74009704589844
172.6699981689453
172.72000122070312
172.7050018310547
172.69000244140625
172.65020751953125
172.64999389648438
172.72999572753906
172.6300048828125
172.5800018310547
172.50999450683594
172.57000732421875
172.63929748535156
172.6497039794922
172.6959991455078
172.7100067138672
172.72999572753906
172.75
172.64830017089844
172.5500030517578
172.60000610351562
172.52200317382812
172.60150146484375
172.52000427246094
172.39500427246094
172.3300018310547
172.3699951171875
172.4600067138672
172.56370544433594
172.61000061035156
172.66990661621094
172.69000244140625
172.74000549316406
172.75
172.7700958251953
172.74000549316406
172.74000549316406
172.75
172.75999450683594
172.6199951171875
172.6300048828125
172.6699981689453
172.6300048828125
172.68499755859375
172.74000549316406
172.77999877929688
172.75
172.6699981689453
172.6699981689453
172.72000122070312
172.69000244140625
172.60000610351562
172.60000610351562
172.72999572753906
172.77999877929688
172.8699951171875
172.77999877929688
172.7700958251953
172.7801055908203
172.8000030517578
172.86000061035156
172.65879821777344
172.60499572753906
172.5709991455078
172.4293975830078
172.375
172.48150634765625
172.5
172.52999877929688
172.53500366210938
172.5449981689453
172.54190063476562
172.5
172.52999877929688
172.44000244140625
172.5050048828125
172.4499969482422
172.41000366210938
172.4600067138672
172.4600067138672
172.52000427246094
172.49000549316406
172.4199981689453
172.39999389648438
172.41000366210938
172.4199981689453
172.38999938964844
172.36000061035156
172.32000732421875
172.39999389648438
172.47000122070312
172.4499969482422
172.4499969482422
172.33999633789062
172.32000732421875
172.41180419921875
172.4499969482422
172.5
172.4499969482422
172.4600067138672
172.36000061035156
172.36000061035156
172.33999633789062
172.3800048828125
172.39999389648438
172.4600067138672
172.53500366210938
172.57000732421875
172.63499450683594
172.61000061035156
172.57000732421875
172.5449981689453
172.41000366210938
172.38999938964844
172.35000610351562
172.33009338378906
172.2899932861328
172.25999450683594
172.27000427246094
172.28500366210938
172.2100067138672
172.2100067138672
172.11000061035156
172.1199951171875
172.1300048828125
172.1132049560547
172.09100341796875
172.0500030517578
172.0800018310547
172.0
172.0500030517578
172.02999877929688
171.9600067138672
172.00999450683594
171.97000122070312
171.97999572753906
171.92999267578125
171.97000122070312
171.94000244140625
171.89999389648438
171.92010498046875
172.0399932861328
172.08009338378906
172.11000061035156
172.10009765625
172.00999450683594
171.86000061035156
171.92250061035156
171.98500061035156
171.91000366210938
171.8800048828125
171.83200073242188
171.7899932861328
171.77499389648438
171.68499755859375
171.67999267578125
171.60000610351562
171.57000732421875
171.52999877929688
171.49000549316406
171.50999450683594
171.57040405273438
171.5800018310547
171.52000427246094
171.51499938964844
171.543701171875
171.5301971435547
171.52000427246094
171.53500366210938
171.44500732421875
171.38999938964844
171.31500244140625
171.35000610351562
171.44000244140625
171.44000244140625
171.4199981689453
171.47999572753906
171.53500366210938
171.47999572753906
171.52999877929688
171.5399932861328
171.6199951171875
171.58999633789062
171.52999877929688
171.51499938964844
171.51499938964844
171.50999450683594
171.52499389648438
171.5399932861328
171.5399932861328
171.56500244140625
171.67579650878906
171.73500061035156
171.8699951171875
171.83999633789062
171.74000549316406
171.72999572753906
171.75999450683594
171.77499389648438
171.7449951171875
171.85020446777344
171.80999755859375
171.82000732421875
171.69000244140625
171.67999267578125
171.60000610351562
171.55999755859375
171.59500122070312
171.59010314941406
171.61000061035156
171.67010498046875
171.64999389648438
171.64500427246094
171.6999969482422
171.6750030517578
171.6199951171875
171.58999633789062
171.6199951171875
171.60060119628906
171.52000427246094
171.51499938964844
171.4600067138672
171.49000549316406
171.44000244140625
171.3800048828125
171.27999877929688
171.27000427246094
171.2100067138672
171.22000122070312
171.13499450683594
171.1300048828125
171.1300048828125
171.19000244140625
171.2100067138672
171.20010375976562
171.10499572753906
171.0800018310547
171.14999389648438
171.1999969482422
171.22959899902344
171.28500366210938
171.125
171.1199951171875
171.02999877929688
171.0
171.0
171.02999877929688
171.0399932861328
171.0449981689453
171.1121063232422
171.09500122070312
171.10000610351562
171.10000610351562
171.1345977783203
171.16000366210938
171.19009399414062
171.22000122070312
171.33140563964844
171.27000427246094
171.3083038330078
171.17999267578125
171.19009399414062
171.26170349121094
171.35000610351562
171.33999633789062
171.3350067138672
171.375
171.35000610351562
171.4149932861328
171.36000061035156
171.32000732421875
171.3699951171875
171.38999938964844
171.4199981689453
171.4499969482422
171.49209594726562
171.5
171.52999877929688
171.47000122070312
171.52000427246094
171.54010009765625
171.6300048828125
171.60000610351562
171.61019897460938
171.62420654296875
171.58999633789062
171.60000610351562
171.66000366210938
171.61000061035156
171.5800018310547
171.55999755859375
171.6699981689453
171.75
171.69000244140625
171.72999572753906
171.69000244140625
171.67999267578125
171.8000030517578
171.7899932861328
171.75
171.7899932861328
171.76499938964844
171.72999572753906
171.63499450683594
171.64999389648438
171.6999969482422
171.72500610351562
171.72000122070312
171.7899932861328
171.81419372558594
171.8000030517578
171.82000732421875
171.80999755859375
171.80999755859375
171.83999633789062
171.8000030517578
171.86000061035156
171.7899932861328
171.8000030517578
171.90499877929688
171.96499633789062
171.97999572753906
172.02000427246094
172.02000427246094
172.110107421875
171.97000122070312
171.9600067138672
172.0800018310547
172.1011962890625
172.14999389648438
172.16000366210938
172.22999572753906
172.27000427246094
172.2718963623047
172.32000732421875
172.2550048828125
172.25
172.360595703125
172.36000061035156
172.25
172.47000122070312
172.47000122070312
172.47000122070312
172.46499633789062
172.51010131835938
172.50999450683594
172.50999450683594
172.50999450683594
172.5050048828125
172.57000732421875
