173.67999267578125
173.67379760742188
173.81649780273438
174.05999755859375
173.9499969482422
173.8300018310547
173.84939575195312
173.63999938964844
173.62289428710938
173.39999389648438
173.4199981689453
173.49000549316406
173.52859497070312
173.41000366210938
173.39999389648438
173.30999755859375
173.1999969482422
173.35000610351562
173.289794921875
173.16439819335938
173.0500030517578
173.10000610351562
173.23500061035156
173.1999969482422
173.22999572753906
173.3000030517578
173.2449951171875
173.30499267578125
173.17999267578125
173.23399353027344
173.08999633789062
173.00999450683594
172.7899932861328
172.75
172.72000122070312
172.63999938964844
172.64010620117188
172.61000061035156
172.61000061035156
172.72000122070312
172.75599670410156
172.75010681152344
172.7550048828125
172.75999450683594
172.77499389648438
172.74009704589844
172.82000732421875
172.67770385742188
172.82000732421875
172.74000549316406
172.6649932861328
172.58999633789062
172.57000732421875
172.6678924560547
172.67999267578125
172.75999450683594
172.7100067138672
172.8000946044922
172.82000732421875
172.7899932861328
172.69000244140625
172.63499450683594
172.6199951171875
172.62159729003906
172.60000610351562
172.50999450683594
172.41000366210938
172.38999938964844
172.4600067138672
172.56370544433594
172.64500427246094
172.75990295410156
172.69000244140625
172.75
172.85499572753906
172.8350067138672
172.77000427246094
172.8300018310547
172.7899932861328
172.83999633789062
172.75999450683594
172.63499450683594
172.67990112304688
172.72999572753906
172.74000549316406
172.75
172.80130004882812
172.8249969482422
172.8000030517578
172.68069458007812
172.77999877929688
172.72000122070312
172.69000244140625
172.62100219726562
172.72999572753906
172.83999633789062
172.9550018310547
172.89999389648438
172.8000030517578
172.83999633789062
172.81100463867188
172.90280151367188
172.86000061035156
172.66000366210938
172.60000610351562
172.6300048828125
172.44500732421875
172.52999877929688
172.52999877929688
172.52999877929688
172.5399932861328
172.6300048828125
172.5500030517578
172.5399932861328
172.5399932861328
172.53500366210938
172.52000427246094
172.53500366210938
172.46499633789062
172.5198974609375
172.48500061035156
172.55999755859375
172.55999755859375
172.5050048828125
172.4199981689453
172.44500732421875
172.4499969482422
172.4199981689453
172.42999267578125
172.36990356445312
172.4499969482422
172.47000122070312
172.52999877929688
172.5
172.4600067138672
172.35000610351562
172.44500732421875
172.4600067138672
172.5
172.55999755859375
172.47000122070312
172.47000122070312
172.36000061035156
172.41290283203125
172.44000244140625
172.4199981689453
172.4600067138672
172.57000732421875
172.57000732421875
172.64500427246094
172.6699981689453
172.625
172.6300048828125
172.5699005126953
172.4553985595703
172.40499877929688
172.40499877929688
172.33999633789062
172.2899932861328
172.30999755859375
172.3300018310547
172.33999633789062
172.24009704589844
172.22000122070312
172.16000366210938
172.13999938964844
172.1750030517578
172.11239624023438
172.09689331054688
172.0850067138672
172.1699981689453
172.0500030517578
172.0850067138672
172.0449981689453
172.00999450683594
172.02000427246094
172.0
172.03500366210938
171.98480224609375
171.9600067138672
171.92999267578125
171.97999572753906
172.05499267578125
172.08009338378906
172.14999389648438
172.1300048828125
172.1074981689453
172.00799560546875
172.00149536132812
171.9949951171875
172.00999450683594
171.90499877929688
171.92999267578125
171.83009338378906
171.7899932861328
171.8300018310547
171.74000549316406
171.69000244140625
171.63499450683594
171.58999633789062
171.5399932861328
171.52000427246094
171.5749969482422
171.59500122070312
171.6009979248047
171.51499938964844
171.60000610351562
171.56019592285156
171.5399932861328
171.55780029296875
171.52999877929688
171.4499969482422
171.42010498046875
171.38999938964844
171.4499969482422
171.5045928955078
171.4600067138672
171.50999450683594
171.5583953857422
171.5500030517578
171.5399932861328
171.5594024658203
171.63999938964844
171.66000366210938
171.61000061035156
171.56500244140625
171.52000427246094
171.60000610351562
171.52499389648438
171.55999755859375
171.5695037841797
171.57000732421875
171.72999572753906
171.73500061035156
171.88999938964844
171.97500610351562
171.85000610351562
171.75
171.75999450683594
171.83999633789062
171.77000427246094
171.8800048828125
171.9550018310547
171.8300018310547
171.87950134277344
171.6999969482422
171.75999450683594
171.61099243164062
171.60000610351562
171.66000366210938
171.64999389648438
171.6750030517578
171.70010375976562
171.66050720214844
171.7259063720703
171.72000122070312
171.7100067138672
171.6199951171875
171.66000366210938
171.62989807128906
171.63999938964844
171.55499267578125
171.5500030517578
171.50990295410156
171.5
171.44000244140625
171.38999938964844
171.3249969482422
171.3220977783203
171.25
171.27000427246094
171.17269897460938
171.16000366210938
171.22000122070312
171.22999572753906
171.2541961669922
171.2100067138672
171.11000061035156
171.25999450683594
171.21499633789062
171.22959899902344
171.35000610351562
171.3000030517578
171.15899658203125
171.1300048828125
171.02999877929688
171.02999877929688
171.1199951171875
171.0800018310547
171.0500030517578
171.1300048828125
171.0991973876953
171.11000061035156
171.16000366210938
171.1345977783203
171.18499755859375
171.1999969482422
171.24130249023438
171.33140563964844
171.47999572753906
171.3300018310547
171.33999633789062
171.23500061035156
171.35000610351562
171.35000610351562
171.47000122070312
171.3800048828125
171.39779663085938
171.39999389648438
171.4199981689453
171.4897003173828
171.3800048828125
171.41990661621094
171.39500427246094
171.48719787597656
171.46499633789062
171.5303955078125
171.5500030517578
171.5449981689453
171.5749969482422
171.5399932861328
171.5850067138672
171.67999267578125
171.68499755859375
171.66000366210938
171.6300048828125
171.67999267578125
171.61000061035156
171.67599487304688
171.66299438476562
171.66000366210938
171.5800018310547
171.72999572753906
171.82000732421875
171.77999877929688
171.77999877929688
171.7550048828125
171.74000549316406
171.81500244140625
171.86000061035156
171.7899932861328
171.875
171.82000732421875
171.77000427246094
171.7563018798828
171.67999267578125
171.7342987060547
171.80479431152344
171.72999572753906
171.80999755859375
171.86000061035156
171.8300018310547
171.85000610351562
171.86000061035156
171.8300018310547
171.85009765625
171.85009765625
171.88499450683594
171.88999938964844
171.82000732421875
171.91000366210938
172.02999877929688
171.99000549316406
172.02000427246094
172.0449981689453
172.11500549316406
172.14999389648438
172.0
172.08999633789062
172.1300048828125
172.1999969482422
172.2100067138672
172.23500061035156
172.2801055908203
172.3000030517578
172.33999633789062
172.3699951171875
172.27000427246094
172.36500549316406
172.42999267578125
172.36000061035156
172.48500061035156
172.52000427246094
172.48350524902344
172.52999877929688
172.5800018310547
172.5399932861328
172.5449981689453
172.55999755859375
172.5399932861328
172.57000732421875
