nan
nan
nan
nan
nan
nan
nan
nan
nan
nan
nan
nan
nan
nan
64.83049505027314
81.09241946507088
87.87275202103103
88.03921087574028
85.91223204626266
92.07918249198536
83.67346030893025
81.65138299639575
84.10404904685505
89.70037335460802
83.74127487756951
81.74063797388195
74.14386120763986
77.69573637120942
77.66273985775004
76.69754220190227
72.89259516701959
68.89953084639905
69.43576404251992
71.58220415855091
75.89822472555862
76.49701836675118
75.80895138909135
61.9277122609424
72.0108934521529
75.34626062198417
87.35954189311983
82.82443548330735
69.43518158969175
69.63697233883119
76.90054226634673
85.67160018547384
79.65115918024803
71.3068107928152
75.721142736414
72.32559558957122
72.831056591311
76.67985477003245
70.63196962761151
65.4386101109609
57.586226673113956
57.731965249782924
53.33334625083923
52.195110332374135
43.38710177578112
39.452501117996555
40.76537749669308
47.15446872069193
35.78334033801939
35.85269220328277
34.84251294445015
30.897701686941655
39.12133557299357
50.09901600391109
58.40162793911738
56.991534601580575
58.099354187236926
59.834371015496366
61.62046408848407
56.00773348458064
55.25812742229686
49.19356029562688
44.04333939645666
42.957744965404444
45.819397139920575
45.08472770288898
36.204145721305665
25.842675163915754
24.013172754623564
30.316724794328422
29.82193843777082
22.792923639872736
28.54809409377416
42.72301007605997
40.20618927380709
38.45068703235035
40.4444263599537
49.386088900638875
46.714282787090724
46.408047866971486
59.64671789136996
65.18517145438057
63.51350608289229
61.05767820008959
70.94971590812222
69.65264643692012
70.92820410314187
61.523040454424255
57.06316792594105
64.3137229089338
70.65637475079298
65.29679029067634
59.83262583229001
50.292415402983586
35.678406216381795
28.256511432772072
43.45718989065448
48.68036227279643
45.17008864622475
43.285542400692634
39.49930836779469
39.720279959059525
46.48986159976767
44.76650872232166
53.897839979654954
56.138107965825014
59.86667485893764
65.40695933666868
65.80085722224938
61.37283121846072
44.08600871473815
44.90065416752898
45.38151051773655
46.95289219519412
41.19849873338726
37.28813559322034
38.264755363827824
43.30949595493997
39.99999999999999
41.145273399347964
41.39386406430413
40.30928464279961
40.91837357501594
53.63734052412695
64.35407117752621
58.792672572609455
61.878467477265666
63.54610948326576
70.00001430512157
70.4402594187071
73.33333910498182
72.67443149911419
66.72328052251929
65.37103426113691
65.06239790064967
67.8439018081406
71.73205930590372
66.03057236257027
58.30117103938362
61.46434999608975
46.16498577023568
36.87861867161345
43.944253223400224
48.40614863119346
42.80103791853874
36.12635128450628
32.230373549011055
24.692726991264806
22.72239163719849
19.999988483929467
25.28633427861669
24.656349414843607
31.89933651472685
30.84493452860193
34.94421461702394
38.17256854455803
36.09652656536403
40.521547808243
36.551065913422704
38.307990967720976
43.57142345550645
51.893093270666924
54.12311883467438
61.72184691649054
50.25040732585355
56.65023026002596
57.142871297576576
57.58565704126942
53.00300135175385
63.09718509476279
50.38880219308737
45.65590355833477
46.68991103129057
56.47223987581133
49.14359857070082
44.41490084836384
53.37142390784602
51.77384244676511
51.659291587278226
56.60377987471131
53.902949613492375
55.49897477110266
62.85715627146291
64.34599984676825
72.00461842122843
64.08668633145818
66.20469495909894
61.29426634442474
64.8578881668232
67.87147806839616
59.74442249604636
64.2611781152191
72.3702756042848
70.85799157154369
65.18405108983409
61.904773438249315
58.642967120355245
55.70935206065083
55.40071094305756
63.2206670185593
71.0
72.99814394064246
78.72340927899435
66.22735440302702
64.42307128003584
66.1466300455764
61.86291230893001
43.36918327221616
39.09531932516245
37.17357694878769
46.89188904967888
42.72363499017855
40.55116659631338
42.270867601259106
38.80169923327279
27.179474338423642
31.234861281679542
37.18460098158813
35.57813933540713
38.2460540900599
31.36247956343416
37.857153444864814
35.145903463337845
39.17809960093074
33.63230499671332
31.60113394974206
31.20668389646208
30.61226099773713
28.517129090812745
31.914909274132455
36.758898842946365
36.08521023797198
39.826838111116544
30.76923076923077
29.97275453595607
30.068035514987244
42.61275131918545
40.158730235620034
33.4400065625032
45.55734793707952
47.157169642046085
38.10809907989464
41.959060022397416
41.959060022397416
30.122588855140776
27.147768124939702
26.37930317809173
40.54513665588586
41.39130508624803
38.028154636123276
32.695964732620865
32.386343603932374
42.5992620690491
27.721073430083077
38.08096082356305
56.729128075608756
57.453933522777525
64.59074665460444
66.2671164872192
63.75615315891905
68.73198188294269
63.43042167083197
61.732273020215125
69.6404697835488
70.15706555322858
71.18191253825331
66.52540089837098
69.26469756658436
65.05015493527013
49.05064803936765
53.0612317528558
58.45161351294201
54.098361286618214
63.594480253394465
56.61766273341195
58.181824234896006
63.11167798217725
50.33829544027962
44.54313615001655
47.144600476935096
51.7441885222516
57.62926982076961
58.10474925703675
67.9136882715304
61.809825642379415
53.45456785095412
59.92508892404195
48.30918337334779
54.98721147774749
49.62218115625634
54.12845256785445
68.5643732635558
68.05900472085756
62.17617522490933
46.09570839633513
46.36592187957716
40.04797918072402
36.017900910065336
42.09353333111305
37.72453411968371
42.96163100985209
49.514558312506814
42.60614685519346
41.99133970371095
37.089206810718494
29.037046079282405
34.19773408263783
34.032251157575466
39.32384573530514
38.669060503287504
46.01769911504425
58.86850702300997
55.177751887891546
58.524580896305814
52.68021586812346
47.86150117874908
59.25925664286955
57.39910896895076
51.13402619727934
58.07961006149964
53.318067575768374
54.82353312878193
58.169930294963216
48.23091755647885
48.03737635382613
28.633381084652232
28.633381084652232
32.37884041175909
31.612884595569636
33.472811895474074
39.196949875303865
39.1969270034958
40.19607843137255
43.1411616454247
44.8347133492899
43.48697713445586
40.254265506568714
43.37898652560789
42.98851348839037
44.52381419485722
52.35955256522005
48.01763832032642
50.22422844067834
48.847928535566965
40.799982421903614
43.22036090028518
48.92964534294465
50.0
50.606050797848965
54.22078661983344
62.29944276851597
64.90253916709878
54.366209533011876
50.7894823491808
38.88888440364306
34.83412013815367
39.956302489651996
33.97846964216921
32.82607743779381
49.732603739467756
47.88732772733597
45.34048473790944
48.90388752225779
37.08438310745628
26.744175043233263
33.91519688218348
37.30964270416766
40.846996415017486
43.704764630335276
49.68650118291513
42.768281836294754
42.177906213696026
43.69369885384968
33.035714285714285
40.625007842714055
45.256606246941715
41.300803083714435
62.689824732358716
71.18229378072431
66.37935116799932
60.4046492592867
65.49118755803728
65.83543633313953
63.8461881558839
75.64766880342556
81.11112900723691
87.83543426159969
83.89986515479902
81.92774554430449
78.44831044840517
69.59849780950003
67.87882225430853
70.73688160063939
74.21152400192052
73.12617788603698
71.89297943007321
70.01901126372496
73.72016069142727
73.9425081341556
75.95158997839481
56.85279580994488
56.85279580994488
59.523823364001125
59.952079260960915
68.11989848526173
68.79999804687182
69.45171085877197
56.35842126988494
62.03703180425023
56.333325873465725
55.592107574700464
35.09931365653724
27.9411368715836
42.69004804294597
44.7852766479286
50.314437041096106
46.80135510460754
41.246295100612976
38.93557710308536
35.83815793651633
32.044174675434164
29.292885700810412
29.113924050632914
28.255519780933344
37.04547046628746
45.86467948149213
43.74997516472739
44.89796077246817
45.595863524779716
39.32040632809942
38.7255176953255
45.4300762118838
45.923911691387566
49.48187327300974
53.27867963969251
73.58977488982372
71.93878424857495
71.03275449884309
67.78709832392589
68.91891891891892
77.36221288406028
73.44111977615755
70.50996117301085
80.90346991451952
76.41320642474717
76.7307397741351
82.84018753525014
82.59994641123095
79.41739414869788
75.90900515745639
73.40651719577075
78.80786448351012
78.25103424114822
76.32839451570102
54.517106412753826
52.46908696340168
49.27536488279522
35.66178574273556
36.194082112538936
43.18937382327624
46.226382501746606
42.03822275093399
37.07867961777597
32.857142857142854
37.71930059384383
44.09448440478669
37.66815468451923
45.256926769839446
49.35344161374869
56.09286319324954
61.310798063907576
58.93224848696768
63.5610777818847
60.62639530835035
53.075183035850834
60.446224737908125
70.28821832974927
68.46652196638586
63.52199406923069
61.674001407571176
74.7663411462047
74.22431499366341
76.27905821401323
70.63491871267553
71.46663411458333
77.09922952797912
70.57357861058938
71.28955035923146
78.53659916322228
74.49276644301833
72.12124182613657
78.36992095084756
86.05448743899072
81.06067349229487
78.9030117216221
75.36955662225321
63.255790186384594
71.5446872069193
72.33203583460691
56.92308053462039
56.06062357526969
46.94655821684451
50.17922205486809
55.59104559104559
56.730772992789255
60.64136647377449
66.74874829278485
71.68534979954437
66.52173047706873
63.157884169822154
69.24780941912641
69.11112467447916
69.84815345385026
74.71002953340617
75.7647172023762
82.18266938810466
76.54032703045327
62.82613238684424
56.41027030085462
56.58155703500475
53.0785573637931
46.65126923123006
53.2257996467266
46.57255012951535
42.47419372091779
34.35580946009366
39.77484510724402
40.0755960457453
51.25628371891878
47.75583040301911
46.91357426658097
55.53397264316474
54.78928211046451
52.988054348156474
53.906258381921155
59.05798904239851
56.14367863834815
61.49071423291091
61.111156461987
65.70797192107815
69.36761598953957
67.24139543802704
60.50810055728113
58.21919430784302
62.34719756814412
62.43903927686737
73.78375079180744
73.05552164713542
72.98048576470708
68.81028686489658
67.72151776487972
76.39342622007655
83.96494843159445
78.9040937833655
62.40872579200841
70.52235066910808
74.51607536456164
73.3333527095734
74.07408802815905
71.80325867699794
72.34727981740501
71.52317010814537
73.45679128629611
65.921771041561
71.53844588842148
65.0
64.55696202531647
72.8395061728395
71.08433734939759
71.42857142857143
68.25398363192913
70.49178277509569
62.72039702019617
57.77262936680682
60.4347560716712
58.62068511926842
65.77538303364278
77.52160306125634
77.22627860798919
81.24075344596135
80.12518410832351
79.8412602300443
85.99999718299411
86.9627396920085
88.1355871509478
79.43593068532195
83.35385398079238
84.39450805553513
83.72396221384312
80.98236591871718
75.62110829945125
68.15416499532023
55.82253560851783
55.74074555489371
54.905666244027486
50.387590480657146
42.58872864170174
32.281614525156215
26.578942084911077
30.886857287912242
30.14927195079291
32.06348037624746
29.836055732045928
41.83007513697988
50.7163318771183
44.78871520136444
45.04249120349958
47.42548209924583
44.587611432454665
49.10024053208898
42.82511011316835
51.07210249161806
47.26889800000641
47.87233766250632
56.75182451265116
60.4452224805999
59.00514768312383
55.21581865085899
50.78742025924344
52.86884066943576
60.849080369263014
54.27873243745383
49.22393283151851
33.94343125366871
38.973379508086865
36.811034383325875
34.9328408347406
41.254771271938864
26.626022059489415
17.588918622414976
19.16998228653831
17.89669745825793
23.183413657502253
23.47826086956522
32.26837123003318
38.660590405595535
38.4266419694492
57.1684525085646
57.1684525085646
46.9964753856614
48.36362244159084
44.33782505425503
47.53087388785245
49.253751738165995
42.96723450470141
46.26555714474753
49.11588999767371
47.42859036191501
48.60335227279185
49.1712480512021
57.1721329416076
51.16822463225594
40.44525094907414
42.08492843685158
41.13207612355135
46.03174688607742
48.300541946388414
55.43672499095624
62.57312620241071
59.22509017322945
52.23578420852184
57.587533159648416
45.68420687435311
41.095914272177474
37.668171560651245
35.12933132338355
47.35376849650322
59.94626610991247
65.02591226592982
63.80695866462234
60.26314183285361
46.76616008982192
45.68524419507102
55.77890834365284
57.66233580935455
64.01767729505049
73.82979621386993
74.94909590852926
75.87631123418826
80.04246545874877
77.2442687152735
74.47307126322102
73.60775516175799
70.98448504321482
74.80317735704575
89.84618187179036
90.14929017024254
85.80861542800166
85.80861542800166
82.73094732094489
76.02047171515231
74.86634245055161
80.4599051846759
73.59554510868914
54.811697316236646
60.58393347604589
70.3296740149268
73.81544540470443
75.11849060970053
75.63805449404907
70.40356412419693
68.40958185593439
70.61223905118922
64.25439359665913
58.83533127513258
61.53847475143641
61.08005998944104
66.6098772954465
80.36006742835737
82.22222222222223
79.69543356902264
79.09408554700876
75.49193877707
73.9526193964971
80.20476980322414
84.26393003368293
75.4045555148435
73.04074095510425
67.83114675887386
61.514681694966576
57.43144993310793
53.17460317460317
42.495488584878075
35.88708982755099
32.712218983719524
36.647142527406366
43.486221990275794
37.49998792815223
34.49418418984295
33.16413523592549
34.14632071549411
35.897427298504134
40.16394467805157
41.525414961904715
44.044949368182394
51.93050466012325
52.13176747236707
53.308130834543846
50.53761264981235
46.4077551388046
38.775510204081634
48.50744795691708
45.23808947135991
37.34939759036145
43.95884751709064
62.769800757451
63.686134435530484
60.2763343272191
65.37814100249476
54.38898930098996
59.12899680511182
48.529422031094015
47.59615478666069
41.23564610661946
45.07846412574113
48.87119437179804
53.048780487804876
51.35772577419878
51.12694146710185
33.86881370847191
32.519283331607404
39.598996056043724
37.40260635867177
40.921792352708
36.994221947426865
36.94083598765734
43.54136815319914
52.62345133931158
52.84178965103098
43.35346478010992
34.545460048242944
58.421037837751015
58.53017552796962
63.442370245091034
70.42039964222087
66.33983343023807
57.51822586709863
49.30291223907799
43.12638250851412
56.2065458450994
46.85817289253663
42.79359826755953
47.766046746622116
46.92738505078747
50.57559429595795
43.3098747625555
46.60032936689489
44.99600022087968
43.892510571801765
45.6434878638355
47.623026697409934
53.82562569862587
62.53575778874678
52.121868419750555
61.64736831976145
61.88632630482423
45.82209145079511
54.91328944443856
50.71091989543992
44.54224160256004
44.93008168252122
51.46198865197936
53.21969007329419
44.30605958091035
46.025866012767736
51.00672000065541
46.71532765417619
48.210930796450306
57.97787791730566
64.08563010930006
68.60669330180032
53.28243037106545
53.70649691338787
55.830900677347515
47.27562252900636
55.72005007672517
60.9263566270772
65.85366140307167
72.97872989735706
67.1541128031763
66.51735948071583
76.00356846120592
74.90671782537167
75.65611412082862
80.85307453663194
92.16102544208451
85.62812670894552
86.22349153372559
79.62636046267271
77.95959752017349
76.12097320305698
76.70104143660488
69.71917108407877
73.41772151898735
76.0895211434068
70.53701221678212
70.83334064118506
65.27571345666503
64.96239221319186
62.406037810660344
70.32791986560217
66.91047330847287
84.3537942211636
83.76476873387054
83.25249622233416
85.38141839642893
92.43163021096964
92.70192810730073
91.97959381356753
91.32849556087079
80.83494318050208
71.1185336065482
71.68576971256525
74.42619506216074
68.4292159511264
57.6768875227761
59.25446211079356
54.296359862180836
58.1527741723555
57.075999012017135
53.30788912745528
47.13763512644512
37.339918303237745
39.13876917128421
42.204572357475215
41.585132285464994
40.47859270086496
47.07445470173155
48.141444346807916
48.98526260313756
41.6107434097945
41.264564391035044
35.247367589580676
34.78646648142527
24.244945652062597
28.485883853559432
37.47535870205744
29.629616052679655
35.32660542937694
36.74643484599282
40.876548399600374
31.695076290921737
31.726890895341842
40.78946636857455
50.72466529309139
57.41363214492762
50.78894240666258
51.88043474422344
67.06707079766588
61.67487584013489
62.08575971788205
68.50392943949768
60.46987765525015
66.08696459823555
58.544657301208325
66.03055369026868
70.51055704263113
67.35849480308377
59.909491165363384
54.97715500207073
63.455512372888606
60.156266497729916
47.93874910136592
52.89763234342309
52.83949538166621
55.26932686864991
54.56645604230833
57.328992170797754
52.48509006631356
45.92759321846659
42.13074827941401
35.04530923560987
46.74440496039831
48.2447333429651
50.38460974156878
50.38460974156878
56.15462085528758
54.303292272171845
51.30153236718558
49.20816518163835
59.63004312311506
57.454132614349994
69.79595971842424
55.4385932350155
52.78810577618311
50.65400578999965
31.952021149990816
32.16245405612556
33.83296357166896
35.03724835988267
32.435344118850274
41.65871482765844
41.34342156396832
40.096606677195
30.01985767754359
28.20772114236559
30.404706401228655
43.65324667880653
53.05246982744823
64.6750674330404
79.00130432506063
81.23461404276834
80.36179541368325
74.0876457104925
76.96827818288618
61.34753640649744
64.21290849695792
46.126763022768394
48.206086789047795
44.67177842923611
46.2303317037058
29.533325195312496
17.956194558780226
18.650192185546974
18.5827737703037
20.59233452476877
18.614685444024623
18.561114687354824
18.619683169863446
20.555536448420664
16.03341907321159
23.09884503164023
31.6857978309634
32.45932416555422
27.141487565631866
42.02685911698197
58.77077813987293
59.24049087717564
69.91431555036836
65.19775390625
59.05834697826036
65.71136559429306
57.48792270531401
52.42290748898678
54.9907826718744
58.55321151575565
52.428960560964434
52.71887866260365
52.094707948250154
49.39549857531838
36.271821196636964
42.406640223150724
30.66791914185545
31.436828289249103
33.26530192802705
27.10279041069453
34.033124914432705
38.21338700797926
36.930434136683
45.379007693097506
43.74373762799677
44.05241892067328
36.386329944804054
41.39452223932908
40.7825984961991
39.947092082919575
46.521379445833475
47.87233564337891
46.318283071155236
46.725246450198206
46.33951066789556
46.7199951171875
47.986855121725526
38.54368296315697
35.195023036986335
38.98304300338769
54.845162124292244
58.07051316530734
59.56232394683147
45.01778924630287
47.269614442207995
45.525622170131115
55.36584754654738
59.138054912161486
55.66112002180449
54.63835953638237
51.17819633946419
47.97555889821539
53.22034073643035
49.49495727925044
50.53585652258578
49.19558644926226
53.49908376967029
65.25615075831826
58.83907477699601
62.776434561673106
50.14165175368069
47.30540700314587
68.88434995067834
71.3858572458719
84.00412695943177
82.05646060632164
87.47781308651845
86.47939204875956
77.37226887106098
75.73385553652436
78.00717409873124
80.22598285596338
79.87013180031984
73.93404467402887
78.19194480598212
78.12254335709191
70.83777505503204
68.4556745731711
64.96354592456134
70.48986428592784
66.11799141320436
73.23742169709499
79.78059845135071
78.6936753077865
78.59380587940777
74.53537207671835
75.85589528775084
80.80613304030196
75.15919687541306
73.36241166224895
71.42855100865212
76.20084542929791
77.7095726542666
79.62614583392752
79.51126051191446
74.15725328520631
81.96423997689386
77.272736613886
71.96072212880796
59.57822472512738
63.72241144610906
72.91066611905029
74.8159281169071
76.21779586097622
78.21524117713022
79.87880258552511
79.55666801966355
75.55556874217457
72.3467711107401
77.39131973162199
66.52545806587321
61.97365208675987
64.91887122263894
80.94301069853444
75.87264844094165
73.08131153317495
74.94665937021944
76.61688309322153
75.46969302154896
67.32239948717161
67.74541446591319
64.14708275275173
62.92586984228719
59.58764171001524
67.70506661258224
76.10132099366255
76.91488063081782
49.35215718752179
42.110541790091695
46.91243503408689
37.68117374832387
34.49817960866372
27.747463685726327
39.65033242833381
40.482741986606776
45.473113986195
46.13259214391484
40.68208454743848
41.67665340340312
41.112448586929325
36.998156504823626
44.57418138084461
52.7439068357973
52.30769230769231
55.150046011503115
56.388018046768906
63.10680291568151
56.45834604899088
55.29413070270722
58.28342498763459
59.387356307974386
79.03229617184373
77.08583014709416
77.21967473077837
76.32793789917778
72.13696671672464
68.51630022242134
68.77990159896211
81.94154382110952
75.76721886833643
82.57262015034662
78.95832061767578
79.53393139946114
76.17924460400586
68.89374674100517
64.23174578039206
68.08986020891854
67.2810962695446
73.79311747934626
77.8402623206535
80.69584159636668
77.5734964126929
71.84613159906175
78.6194580420299
69.85554316738572
76.33448923361965
74.47212303539797
64.12853094508291
78.8272916233838
72.04300772830277
65.98132440433747
64.25920923393053
63.72176267452933
56.4452794380959
48.073363055741275
42.46354460857875
53.41208095407065
45.27252631164447
43.11440856043707
41.5032468978778
44.97951633408981
33.48589790324976
22.133876083687316
29.856352074660318
35.53386819074635
42.768922150196076
39.6245672806412
37.24368590510419
40.10491523480045
37.51115483813711
31.018082026947805
35.00000604308478
41.60723018497746
40.71091204457938
45.65595042523112
51.318365806948826
56.59666301616956
51.798969408160865
51.27021525822953
42.25000085830721
48.161764155896996
53.907822576337836
52.315140737391296
55.49853766104522
64.5038135336571
66.68656231290896
64.61635696249957
64.78068075377871
52.85009745868636
62.52754654772358
68.90625953674318
72.04968679200041
54.96235538091208
58.20680195612618
52.532128807719864
53.61890341341684
55.11079039893618
58.144815437577705
51.358448538898855
36.8965468253513
32.6642104067308
32.78384869526044
42.02625545939038
31.15486123633264
23.516273046691058
24.079482449895366
34.3189758331091
38.81465253719176
38.653327867388604
41.88976559593919
54.21837651674549
57.49840693129005
56.06861061254989
64.14954863525594
62.23329672380937
60.01372244574339
57.56913876883973
64.2045510842662
82.29477892395714
78.54254363584471
78.21173645572811
79.35738923926506
80.77307193258909
75.08091935980869
62.37786748603597
56.868992763528645
63.513513513513516
69.31818181818181
74.97180478936681
79.73618768963705
81.57032615510771
80.60340546829627
79.82058975473072
82.946577327953
79.10795683703711
76.32974535703096
81.19996647138144
78.27761721409989
67.74193548387098
71.3315454007175
57.77777777777778
47.706422018348626
56.15384615384616
61.17481328747826
57.32283207241948
55.74273232175005
56.145665849158654
42.13546174087012
38.349000316975
42.43901538564142
40.64386626778864
49.12791196260765
51.05739029952119
48.65640588280776
54.98047649162167
51.917417053362875
49.535590649581
52.292690246695315
44.73684210526316
44.81547053658918
45.62771619656385
62.624445436227376
71.91648029908377
68.97273573528425
68.84208673282873
67.72081463564636
66.41710811048988
69.46310924197634
70.8644588908141
72.96704166423531
62.941852364537816
58.118543524529684
73.37194481567096
80.75423297662012
78.23218646806886
74.80916030534351
75.51929670138607
75.62777396621159
75.94751330584674
78.26085907626985
67.11864897726386
61.048312530345086
54.756659350096854
43.68932509547181
51.00788322323639
39.51048055623136
45.73400755396675
39.22193343814678
35.652163759739985
31.873179057926095
29.600941083409186
39.29120807984293
41.658439770837894
39.19752543760722
41.41304441571073
43.49313493650531
43.642605076827074
57.2319939290247
53.01897599939351
58.913745819189295
51.7699065253136
50.90645379165903
64.30092202529343
59.526941295549804
54.84678219711429
35.31487548677272
29.715596596766094
31.426957912002916
27.86144407577551
28.69262001374814
32.613908872901675
24.583999352627607
31.425659348267875
30.176636538426983
26.61185915059971
23.233848569639914
16.394106347703087
17.018644403203954
14.260938992390727
24.486120612314792
22.58065236369644
26.70025009810595
25.434912149823568
28.025477144240014
32.26157576834044
31.946338508095305
38.63242951763836
47.44508880653021
50.828184575772404
50.90368760272955
53.669728150384046
51.93925689116246
55.812200503635836
52.802362972073105
58.099726989760896
58.35776826910444
68.60808178184813
66.49571961149522
63.5416588612997
64.64645975347709
51.17914957392838
39.362794543095944
47.462150610568706
60.1402425273942
50.0
58.650511723386366
65.44400088606939
59.139145681045434
63.689225363517124
60.034902588756616
59.10713559105283
55.13603623204614
45.56390807221054
45.20686352704238
47.058821643749106
51.32786031060425
46.97527772426636
43.98123336760927
48.20103184598369
40.4066633316913
40.72517339534137
43.98410591989015
49.539864761554085
50.252016098020476
50.96870925684485
53.88654967198427
59.755383142075715
60.9824966018842
66.88008833397518
66.60798363800153
68.89009468623796
63.06306691598012
65.7493797508446
75.98959604899088
81.0851192722204
79.00095371097761
77.7948606552605
69.6537623775607
67.70446764172547
70.08856611066088
58.631216623905715
57.671713092312544
52.59992178477594
51.302420522908406
46.273748489357494
51.24055420177943
50.628068632702764
46.50893321598241
48.44270383723776
45.45929771949491
37.871577157450844
44.73684311164736
46.410895389575366
44.98093909701226
64.60178568534992
68.1020971968585
70.98920646130836
71.9001794689841
69.23077691491636
68.11594915110973
67.27274744963843
68.28860409232487
65.94595694327138
73.34666973269306
75.72990170335922
68.64173146203386
68.81232168113877
69.66488799997417
65.69718721300023
51.98522081146898
56.983800353237925
44.742496507833394
48.68559377402738
37.91973550427246
38.87094749743431
32.11191113341252
22.080521379722803
28.8146500468656
20.976992972620536
27.156090859338907
24.162495421273306
21.30177381229696
21.428558453413014
35.29006863923682
42.29814335674277
44.80263768140384
40.266332889406485
52.102810846372215
49.13792732329125
62.92350060946392
67.14872554737622
64.62734719870515
70.84126175550875
70.35951354663366
76.2205627364004
73.56016425136211
70.84031945443887
59.73021094138635
55.81393998438639
63.87204900529217
70.75206893053732
63.08491761053359
68.36157830281904
63.19017371153298
66.77470650934694
65.77629033581057
68.04364466023205
68.06854189701413
66.93548387096774
70.23330359321807
68.57815880936845
65.88681359025537
49.28702731788017
39.14207941772769
44.969704367897734
49.33247400379403
44.21266689174924
50.99206381243794
53.72006640749171
47.23617371200808
46.061647593762295
42.67441765561919
43.43086115924043
41.34338122018705
44.26534581532803
45.73991522332176
62.68425969637725
70.51283349551073
64.17021493216782
58.44158160383808
52.023112210292545
64.33942089394506
62.50697617546422
69.03585947729307
62.397243552011986
63.661795936020106
61.452945434802274
57.29094081064163
55.41444567521201
47.129039589582725
45.229678041324895
40.03746743329783
43.22343899222677
47.98512150268282
61.15064680622457
52.97917750190488
52.2662983807523
68.97397721174524
72.08414100874916
75.63883510187127
67.09874502125992
68.75
72.03165638102688
80.80339319425572
82.23092985350843
83.53399090137451
83.60403039863334
83.14162488705705
81.60971238459504
78.37039350067123
79.66521095760653
69.83201268676713
55.82460845393579
56.08328743449239
69.71609971648479
73.36643740180853
62.74511640394996
66.17648456433244
58.75529470391186
59.649132752459835
58.885398923573185
58.212050825402045
63.15307175684408
61.627901898312636
58.17859594437657
55.907523464285326
67.11199907161429
42.5821243816997
43.853799489683844
48.053285672565266
54.83872101886464
60.40402807370582
65.94264072822222
63.90421637248763
59.25233602211414
60.81330274427203
47.07030621355913
45.38603361651699
58.05947068397687
65.59890408583357
66.01267241290816
68.65889757558448
64.1025652172401
58.43972294331817
48.515437492887074
47.35882681889284
36.7620049571156
47.25890013960639
48.2883874239672
49.69728772263056
47.908551777900946
52.714291527157734
45.245730066170324
45.5944868803588
39.045443977803195
46.40958684411585
55.06731745034553
56.72919529243085
64.26932615339021
63.568416728457194
68.56422735429373
65.97598930787387
61.04943443975646
60.28805809135926
65.25610784318056
65.44849970631513
68.03454086402913
60.36865776172676
75.83212249422552
75.25924117476852
67.50971930966183
63.669747168864674
56.36364003216197
51.959103334473625
47.73081118461647
50.07472014159421
57.95453081728601
59.59436877210857
53.203368665157505
41.633716512068325
47.07290163423977
53.36482372227927
59.89583333333333
61.38415718540421
60.28084756263299
59.27021429126059
64.18990078155313
68.05826905379452
70.8796780008603
60.6060915285456
59.1728473130612
55.6399294586801
61.732855432571185
71.71581802339138
65.72330665438284
62.28377612083721
65.99067616824031
53.103433760931104
56.859500963952904
65.39735567789553
64.39526275292698
64.99162170810828
68.33337063267136
80.76192889919189
83.62685080415082
90.33617252627765
91.92055560630594
92.95614629835063
88.46153846153847
72.7847860265961
72.9559538041392
78.19946905362687
74.82391954107594
72.11190361297118
73.65727915481175
71.62534419821782
71.7032933251506
65.55839079550682
65.35161944644376
53.18959451922881
56.32857705629256
47.91110455246558
52.86343612334801
59.82054566531675
43.43650683535036
37.66968505432062
43.300118826015186
51.1488460321322
45.52927841039895
44.785262673081405
41.633036791565324
51.35679088606539
50.51124782663506
60.108682383661694
54.85856068227204
60.105670624679
60.98190868071053
69.64285853305358
78.56118494371148
82.34482956023501
81.86969940607412
70.09203013937918
71.18380610218348
74.74747029930131
79.9410353472838
77.63159215616989
70.74725899589832
72.70031151519542
73.60115870654303
75.13516411459773
73.97455166716018
73.06005401125621
70.57991208168875
67.26727359706152
65.83073359871194
60.69363091200796
65.66949932096286
62.63563749504385
55.80026367890327
58.019517609944046
52.261288422963915
47.075249878014986
43.21539234343802
36.90663795311241
29.832632251735365
29.402857706338754
23.910434397277673
41.36589804235413
42.76191157125726
50.81968955919056
49.152523743236195
44.921897118892694
43.6847227366443
34.95147357011875
42.34403871636937
47.99658452849687
48.728813559322035
55.159034744592184
57.062619859952136
53.715652913863465
70.21452959601962
60.56750778168753
53.63386750816984
56.95986323111283
59.71225162687265
63.35877585969475
69.29276271752309
79.54777551117701
78.3930474337428
75.790728152276
76.36577015555264
74.42157850308628
72.92186662833396
63.97792752935083
51.50720062971013
36.49025590573492
28.192238816426073
24.849863679061563
28.956693203309847
26.84209723221628
25.14849873659241
25.065773411800986
25.79802969767916
24.6693325130729
23.965295535552766
29.950800269815872
30.448327063232938
30.988599038599894
37.50000456303467
49.300947728944664
68.08945623486139
68.97235323209051
64.99444763493744
69.48750088206388
63.43853212715241
49.82907538993398
52.00328182688362
52.43112023836374
46.97536165293717
45.8841475470313
48.66232255986018
57.00728769325218
47.84226389834365
44.280437651743455
39.78779336262322
38.93743704587862
35.43622148652269
41.14172660718005
41.49568936440595
54.127096718679574
48.838892419991005
52.332665069325856
53.08641871945103
48.3773638444484
46.310848871976205
49.92681148282259
58.75990060124192
60.05893912277679
62.261245097143245
58.05183522351879
63.63635102580582
61.81383471775033
68.56912398419956
61.327790027012476
67.03389466682322
62.499978325591236
71.40076804514224
71.8120703255753
72.85317529198801
67.22405751048723
59.72044817014769
66.04867678167163
83.50398637923445
85.94848176878975
83.9522242594234
74.16144961798088
73.90211570316286
85.172765977136
82.21702398479903
84.49362158013811
79.89002962546623
79.18081153651997
78.89265439677408
74.03308433754441
68.08936911902443
67.42732467953466
64.55976638626865
44.06780059511494
46.25650278752297
45.614044480613344
47.19659000827374
36.48549157053158
36.621851369160325
34.76923813677771
49.6590283879395
45.92199265919359
44.37690386877266
44.43092648927725
47.066418486045734
42.07120367553816
42.70167471415682
59.26891729875279
50.72580117216975
54.88656571902427
51.862196969610864
63.043497490593175
66.03119244899017
61.879914285198254
50.73115204076519
59.687112103473346
57.526272907782015
62.077305369181936
60.61321671385859
68.05900472085756
69.08444203174123
73.11275232258916
62.40070333231698
57.29336071509123
50.45181228177496
47.8605262572437
44.499584263712606
39.851833633385446
31.911868115374325
34.91847944394941
32.593518892650856
41.04270937886653
43.705728723177785
40.92374178918222
30.443160432761527
26.99697231139895
38.14713896457766
44.03067266678455
53.56956907417756
53.30187954964512
55.90155411188527
60.72012117785461
59.742342025350375
55.44497933106332
62.14082984372948
52.579839591619596
53.800102857510204
52.63465966835192
57.04314944431299
50.89073621290684
52.95791283432189
48.137362457776334
39.43752659559605
37.810622242608254
30.443288640539592
30.423460721192995
33.5247637024535
28.54524399516196
36.57080312759764
37.2375739419498
27.81035539718361
33.478676282071184
33.57628774438539
29.991313615054075
20.841027365133858
19.80675681036692
35.27285609288463
32.987551735862034
36.29918269984909
37.53976240077738
36.84940723658671
48.82234166385314
43.11892430201587
46.207917814133424
51.52640752243118
51.22457945540126
51.43809106319948
61.684107448597594
65.15624836087278
73.26087180067252
70.64439053897017
72.10716906284685
66.1913203173392
65.45232532069396
71.69700623182028
61.9047597422355
52.022762784775935
45.21143664871545
49.537892930152935
42.65605984880914
52.1317949423616
52.98222350110393
54.315660978579736
49.49493781849358
38.69731800766284
47.27552842466588
46.31577449870909
39.15817508195751
31.23342328052393
35.900693414889616
42.85714941300755
48.17221915917322
40.21823260796863
42.08808769938467
34.17508339665468
27.72427341548563
22.32462029324539
20.388372910683316
19.71282426392343
25.724644625223718
26.72523845443998
38.664907283435106
39.18285651913165
41.45712309112617
38.35038166283956
35.32795699302345
35.53240127523971
38.42105977019371
37.99884495660468
42.5518146492258
52.861533630734066
65.35672349749844
67.01208756456657
57.48763149853852
60.47864854034699
58.993288178222734
61.86499205735693
58.889727823471475
61.76240368112654
63.4087300002613
62.3015873015873
54.398830128836174
49.40080256006502
47.74774633238966
43.21676888997017
29.729703722507796
24.087577871885436
26.0297751219233
32.20883152180574
25.68965816611358
33.333333333333336
40.95891287144193
40.46007627330373
45.79998608397871
50.51471532010724
53.421459424645974
63.96649314632539
69.3533412921276
59.00179678536983
73.20574022950015
74.17371433182412
75.03891826215721
71.1314618237951
73.63783438531009
67.47827545339857
60.12793967795797
65.91424345610872
64.71964799221944
69.68781693127548
73.30510885476204
76.5703186185468
75.62244525824735
88.11193487301405
69.0608084127395
69.3989367201753
78.16900716579576
82.46098989080365
83.50605555573125
80.18243755152692
81.18111310930685
81.94865482841917
74.72689753645442
73.38958806855415
69.54942630909623
70.17794905278176
70.63770452888052
70.26260296711636
77.78610652446727
75.46562209959168
69.11317838717625
67.24327919562816
55.694765570581865
51.91081605730828
46.79204085036051
46.55554643795196
53.43320953581264
39.06421640576746
40.61087613042741
32.15190479759136
24.303267589610016
20.193248395248105
25.113327239043006
23.218776923501952
24.234889889369388
22.175038555318974
25.35972042388692
35.4745966734373
40.333045190278874
33.54722670552925
34.97757847533632
36.93182672022657
38.46152920116195
39.78389475091598
42.857142857142854
56.04026410346214
39.77156482090636
35.332103996283834
35.62901821919643
32.809588734320236
36.83752811145632
30.134523747615386
27.399798179979317
28.90853244287179
47.303197140065954
48.46899262791746
48.36064604508417
42.37967887166494
42.18229825292364
38.23738909990683
48.875562424678336
56.15847686579051
57.653915641544096
62.874702096117396
59.331678206294626
56.609637282485295
58.72779689389008
58.68440189177338
44.59863520908909
59.118943205069954
61.99484638879851
67.38317335856878
68.40605139341295
62.316327553372766
62.446147400118704
57.63116616459019
51.92307222054039
59.59595959595959
56.33355426690588
61.01694915254238
58.63309352517986
66.72716027729828
69.49528356976136
63.04215303082219
62.70037272082439
63.48312466329716
65.23412205306731
70.13605021322851
67.79162972317006
74.75727915625342
79.7353225371638
71.17647058823529
78.77605418778327
76.82292887734236
77.63819943166743
79.32637300785022
58.9156618532199
58.77402893889732
56.39751279654199
60.372379928169956
60.695197638230894
63.06533299084088
63.15790681345712
61.09090989798614
63.93258696658495
64.09397233208327
50.61835831622785
47.949780579890174
44.009775572708186
20.370386376525794
32.46135043769695
31.78114019973213
28.646370713368498
39.228009542083015
38.46830820379933
40.409211153454706
34.766232194056755
42.25646996125315
41.51880047095394
53.02165738612282
58.41710334420618
66.00699169026242
70.52811552390614
70.97142542251166
72.1491239077499
75.43959682866429
81.37310935222344
80.37938045861402
82.62664800384758
82.0559875375344
77.93182114686873
76.8625053096138
76.37599918166846
71.32131478512373
75.33701222106434
72.95650424777925
69.75191084212169
70.49178880555989
65.57929447821171
61.84781159255876
62.65955975500244
67.16556729249062
57.155015147001556
52.29740878640563
61.55358066657305
62.619502756499124
54.28313230467125
56.62958963959543
57.940657506435045
58.94377078260074
59.489341719983614
58.153084328454085
55.492712767373554
55.40323033168638
50.18019097934375
38.815785070759226
32.86908109566248
44.67904242919746
45.25236387178965
42.34234234234234
53.004491423597905
52.189777160248035
56.077120243936136
47.20068847250158
44.67383464853856
44.563420021045566
45.38590415018751
39.95567962935332
47.070312034338635
40.41364035376516
57.00345328742031
47.80829892747909
54.24657534246575
53.99449035812672
52.98424392887618
51.65026398498401
46.592250612861996
50.27290022652236
51.17283618044862
55.10327962162633
57.30540187111266
69.17432281748839
65.03447433997844
80.25375322539972
70.33172443597473
69.60599129132827
67.920787292609
64.52863875106397
74.29575376204046
74.82756530545755
69.1963920788287
69.25522450105481
71.87882765892033
72.50751966767422
72.44090762224944
69.38085141863402
64.07706885851843
57.261906751427965
59.95100743484976
63.61274131488504
59.681882685851235
64.10597809281633
45.329660041662684
42.318853741398314
55.93037867074719
51.574391436773844
43.14993136005847
45.388582553157576
41.657823798169844
