0.0
-0.060626829315793884
-0.17907101749590312
-0.3255414097175071
-0.41813799462947665
-0.5022714961908842
-0.5077390377442994
-0.44650200608821133
-0.3496369222142007
-0.19722882505779915
-0.03110875407003863
0.13496833099173486
0.3287000233361274
0.5432190554659386
0.7654633231416359
1.042972225108921
1.382867479237145
1.7480752666287145
2.107614742188648
2.4319728879850144
2.6925884592765863
2.8902617326183084
3.0506793926996485
3.3598478693709066
3.694510936878439
4.008021348779654
4.247604194294682
4.507157009390199
4.761729616998452
5.030464000702654
5.272151492840127
5.447471166504309
5.569956858051059
5.6585587534256625
5.741087885422312
5.80559014741876
5.846168691071295
5.855502746742153
5.837800093272914
5.7963577288887596
5.760108241514373
5.729446705981337
5.653343375902527
5.582939476399313
5.548555245348629
5.545048893570787
5.530892007512063
5.473466285173666
5.463216392696696
5.4562620604949945
5.449672227281857
5.486278085911845
5.5036260583252075
5.464339211887066
5.340071634814922
5.172039636890784
4.8978138625132415
4.591351208503053
4.224813824057921
3.8102650325440006
3.377075050155439
2.9831100639019317
2.6219995866682777
2.2808745121857985
1.9689482706548533
1.7190961814799812
1.5484415222883723
1.4854926870211453
1.5154928386859203
1.601118150843551
1.6448663061755644
1.703389815654213
1.7299220649192315
1.6736331105799838
1.5573902034438212
1.3917544811877673
1.1488192557356625
0.8428214802857064
0.5393374965295545
0.2776359008275161
-0.005417847662166936
-0.33646300510521976
-0.66590609556541
-0.9292896467165908
-1.2127223331189105
-1.497481048806889
-1.7384056203775682
-1.857087173177483
-1.9277832800244823
-1.9993917380388018
-2.087192812118405
-2.1047859464892573
-2.074250149276485
-1.9880850864813324
-1.7745026834248665
-1.4874116824258492
-1.1722882579094391
-0.8406787239637505
-0.5221806668584767
-0.24176554548669904
0.04610132096048672
0.30270247637447906
0.45536593680969983
0.55059470713967
0.6338910965767441
0.7110766389221205
0.7452607686459756
0.6987455445268596
0.6016975818119433
0.3953250828512716
0.23245585229533344
0.1678815821940665
0.11766282999542724
0.038920171002020984
-0.04648216832190825
-0.14902574717343647
-0.24542991672954356
-0.331575203698607
-0.27758571943637783
-0.10046704453114087
0.15274796074113706
0.4408341052036456
0.7394564757898565
0.9060896846020786
0.8762881163787419
0.7947249168573564
0.6393082246070163
0.4243486610100909
0.11217080546107183
-0.3293908262177788
-0.805813235090838
-1.2126590525985592
-1.4664479625157232
-1.5558055505456767
-1.5227024611239748
-1.4302534137172398
-1.2894303831046907
-1.0485428434642106
-0.720075023363079
-0.36505454745126764
-0.02473145906126495
0.2838092874376568
0.5372609222503069
0.66030527054153
0.7710367154708837
0.9175426795212323
1.0703183999936976
1.2500797819095926
1.441662118739818
1.6265271728004145
1.865578719902964
2.117821198705287
2.3299680511130085
2.514113535565402
2.514555739098411
2.250512179273726
1.9019986919826288
1.501712365743767
1.0977048339546085
0.6877054452627817
0.21729490054959444
-0.3633400125745839
-1.0192884323043487
-1.7878409990559638
-2.4509840852301847
-3.0348316646503886
-3.446896896721408
-3.725025800319079
-3.932831149384707
-4.1476989416719645
-4.299210688566566
-4.345407578822709
-4.380277875363544
-4.385866868076622
-4.3436683943719085
-4.232718614908219
-4.082823005767122
-3.924619056039817
-3.7677353496496675
-3.576216151925836
-3.2747343358362926
-2.9118727044107917
-2.601899007002852
-2.311461897374308
-2.119010322249273
-1.9900420803319256
-1.9597272070258276
-1.8750926877573924
-1.820392296388148
-1.808699398558433
-1.7143565650010957
-1.6083368651632262
-1.5056653120290964
-1.2897777544026057
-0.9682292422414424
-0.5671835768960765
-0.1145028275069071
0.40131741129307863
0.94072323797746
1.380730727149576
1.700315547845372
1.9421407264227764
2.0902040328263625
2.1709620972290216
2.190780503416681
2.162382362926609
2.2135994029380828
2.3947368607608865
2.6184206809937907
2.840707678072367
3.031228392893101
3.20648098297294
3.3644435365940857
3.4684974229896155
3.554918084148626
3.6655171379438807
3.7890843116245674
3.8298824908031723
3.7848010284144213
3.6971784995609207
3.6348992103342264
3.5045103751281723
3.2576868648861783
2.9075008890847442
2.588020550948272
2.269917222574253
1.9450333849477686
1.6261044135563725
1.3183362567940007
0.919809300565023
0.531852514596314
0.18719599782159924
-0.16293649882905287
-0.4531029309367668
-0.7109786373598876
-0.9167242222772312
-1.1925902491559097
-1.4784747177660937
-1.7171826059607125
-1.9729137533894607
-2.2477369200102926
-2.5285582136969786
-2.8413158226814943
-3.195093935090688
-3.4570171139871424
-3.628589670473787
-3.7222791964593176
-3.815980085620816
-3.9327739564332838
-4.031405990765492
-4.06201658899999
-4.045511522277515
-4.022231015753028
-3.9285231984897786
-3.7962040738077643
-3.7648057579950605
-3.7857392437658497
-3.873622099380438
-3.991627085688166
-4.133171317967055
-4.275022486014832
-4.3320800540291815
-4.350248355969783
-4.345139922934011
-4.309424754041824
-4.256946346506563
-4.135157776919928
-4.0522426602884
-3.916210696300942
-3.682071411093738
-3.3783563283098776
-3.0232993566192086
-2.6286387520936136
-2.2621436637145784
-1.8555636985476356
-1.4481231362782763
-1.0988851197754341
-0.6974289106418802
-0.26594658085574396
0.16074713001443933
0.545750646737807
0.8201772664595857
1.0162206210923654
1.0603994219872277
1.0597023585338206
1.1154507561466585
1.1676091867598142
1.3102416077082828
1.4688047472374803
1.6400519846098256
1.8248817763709662
1.9461429714247522
1.9609277800348168
1.933246624142363
1.9214633956260398
1.9254557195046902
1.949096943703103
1.9841583932005953
1.9992767517882335
1.9909619823699445
1.9845983971417458
1.9776613732863044
1.978186901118376
1.9597083241871749
1.9752789918107674
2.0395793671670557
2.0681697125535194
2.0554015912495003
1.9584502739841025
1.8205214902411204
1.6312719449989008
1.3873403184369697
1.1410963773564224
0.85664536878227
0.6186418291364156
0.4798484824835959
0.345602603782043
0.19333422400984726
0.043692870999395006
-0.1579814057839701
-0.36937092875707456
-0.5900834105774975
-0.7957471019490627
-0.97300169140873
-1.085042924116832
-1.0481481696270163
-0.9342005514711421
-0.7933517364663933
-0.6436101559929129
-0.47553229529903784
-0.28693650885643784
-0.1330035013854876
-0.04605570784561289
-0.02070257188365947
-0.05518066187992682
-0.13081078180514677
-0.19287173034046645
-0.31133864781459897
-0.42393800160341294
-0.5666746048739262
-0.736278783049683
-0.900188165140769
-1.061052090277264
-1.1796403099880302
-1.2101760858977395
-1.2194540683255157
-1.239264786402297
-1.2522414264772483
-1.262186603905133
-1.2843835529841194
-1.2966073535677043
-1.3404657344849253
-1.366888904225325
-1.4066014562572873
-1.4126606034228892
-1.4132343290755869
-1.4023324027683044
-1.3616700379728253
-1.2957985742713307
-1.2361645551391633
-1.1751647906585745
-1.098671383721828
-1.0155682172978793
-0.9303639015895357
-0.7799779608808582
-0.6243587158152892
-0.5009121125385594
-0.4516213100984331
-0.4854641623905832
-0.6227779265041749
-0.7828234748609397
-0.9724697194978029
-1.1701066213551607
-1.2576163849701638
-1.279814865788439
-1.2641763003252042
-1.1932449263224845
-1.2394252099302485
-1.4135921239881004
-1.6037747468241985
-1.7728207363095336
-1.9117278023397548
-2.0177123577224965
-2.080941249151773
-2.1468070011482516
-2.2386862886916603
-2.3241878919294607
-2.3783629450509514
-2.355183620569169
-2.2442675630136915
-2.086238522673459
-1.8742889333630766
-1.6513362686201796
-1.423826764109562
-1.2180967716297453
-0.9893540026555565
-0.7503392642755303
-0.5188964615526108
-0.26884764864481936
-0.03159797476242587
0.35677441648402436
0.801145604190602
1.2562926338478808
1.683493640076048
2.012702098152144
2.2642298618667365
2.4487227324150282
2.6325848569234838
2.7780770072850127
2.9110880257231373
3.01389351916743
3.1357645807797025
3.2943405913042194
3.4616965631520085
3.5931632679592087
3.6695043161789016
3.7204665197861404
3.7387866370474834
3.7128063846994914
3.6639250218711377
3.6012832146621356
3.4979699031996208
3.371393884367322
3.222806817664241
3.048901591535615
2.812633752085257
2.5576123444952055
2.3558116427849205
2.180612191475756
2.0374681195093474
1.922062158579478
1.788218179563608
1.6154446832309084
1.4204552321007073
1.1993801648722413
0.9165654688516295
0.6117787491769602
0.2918490307523744
0.0168247799601548
-0.19972029912343464
-0.36541184746444066
-0.4258930518430055
-0.42346866829103136
-0.41268703225473635
-0.39469628724701145
-0.3634557902848853
-0.35184235312920337
-0.3347876975658065
-0.31126274155927697
-0.21081570213421635
-0.07252464217161542
0.06245914921174145
0.19453324729610788
0.34374161529832536
0.6075628870278633
0.9319952046564502
1.2537473089232418
1.6147220159951676
1.9553411935077787
2.2752486016341846
2.5769706326496102
2.857570028789762
3.0885508125540038
3.282845135878597
3.418927644005789
3.5219457409117796
3.590014330312617
3.6236288392285507
3.5873365858583663
3.494572449926494
3.325020342932862
3.1110418959992296
2.8541990394069794
2.618132240634447
2.4318085240429883
2.2721128872385887
2.0836391019177176
1.8734838254427297
1.6676536910846527
1.5209822945178195
1.3629629580234832
1.2516691364319081
1.1678569877659877
1.1516626256491471
1.1728830108060113
1.2002072384842397
1.2431437561186844
1.3027473873172317
1.342772272818325
1.4172188114108355
1.5212640828553008
1.6165922920383857
1.6754386839860462
1.7356267967558
1.8214537011736847
1.9561811893261254
2.1235987967601164
2.290710080312598
2.4444456507741323
2.6040873525829036
2.7307908945077224
2.8439264220123297
2.9592790004970366
3.06322941536666
3.144411368494494
3.209472796164055
3.2560975905385803
3.274121768035644
3.2761826629882616
3.2750220836167614
3.24130465035027
3.213469978322886
3.189839410924505
3.1293079881132595
3.0161617358659374
2.8507466742373895
2.691439643436625
2.5653002688872855
2.463108643401882
2.4099720310463635
2.437524467183509
2.5469417810700135
2.6737934974755513
2.78766082432037
2.901010050946508
3.0317938928476433
3.1748960836530373
3.3014087897026734
3.3826261551278463
3.4609787722486387
3.510383529796941
3.473617825239428
3.3369663458681984
3.173163708903576
3.0160338602660004
2.856472033163091
2.7203737605899483
2.5392893743802674
2.32254570981321
2.056015882542713
1.8178232237659446
1.599353350148115
1.4760383444492968
1.4210486524312476
1.3853938820963905
1.3765237711313
1.3362994361084564
1.2954288302104844
1.283656407537974
1.327699619511462
1.3966057025286989
1.4503684098766625
1.474954422293532
1.4702205762469334
1.5373402675906074
1.6233286791077999
1.7169246938243474
1.7968965834649067
1.8600413860602372
1.9218419164712075
1.9887410382131452
2.062761964576717
2.162180715953657
2.268974128540092
2.360845120277018
2.4483228014130347
2.56675553694725
2.6686000821800935
2.7278855429281084
2.7655296696896943
2.81882559014156
2.8591521102315047
2.88989853109835
2.9048463508894176
2.920835316173347
2.934767638821638
2.987057335064661
3.0251214723962043
3.0796809531892024
3.1115662272648814
3.160362420136534
3.241905798906093
3.303592884226109
3.360418858530059
3.4075486008182043
3.4343752172310373
3.407333464389309
3.311461635065904
3.2114080514860808
3.0986817430067326
3.1013036860760024
3.303832499656711
3.640634771078678
4.052395511887186
4.48989010854851
4.935076023477804
5.395169703237053
5.884829709016396
6.412971345024359
6.8519326594151035
7.196369457942284
7.4263616473815395
7.570796068465313
7.608059673791923
7.5540705878551035
7.442858145515239
7.219232169939717
6.936370738246793
6.6169958808741285
6.262834450400971
5.876004284224455
5.4723928270661
5.100452598581602
4.727518043440845
4.356353470337558
3.991039963693611
3.646627180931445
3.354573620083118
3.14209025397765
2.9643119638449216
2.7470316443143825
2.53883936804948
2.3247183704667123
2.1271663153042595
1.8848805292432032
1.6795994864387285
1.508433928292092
1.340254426418926
1.2483121005096873
1.2396327432844156
1.274388701783532
1.32366531230987
1.3756455978271842
1.4202691494609074
1.4419419838164405
1.4280549645245562
1.3390963159203926
1.0706785157850838
0.7022075773673015
0.33101975747705237
-0.03752601017462126
-0.3570902552467526
-0.6698694430501175
-1.0051451319380815
-1.3282726447234632
-1.6605148412588286
-1.947752843936796
-2.1864887502794934
-2.323878710609727
-2.3437666181166157
-2.3370694309395486
-2.256881793246343
-2.128893673774121
-2.0214633251216405
-1.9295380805008935
-1.852538330365118
-1.7982690865102233
-1.7881042104891542
-1.8483084585232707
-1.952429473713085
-2.023114408007271
-2.078086854027985
-2.0525729957172913
-1.9270034218029481
-1.7313386507663588
-1.4940619637741164
-1.3290817273205686
-1.2469436278681643
-1.2293611955896622
-1.2160586017902983
-1.1961847897565552
-1.1378011350111574
-1.0477703376524843
-0.9705487434159955
-0.914359758684514
-0.8411040522808283
-0.7909832261851777
-0.739435315181079
-0.7039642549760423
-0.6971723090157349
-0.7015390250549338
-0.6687925660946855
-0.5906405130370089
-0.4628481598779047
-0.3223499714987247
-0.23077477104226363
-0.17254279703621514
-0.10436469688625069
-0.03408646745832041
0.11925789408737368
0.361826059703331
0.6802818491940841
1.016890010013358
1.3520919099646695
1.6537930524287212
1.9157093372841332
2.1457609130942092
2.3364969346716196
2.496041415977451
2.627567218454601
2.738220645709623
2.8157728703238254
2.8612970012058776
2.9201177235125564
2.974342638793623
3.042389992030451
3.107802078647507
3.150679595513695
3.109377304910414
3.0391089737080828
3.0304050416326
3.085746682562207
3.1968238696503795
3.342489540802887
3.4730417997976133
3.561014253947997
3.6350974975718504
3.6731499180996043
3.6415570889316946
3.613913429912029
3.5779687168030287
3.580806743490104
3.679414962967215
3.904266826903171
4.203514457286425
4.5424719222083025
4.864635468402199
5.143510704525755
5.419965546878345
5.690394000780532
5.882834130829584
5.971785185936664
5.901813950303134
5.700113796698575
5.372746442938735
4.971528884394463
4.515377334673022
4.072716880132409
3.6468509300611847
3.2878032407900726
3.0210525178327403
2.7450617323593614
2.4994110247016357
2.2927212241961277
2.0825564400545598
1.8677092439083876
1.6274174370570402
1.3704919742558102
1.094340436574257
0.8763539851910597
0.6875019196001521
0.5699161173577924
0.4731457188596156
0.40139368953807913
0.3290239414034065
0.26329945273786304
0.21336033501906534
0.13316767680449054
0.050676339106326344
0.11294751230702932
0.23929738035347897
0.3643395165486325
0.5130855048049909
0.6206561937894151
0.7248811355018063
0.7632550079104897
0.7183127271140582
0.5564553048628379
0.3516681507473273
0.1753774133972667
0.08801153401083961
-0.0030563633086382325
-0.08209097106759558
-0.21466632217913173
-0.42122413488431587
-0.6121082514886695
-0.7721940727409435
-0.8988355653701595
-1.0061976893571143
-1.1509904453826598
-1.273930714431446
-1.3411193887600763
-1.3412580570010213
-1.3505519730738915
-1.378771022989128
-1.2267658054071777
-0.9558035398207452
-0.6406548456402357
-0.2945236629588187
0.0463735718019547
0.29820791049554923
0.3933865847865949
0.2839776233705416
0.1926219300897817
-0.003524221560732843
-0.2957444739621692
-0.5213059958293422
-0.7638695190738403
-0.945994991661437
-1.0242904725026227
-0.9640598840564979
-0.8706135599032463
-0.7608578579477113
-0.6193722607860527
-0.49032890309479893
-0.34760874891458693
-0.16232178994911134
0.002809158361281705
0.1394644313728927
0.21249963898690072
0.15598984347142475
0.0527993860591498
-0.06478778511400912
-0.18748006773801282
-0.2363135218582652
-0.23017125696258148
-0.17580730632706446
-0.14631770632889707
-0.1432040202760587
-0.08546173398319164
0.006081604140214414
0.09006644852554554
0.2532529287284189
0.47449945175639285
0.666010148875346
0.7252173191692138
0.7111016677516059
0.672483998372945
0.5982598243691927
0.6047584509765433
0.7526691907859769
0.977352027800598
1.374153900091988
1.8245903717290772
2.2752885935110703
2.9031505551694003
3.6519836747018957
4.472935137234833
5.299419974751804
6.087530224479762
6.741356341878564
7.318014188321724
7.710051525885386
7.98095465107086
8.172259553159916
8.296187365326453
8.3349293780663
8.306430353622769
8.270997258601309
8.292400748863848
8.384449174459514
8.472909666729716
8.543947325717486
8.567306530604586
8.551198450489942
8.498089210926986
8.40999018817216
8.305353494665008
8.195254438250762
8.127856144250284
8.208640024226609
8.384884807461173
8.598994413144837
8.849091246814499
9.045387701739347
9.0956890500102
9.049463179786011
8.937297423346577
8.731818854464882
8.367783201501076
7.932298747840031
7.41689503148867
6.938892194748387
6.535055643291147
6.265347766973903
6.026120292542055
5.6436635973996845
5.245628304296512
4.859501805606188
4.39667167934481
3.9031976991617094
3.519967727109339
3.2003539254603477
2.8542904608447315
2.3892101096446323
1.8206038192017298
1.191229160593941
0.5891432964436087
-0.10123145647068016
-0.7754227522621662
-1.3648680287058426
-1.9222285660991816
-2.342916944827655
-2.7103777605055983
-2.9576120566130424
-3.125743688905162
-3.2451093058581155
-3.2508539189622816
-3.1361910134262563
-2.8970585652984377
-2.700715744471166
-2.4818823798663385
-2.1494680300594755
-1.80625320409293
-1.4238762119129016
-0.9866874295866668
-0.5892598811641848
-0.22348133218398758
0.052740554482345825
0.38666318665228055
0.8253167432965219
1.2959628723248984
1.6816565018456846
1.95016597787267
2.1298972415052035
2.2333260960461634
2.2106116975941577
2.122534915085849
2.038739883441882
2.0395396885100734
2.0264493229010427
2.0581563929033666
1.9927279423152608
1.8964161725432562
1.8221574086001182
1.619466538650464
1.449307980025691
1.2907978936682618
1.182449190081598
1.1021437776151397
1.06344917550208
1.0384742304153132
1.0186477706013042
1.0526177649300386
1.206268795224939
1.4440726287077235
1.7284371523385809
1.8963008968142354
1.9804155267325174
1.8339982190560502
1.3798595018519175
0.7439359428224233
0.08155420581659178
-0.5525034649163866
-1.1478714057000863
-1.5766731371833538
-1.8837770772862583
-2.0599088974925426
-2.207030601950483
-2.3240242218853533
-2.3764023250119646
-2.2883807339637756
-1.9546067947388668
-1.4822351468740194
-0.9730955697826528
-0.43267577842848004
0.12712851737178033
0.6207862532885489
1.082386317190383
1.3927272081194013
1.6271093913752153
1.5617617540790674
1.2804951042517323
0.8063187488314423
0.29567427059038065
-0.537203269634041
-1.5806119425130247
-2.6889029755298974
-3.806340371746261
-4.801630610912731
-5.658838270988935
-6.423516418352743
-7.037979699555327
-7.510039052868324
-7.9339425112537265
-8.261830845117613
-8.400984022420277
-8.443262726435844
-8.411339372165955
-8.347318768317804
-8.106314876457361
-7.732584763361478
-7.130053503822516
-6.420987040398171
-5.742668032242419
-5.054238982728724
-4.467802794258117
-4.045624762659109
-3.779994600358322
-3.5180799097146753
-3.2897327527585647
-3.129974562344965
-3.032795031513703
-3.0527926301701793
-3.2243820931805023
-3.3661525440064626
-3.5084309287621824
-3.6363703109043986
-3.7698432335724776
-3.929486110147313
-4.050714238323068
-4.133074896537949
-4.240356476377849
-4.145348465326556
-3.9733265638346156
-3.7904884800609904
-3.786887729720698
-3.861659978805285
-4.072548816229675
-4.252689094603253
-4.313053163379623
-4.261417495667174
-4.194799125764882
-4.142236861145478
-4.061485803141478
-3.951661042743841
-3.8570589714377985
-3.7147192186632685
-3.6738752016234852
-3.65850551966598
-3.562225060701917
-3.325207681782181
-3.0830019339336214
-2.997174517476673
-2.8873719379285037
-2.7688967570795664
-2.51964352752783
-2.147881391671578
-1.7522164769541773
-1.3718788673064999
-1.123258251304066
-0.9820271428676285
-0.9427867937620868
-1.0056710197609375
-1.0176887250142317
-0.9334501752806832
-0.7935615369376765
-0.6203284035003119
-0.425885691748666
-0.1755197039676528
0.05808484208997042
0.28635527270431727
0.783449830500141
1.4554958813797119
2.276827545528369
3.110777268428631
4.038238694604885
4.917827647512672
5.6351068815317085
6.202602082085249
6.708113007088185
7.2366882282539216
7.733123975583338
8.105139401499809
8.414643055652103
8.663921052685506
8.876938278398663
9.025458629221188
9.110781203249529
9.175926741440787
9.254353187439117
9.337438621303326
9.368291064485668
9.337053645626787
9.32064639805315
9.315486956006504
9.312370423888042
9.255968575121098
9.1344676246871
8.953725195681825
8.73449156847473
8.517817229702969
8.325004894708204
8.219649591219891
8.203762563636497
8.202953210116739
8.243196801471555
8.25477015085787
8.222570407078335
8.076480279202336
7.916062486449794
7.818398580893534
7.748963126506481
7.702344679173904
7.715542690189443
7.833311577163492
8.012539141997417
8.194653004901495
8.34317228015517
8.483719755488957
8.52795162690954
8.41507315942431
8.229547110954126
8.231963062899249
8.300581617654048
8.388976891655513
8.519460732496189
8.722660003497053
8.964036760272744
9.145204365130004
9.287808931058935
9.328139782167764
9.258656437929366
9.085333809439014
8.894336321239775
8.713112291585535
8.592270383962333
8.326111598332322
7.814672713089047
7.231089149618284
6.492751275714806
5.708445210999341
4.767078011818646
3.934069718944914
3.2491500026550644
2.7501641671775423
2.3820234246859497
1.9374552999719719
1.5452407346469494
1.2212264664733286
0.9174658025558327
0.6801182910895884
0.5295911754572248
0.5031853744405206
0.4846144504445768
0.5258657026499992
0.5525905489322704
0.5978633920991099
0.6765529944293086
0.8885831145880907
1.1846096091040779
1.621959535623346
2.139612839587118
2.6979219777203998
3.2016241507664986
3.6126685367343443
3.9159121686041414
4.19537048189209
4.603230221282541
5.015024942781586
5.460086482611354
5.863100814903881
6.25233662393452
6.60546127927981
6.836972399946355
6.976505286511629
7.1301010694206335
7.27299513288125
7.431381904796832
7.614124727233794
7.806738198046146
7.968872927212179
8.120342037685205
8.238677981846797
8.279356887983992
8.28386345346879
8.260939931515095
8.140176960167922
8.02962828579538
7.871494640006844
7.6762776195154405
7.441780046624441
7.21787965258238
6.971975961888118
6.6614179175636075
6.245222295069718
5.92116804801727
5.5490703027448305
5.085912080727138
4.591129950952209
4.152626824196
3.43266406318822
2.324496453736953
1.1406755353190738
0.08376610966165399
-0.669266725877957
-1.253057106829985
-1.8217551055450145
-2.299166006388446
-2.8709732346049
-3.5045156705026645
-4.0916790532179865
-4.475650108283776
-4.720282320721585
-4.640208066595567
-4.477871069388634
-4.351622204930942
-4.275005922716044
-4.124056030666381
-3.9888464207407424
-3.773749750283264
-3.4945040598216837
-3.173747637325156
-2.952223576698685
-2.592766038254251
-2.0337485993440256
-1.318479718536369
-0.5549223587416146
0.10760322129491934
0.7516001836775643
1.3732409705628221
1.981846970485313
2.3081411558007336
2.4367177030297915
2.389188657636526
2.269807237352827
2.150349605865271
1.9747697834619986
1.8261524516149543
1.556867090097872
1.217730696994935
0.8378498541102553
0.5222304034586461
0.14178812722262507
-0.46866653769513983
-1.1455471137374482
-1.7812953753016116
-2.286867537267052
-2.7230073239570025
-2.9916298204639333
-2.817660306110297
-2.347441886486603
-1.6940877819963789
-0.9363934912565401
-0.18917665066487788
0.4592865666828163
1.0155987358094276
1.4754956600068292
1.88019622472549
2.198475671848026
2.4735988893550225
2.8116982319039536
3.135621867447509
3.3970173488348543
3.6647848635794986
3.8830453379169287
4.157676245622647
4.575390189347576
5.094334957027517
5.626745995988929
6.197860419929308
6.7332140203908315
7.2067315563789975
7.602636339458002
7.887083873645679
8.099097987138919
8.264058850971857
8.320192814803175
8.221594958613636
8.012444179866861
7.667671485630274
7.266411210133545
6.961854046385535
6.767465222638267
6.657634087266027
6.561072214694999
6.471709915173663
6.205284380467107
5.73436946488372
5.231459126857437
4.726125593219018
4.317157014936749
3.946682887443963
3.571673399410514
3.2500119429451617
2.9489065046259024
2.7590928102803276
2.7368278855093924
2.7020297387291468
2.6263239612568854
2.545296856732056
2.5910047074388713
2.760495445817004
2.997180804947087
3.2567438316369435
3.5654570922491566
3.8328038622455742
4.045090753570996
4.281493236776981
4.5100623817854855
4.648440287658944
4.726000688893579
4.79527667043093
4.93573953695215
5.088646768553755
5.279198968876344
5.539131150559547
5.8234781675569645
6.102128300176214
6.462766427601113
6.692781969641171
6.737032805201054
6.623243535222185
6.2177913151604445
5.706014599543213
4.8973164002362095
4.109243463992756
3.2958449987161447
2.3628971631131632
1.3411032499976865
0.33726391439774916
-0.3824988574511192
-0.8154056636773996
-0.9953037694959934
-1.0703345847986296
-1.0796460215708747
-1.063961979512312
-0.8339713199830939
-0.5300699252816696
-0.2998643461518814
-0.13600940275968273
-0.11056812016264511
-0.010228754994823092
-0.015759712190307584
-0.17188048470887188
-0.7145530149159128
-1.558777123195357
-2.4612363697245216
-3.592976120536711
-4.784953246365665
-5.857534021172812
-6.765759494845522
-7.382696772675726
-7.937807641113282
-8.633527630070535
-9.717811638381491
-11.017705554252451
-12.433673353280353
-14.276921704815663
-16.045026035551018
-17.912785940504786
-19.486492425242577
-21.120719667626343
-22.547391951856692
-23.46172604228162
-23.94714988611069
-23.640978935391523
-22.412328991409172
-20.615621636882285
-18.86186126307635
-17.050744773733346
-15.444031514610836
-14.234631964729745
-13.294047781856538
-12.545745633228846
-11.694064972358444
-10.719798555045678
-9.716078372655483
-8.657360648612537
-7.5265489765929825
-6.552218863060687
-5.699347183218185
-4.7118149569794054
-3.6418204869533235
-2.7346545542066814
-1.9158257706374655
-1.267504292935073
-0.8815949254512252
-0.5172413599324163
-0.08779564999562384
0.4048085752395789
0.7929889984231588
0.8717953926739173
0.813594117482501
0.5733937161160774
0.3763874186643573
0.32281866297556094
0.30777878245043877
0.2842686217859731
0.06777158901062724
-0.32310639924383383
-0.814021909156776
-1.0241518356352892
-0.9260805973540717
-0.5700589034014903
-0.10003612004326384
0.34443608443297624
0.8549059297491042
1.4330760843190742
2.1549195855661925
3.1306724248147493
4.019022792660657
4.859084149421773
5.710291158081654
6.6464599944678024
7.517411710614486
8.511249070524995
9.3805829236804
10.092164402869452
10.694024175983607
10.799450484302355
10.628196350812358
10.145429181187612
9.554951378821412
8.943631768583565
8.301395188266117
7.69840163789086
7.115721081200974
6.747563612798593
6.3694095469916245
6.030182135726674
5.780816652774035
5.61638913971725
5.516972191633574
5.468489866242786
5.605542868164339
5.756759963130086
6.012274008501748
6.284523145804952
6.493195882544716
6.654629854420504
6.758836996563728
6.928359187899161
7.055110287473963
7.2503913504983855
7.399641477621262
7.52885545876177
7.662261342764125
7.728367733913217
7.636283217451569
7.426088624164452
7.06416324089313
6.6467029695978175
5.940314484830122
5.109826637520049
4.0212513932884395
2.7055351857428733
1.3988037923904688
0.15264649563623756
-0.9195690726999339
-1.8579625105864392
-2.6590520226481376
-3.3651156544758334
-3.7890439765615307
-3.869663795938221
-3.7220585261147323
-3.5128262113868773
-3.2408064191192674
-2.9634286278290354
-2.6721309275751226
-2.4427130767522365
-2.225034971481701
-1.8934195248473853
-1.4460231956401661
-0.8512861581010047
-0.2253444958644426
0.31366839322299
0.7125866825792002
1.0633829175412985
1.5315230915819669
2.0635283218676195
2.514424326621995
2.9800435276592028
3.3534909601514054
3.636362755077881
3.84413349884736
4.180620710596967
4.6288507357689905
5.172901005673644
5.771001343642997
6.260352968963824
6.54350221569758
6.375684585677284
5.847680584824895
5.252657296519028
4.661970067725369
4.068813148809368
3.5868687724091153
3.25633506096718
2.8622885175979538
2.6068969745107045
2.413151255743026
2.3408768970646476
2.3216537709231044
2.3242186370977933
2.278369993932455
2.2743727594429837
2.3929436018635792
2.552736434421446
2.651579206930795
2.5542138542271497
2.8054023420910026
3.250709212676852
3.753429095025285
4.218935121982806
4.61752556358176
4.955518906278879
5.126803262112592
5.126665915133495
4.740968315943913
4.149346988852162
3.4262816010451194
2.704372106905112
2.0675168468177056
1.7176585043399388
1.8006282442884087
2.126489814217761
3.1147422446525512
4.541428625559664
6.371565897108056
8.111980905939287
9.636976675839717
11.045500068443891
12.245313816818799
13.401398277633364
14.478811752794448
15.479657967645977
16.34396849692454
17.077634282093033
17.641660843907395
18.05431385897021
18.31329608528751
18.211641509507473
18.068736417217522
17.88383527111522
17.64393682259978
17.25019101073309
16.76447488135034
16.22033176342635
15.687761187156532
15.202469952247277
14.728030009874107
14.39209336615841
14.095866936847509
13.772831537620718
13.385031404930942
12.893012530862269
12.182904627943348
11.379064356493227
10.593304971002325
9.841508998066832
9.248435877286253
8.905256647774149
8.721185339129555
8.591512346546706
8.502296049635685
8.32960516910466
8.032439311227012
7.861932727764501
7.921377185113458
8.057512680335176
8.110915753897448
8.03214631953629
7.790943339625889
7.218657933781564
6.54334372131612
5.686732457272274
5.014072893126095
4.478948991269361
4.110095551307596
3.702262892802982
3.380261905815477
3.095706907973241
3.011600338124063
2.75232814552224
2.540555797765511
2.638282597546701
2.9124791310759823
3.2858437705426686
3.751740045341921
4.229895991480102
4.826214344380921
5.334676572834171
5.781167879235354
6.11713483933455
6.457572879075892
6.830470503457248
7.112016231225482
7.289381128136734
7.499980013214413
7.720825846949471
7.863079386343581
7.825394354606472
7.630349413498391
7.233781302373141
6.908251920821325
6.663667633142539
6.539246699990362
6.3238117807526955
5.877498821034082
5.483143293952379
5.222064672522776
5.242544586079975
5.609953307667902
6.145214426299033
6.660653558794193
7.154971390566811
7.719870491122137
8.251486693017421
8.573573094068315
8.71514075472647
8.677987972740272
8.498222061944867
8.254222399963018
7.952772777972557
7.612991143504464
7.546395861445415
7.551165528993133
7.640641178550943
7.842471000270468
8.092649565791898
8.483566345843448
8.957966754745069
9.461743785123016
10.017326592193237
10.824649245270425
11.80094183175916
13.017259432305922
14.209222583894316
14.978343331194072
15.71589742972416
16.477245718090998
17.113819020602875
17.56311473761216
17.94153163674426
18.22277065500341
18.426710105592992
18.377943690477096
18.201654345311077
17.726526337185778
17.254408082196065
16.665895511297176
16.09461761411228
15.425297867113251
14.491835583739892
13.37521380254164
12.264376955392292
11.380492943557034
10.593842071182682
9.869272660563688
9.13688115277766
8.573509334113544
8.169144045835337
7.961150778842897
7.904097878037991
7.940985634086409
8.141165967703676
8.5327078713332
8.94359187307732
9.406042785749955
9.917356735748088
10.302994725015903
10.516704767205532
10.684802519748398
10.829437572387778
10.971774341937092
11.003621168598386
11.10539143953622
11.29213684324884
11.579579604986861
11.960471962923226
12.432481455353257
12.80960417115713
13.062334202728923
13.21162752377068
13.065101527089015
12.77647852840237
12.391182979384933
11.841524269813759
11.292779355790117
10.545013500440245
9.729152143450584
8.883226732025305
7.999478773162388
7.0419424446969465
6.145693518663362
4.982600107158872
4.0720113117276915
3.415576657618248
3.0200534444195815
2.816273525493199
2.6029217020251374
2.2468273727800656
1.5850678799084261
0.8457634039301443
0.3196409804576049
-0.02686588826230829
-0.02558784409936923
0.18409410837029486
0.45236057131810903
1.039005398961171
1.7250738810936395
2.272423336246928
2.9079565768760385
3.700812873443482
4.523132981382583
5.353581039435513
6.133388185594756
6.826596577752823
7.480635992715236
8.109843667925112
8.786891199133885
9.403304862612842
9.690248722329569
9.663359363974825
8.851173439937934
6.902285989868992
4.437454099005384
2.0331778486520804
-0.4079803105353508
-2.7784558313335994
-4.982009145028233
-6.930138316697825
-8.569939467352176
-9.882275122251865
-10.578954921841031
-10.825929796137883
-10.946465064146889
-10.736311825014521
-10.236831995934265
-9.627463406484843
-8.804461813274992
-7.789268014241471
-6.7927803867453
-6.007508070172566
-5.790527023836891
-5.819426824922974
-5.939798103595561
-6.293892991097776
-6.485562813013028
-6.434131150474135
-6.046052135940356
-5.632221330188053
-5.297260759228807
-5.329926344491765
-5.457899346402029
-5.712615213465824
-5.862449113265462
-6.067323471394758
-6.100246881225145
-6.132614369368195
-5.939955757435255
-5.7655515050359085
-5.53477276869782
-5.233042624119753
-4.571643222413882
-3.496868510749936
-2.2496605467042077
-1.19075319296535
-0.36648238344852535
0.4294876470485196
1.2224508257364064
2.0904278868595987
2.835498776762277
3.540977094856565
4.16541832780544
4.814902081091191
5.522810141353557
6.316557687292048
7.130437087291842
7.861323169978338
8.6435030068918
9.658782135098576
10.720994831446218
11.730910292565692
12.489564691496511
13.130988170377409
13.914583202082532
14.68099225486504
15.50498678052698
16.22910412743892
16.853962542466597
17.425209761240644
17.81023006215258
17.85501518393189
17.77113991312701
17.707724219991366
16.93884330778325
15.812452578771259
14.31587171464762
12.806990843465162
11.166405348588356
9.47829497716699
7.908654649317914
7.034336271946374
6.461302471755756
6.097206901099468
5.789487408724494
5.50408468545098
5.117022973127431
4.839202323409993
4.655721750021042
4.30223077863203
3.831760016163975
3.3629296193325953
3.133806210435823
3.1650937029128854
3.2773577486580066
3.5690152189051574
4.021484209843954
4.495594576364357
4.98167320358033
5.39055477110792
5.781147968861038
6.334033831673631
7.168583681301023
7.626596084211343
7.626925082565276
7.113983978584688
6.406477171633744
5.578766823989024
4.4080422587530474
2.840713440075517
1.275986740356574
-0.4217812376111496
-1.7189015149254772
-2.5940710890556375
-3.259874670660502
-4.300951564872566
-5.445856049707996
-6.318564749059531
-6.794589968660306
-6.624162087749678
-5.943469633230913
-4.81192690573392
-3.4924181421255356
-2.3971041422591317
-1.5836110751138168
-0.826249030116692
-0.301431963115175
0.21832703089100047
0.5412461442838521
0.38439445797252353
-0.30513819834784134
-0.9087970710984172
-1.5270244436151057
-2.1743346273550186
-2.765884625986788
-3.5101280573303733
-4.3509252596540335
-5.2524932813620016
-6.6099545479757085
-7.677135291434654
-8.59582651226016
-9.897742606093528
-11.154405006168929
-12.620064381994123
-14.742918503466896
-17.29234810472482
-20.218482238077282
-22.34364583928345
-24.03897548765969
-25.209550960700227
-25.871772930359043
-26.26049061235226
-25.776923742084154
-24.698865974379846
-23.095249709901093
-21.29256660373429
-19.24036937317924
-17.40821553651701
-15.763966167384812
-14.267016133506472
-12.75358761846869
-10.704145101851399
-8.582062350240975
-6.683226562539961
-5.005435227093191
-3.314585539649173
-1.7444969017147405
-0.7225037984472695
-0.2906182622665986
-0.12772929490540194
-0.32995186698705803
-0.5741678346741868
-0.7795402479383158
-0.8538921389966858
-0.9344105067696329
-0.8816168806548339
-0.5689294240059797
-0.32861215648288766
-0.5284099590592497
-1.124806734649431
-1.7875804229570966
-2.443566691083838
-3.018646506883437
-3.7118013408897657
-4.531488588765889
-5.492058352820919
-6.785978415619889
-8.398587985874446
-10.41518923304167
-12.445466884390473
-13.974591620148434
-15.19884642262205
-15.87952132267959
-16.248128752337955
-16.123871263259442
-15.845530645826418
-15.608633773709952
-15.564414269446386
-15.539200049949272
-15.636988535083312
-15.783869976641682
-15.595568134861015
-14.817317314980384
-13.43381709193543
-11.894745007512146
-10.30216140617404
-8.571712687393736
-6.810074682113061
-5.030728324017634
-3.4082462041910415
-2.068263442825921
-1.1958337754622541
-0.8939951226340265
-1.3289336636248341
-2.295567266026066
-3.4151081897169187
-4.761850726108367
-6.084988931739182
-7.345202298233351
-8.307673350219993
-9.04285385067455
-9.34827521361748
-9.005589681345734
-8.368993874033716
-7.420483856820212
-6.310876786427787
-5.260547917195883
-4.317566300028901
-3.396901698615523
-2.742939041400246
-1.8757374272105478
-0.7565225629494613
0.4525351873547908
1.6120104279607463
2.778061257784957
3.808980592888442
4.695669270671689
5.4666817327905415
6.206443633047531
7.0938637502841555
7.972854783920388
8.90356589175356
9.819948270084014
10.700006869187748
11.292132751744182
11.81931821139398
12.680399900823344
13.86976880058487
15.383134609513405
16.83680511873888
18.243780231616324
19.624213416459416
20.698610996908045
21.587778257348997
22.111870207587877
22.49679020257058
22.780462542439743
22.94824232249757
23.062055991531036
23.07394309643331
22.992662904138392
22.90854687090768
22.63764111525734
21.961780219208325
20.972803521973017
19.903295349383185
18.808372721627812
17.413702600076448
15.767256570377254
13.99582449173082
11.97886770722883
9.651920629340635
7.418923285997572
5.191797996236818
3.1227279258605813
1.3067209000892557
-0.22494742013091495
-1.3571937976444572
-2.0713429647364716
-2.608914338839837
-2.949034172052301
-3.3450604450820896
-3.778057150302021
-4.178985223002146
-4.640952145074245
-4.953220293637497
-5.442347947106951
-6.35049364119527
-7.401755659986474
-8.512222319923385
-9.438593984570483
-10.262467232062166
-10.91722643387741
-11.44507308928076
-11.220586044450242
-10.662311759556678
-9.93489010423546
-9.386568220430817
-9.080701852804772
-8.922139169627059
-8.661999608656334
-8.402287944663469
-8.014459281347193
-7.348963210990423
-6.5530948689954736
-5.879390245286426
-5.160582119876309
-4.479309132464516
-3.7768668268284906
-2.7367787424792107
-1.4535742092442496
-0.20319687991394453
0.8641987534252181
1.5946503884314476
2.260247953957686
2.6201960831998674
2.6568332529364254
3.060399387751706
3.503083378883609
3.9630268465104734
4.408621891195321
5.271303637470519
6.6476857370995575
8.170992333922284
9.74375122172488
11.153505934098703
12.333052265589584
13.300701727030889
14.07204703006251
14.625508854541877
15.043875323079522
15.326133273252177
15.44144442302007
15.386945952323002
15.246450416774952
15.58785953904475
15.91783526415872
16.09612655255737
16.120548984356063
16.005721011524578
15.750816207221561
15.484494767217804
15.210426861313074
14.845790357687914
14.577186867971749
14.360799578072546
13.744127892144618
12.753122753055495
11.446672134369035
9.91470457335506
8.436305603318777
6.930096338641788
5.3068837697449
3.9449846311678813
2.7518367918419337
1.8786828937242794
0.9827423551364216
0.3437983341695358
0.03744928059424074
0.5171339146167803
1.3100027184186973
2.580089539624143
4.24913427059462
6.018409993135876
7.999313683928756
10.013123958414981
12.104241080412638
14.224667875521895
16.294874183775022
18.259735185682782
19.61030139722834
20.559262352561543
21.244458304515067
21.786886722156037
22.121853459423537
22.407183419554876
22.58580177782505
22.601594381157152
22.48213496986464
22.161128270750105
21.897093311258136
21.956575801225192
21.923163795651583
21.67482167385708
21.138914705042158
20.54786669689901
19.721336512864088
18.94821110329962
18.209091555262848
17.68157793103523
17.285216329423992
16.874263646501745
16.360666539427495
15.697383260452042
14.948844742695325
14.14406086995483
12.808219242532406
11.459557684969038
10.054905843187884
8.716931708089591
7.664069075757176
6.999941142636777
6.756274097267674
6.6315236129912005
6.481793376287873
6.226518945171511
5.862799803307035
5.103367160249395
4.424030894064108
3.408802416636256
2.6592630434191906
1.8797395683220113
1.3924183901845957
1.1457164389876715
1.1909775676685472
1.5082788264723208
1.8579563459085424
2.2627968544787977
2.6311605058626735
3.0757982412051375
3.61769616329299
4.4615094674483196
5.435367609913951
6.537381641945738
7.5449432394557645
8.175995937875953
8.704416388082826
9.055555444901309
10.011175880325691
11.41475455363926
12.693185343033637
13.859450683588243
14.98234496557356
16.16851912321063
17.368713269809394
18.489551266485265
19.25872750698926
19.49991112302412
19.380193433491502
18.899052667703966
18.136831387784273
17.364575046130156
16.499185208943175
15.634235611583062
14.900523621474585
14.188157192719162
13.364944139902423
12.729049717305172
12.17978660435956
