nan
nan
nan
nan
nan
nan
nan
nan
nan
nan
nan
nan
nan
nan
nan
93.07065562802352
80.02807412746411
61.74694667013157
46.76191416797826
56.46098352372794
66.9301957778715
77.39803853338968
67.4987298478591
65.13303373261742
64.81058691771871
67.71229765475326
74.98983097477304
79.03344621184749
89.25621108732162
92.8954801225769
93.04910891196
87.45789503220239
81.18088998822067
74.3598905218084
60.40688207746884
51.16098745393642
55.55155795103072
75.80963680786783
86.51204041209627
93.23624099580604
92.72925626241253
95.61413479793528
94.47929239448331
88.85337240408768
85.32352315141824
71.68411460720374
60.6054490569177
51.651218865292044
46.48944766118515
46.063388238850074
36.31639259102179
38.63423924240009
37.29320732238767
44.71154155478222
44.02882408264216
56.09962777724161
55.087401046906656
52.6703526407002
31.49730902855998
25.112506943123694
17.242877709077764
15.627724957978854
8.432581847212104
9.611009746272474
12.220230056500455
19.757858153750558
22.730621161128724
24.944467621288297
23.13786332534936
16.57210999783603
17.53987361878818
21.432103980914842
22.704775632094993
28.22077377100273
31.558496267453492
55.09528863895488
69.80761052128832
84.76022749243214
82.07763228916065
75.88596471147805
66.26265709293187
54.2409305141177
43.719411230570834
38.1852634684695
33.82463583435709
24.703313417726672
17.179685961793933
21.47965242712122
28.434662714395998
27.293559938576177
21.381857735038434
24.199886123617333
30.911289251540172
36.51326894898157
43.372430304057836
57.564920011108576
77.16685393584584
84.8903779822305
74.7267434701266
70.4531892459798
68.67911517526647
64.5324805570105
53.10747128279299
50.01775637802107
62.85801023298037
64.54340822677094
51.69493703098592
27.88833104035986
16.622165529699103
28.41697493808387
45.57758682278469
54.94787741282541
40.234507287992734
30.34009578012646
25.34573994398656
40.84922480403674
54.74218365532062
68.9836932722726
74.75516760858129
76.34668997561761
71.58706353222617
57.45294505528208
35.01470147645596
15.379591030427695
6.139433005030745
11.486894836408679
17.522444318500714
24.28995343622404
19.46018873120346
19.82953176889729
25.793604680930816
56.61659068735694
80.40650171140719
92.21050355345228
92.37272089182768
95.17506454261805
96.86009893497373
94.7361669275848
91.68512409717226
87.07397509148764
78.38819324598221
71.22355098201926
67.56638685186687
68.62800952097753
68.6691000527667
65.93455408219357
63.130066196891526
59.139242351693134
52.55151545301525
44.909578858056186
34.54877890084125
28.78683992682043
40.75181650213501
56.20039457287326
70.64341944687344
68.08121569063832
68.63175750031694
68.09837619607869
69.89630094734662
59.86577336553527
38.45088602675225
21.9863449743461
12.69407477849193
31.90410921323451
46.46943906281234
61.131852436284795
59.23606419297386
47.92274538818399
44.2144857278379
40.290989740037965
41.242438109520826
41.34706949187612
44.100620887605494
56.33897443663142
65.88890507404109
72.14122472159256
75.88877156508453
78.32617910186623
84.48817217302145
77.4741744534286
73.52703679550903
61.32458609493823
56.93504375216693
50.97338277935057
40.130872160323136
26.877944577929867
11.607871206235862
16.33074121452371
25.216762602552592
42.52279859540685
60.43028634841539
78.93374853533194
87.44142784512074
86.31796972282636
85.46607097502658
87.81245307869197
91.3604544407719
91.25221640283273
92.7683669438453
94.21800891327165
97.77815943966736
90.173867108258
78.738359660646
66.95422295814816
66.25020325362873
73.42496195440968
78.70227245499358
81.63627758178744
82.34052544450606
81.95901666495602
84.6044491387926
86.43558089370566
91.86183953409075
92.41248994111417
93.42254009374385
90.26770389992733
89.17767210251411
86.4310420129097
83.21140331908681
66.01084628615776
60.12438609828308
53.43072735945454
73.20608919832694
80.47950498353916
94.42369560490113
91.38036886969398
85.32992995670214
76.82930390746155
73.11825242555052
69.43313816072462
77.77323757539479
78.84738339455636
79.8157827252092
76.20374349311886
75.20423919705688
78.03164164471224
61.91634140458112
47.24571523521913
24.96483361257503
27.65477417491178
29.371588503693317
49.40297642549998
50.471499822223784
47.838840466971924
41.196001705080064
44.14449281316206
53.95320806667899
56.887524920028085
69.13404427343569
80.89449758442862
90.7390382196608
80.01552945743957
59.25458604290012
39.03070473678185
27.896209472175325
21.35328979494472
14.338827376696123
10.18880815880311
16.00279524552683
16.070074397617496
20.02053455703391
13.394904000604853
18.38123310776822
17.031656489465973
25.37662455008164
41.60064077793145
49.813499876566205
56.20776078889575
47.855878944756284
62.879495924301104
77.32650188912275
94.69362577362222
89.53383988556523
72.49597631023205
51.40498109935394
28.228032537942493
18.053672536299867
12.076304109499828
14.664990899194839
14.762235950306144
15.889909537435225
17.6983787009874
24.346117778617394
28.27588876241082
30.880848841602667
30.37091897676306
31.16540069245609
40.2443949074541
57.19414647315396
75.1871298191287
77.80387432096431
82.77930202387898
87.56200306574603
93.14723340412256
85.40455285591584
65.04252958337248
49.02256009627854
44.220628819239096
59.229979146565405
81.28077580713881
90.77349046189754
92.11107776757343
91.30092549487783
91.29837905937995
92.90478215111771
93.2213439692833
93.90120489412918
92.83080199931375
87.64419807345185
83.28917181463197
85.96550389444225
87.22419300749063
83.37841968216306
76.9695769322245
68.88716967181855
59.404617105788596
53.41213073146516
45.841775747996145
44.45969856232849
33.48214831543884
36.698700314223174
51.087379895654834
70.66152800848174
85.52370915180767
91.27917135838952
82.94815444989815
70.24780212099638
62.32110943051247
45.731556924699476
32.81570198558767
11.254033276801954
13.991503972706196
8.951985431867751
8.055134069107675
6.0568644598623465
6.831470465082056
7.93982363422144
9.26655928296861
16.996267976395696
25.38565519290025
36.210006205496676
45.693776166118404
56.584088489196034
60.43003894453977
67.65892782678192
61.80616012192146
58.577665577878456
43.379556349627414
46.67327050154652
44.422528707941844
62.03915141337219
73.4598981622553
88.0298677843354
91.9725461204276
91.29027931689266
91.40841709931836
85.3094291963158
74.92044197062216
61.25476578068759
50.57846921584098
55.190643075311755
63.71008206901942
62.57776706834661
49.79696060486526
32.393778499193616
25.37885230668246
20.206150388558957
15.879212675160177
12.208400025499307
11.319436498892102
16.502993240285114
24.560112407371623
20.011560533642456
15.207055956521783
11.985211503539588
22.021736592991022
34.97192209731575
46.60253459828016
53.195953810770895
59.28292079629961
62.702720008716746
78.29139672536547
89.19489514840943
97.76277893040155
93.97157220751802
93.1863872947445
91.32797870811534
93.94117561477509
95.59765709562208
98.2054256052438
97.28236280206305
96.99747982707343
95.43116464579013
94.67520216816895
93.11100288789838
93.00753810283713
90.73366416593863
88.64247629014335
85.8480328754582
87.10422582773731
86.09963349445206
90.59381647527925
93.65650888226314
95.76589889906204
93.67432805464085
91.60517889225618
90.53529608087553
88.5134281839247
83.12572599854127
75.60451726848201
65.97626374267408
53.47645544176606
39.33584829311152
25.475481866502108
16.75078901120296
16.81369846367667
19.56244394306587
27.034432053487553
26.63283485499898
23.959372006089634
20.383575468930456
26.99363974440064
50.31636727221481
71.72395964609547
78.40018722598842
49.7767051829589
38.12238030667029
24.028290446220694
33.87860601393276
37.0576519637783
47.7201228633897
51.44444149383469
51.03831956873886
59.55439891653608
76.85842574688269
87.24934489974483
80.26032876988306
76.35518440723028
71.39001148488414
72.13386877438055
66.19799494966792
55.15735965533309
53.989581010001
48.73247770203334
50.439934696313934
42.558842807411885
54.063422252315064
57.62796755628798
71.49061919800216
56.92138173098176
50.278092227037554
41.23512692214086
55.26064562762156
72.43669036593896
83.21815810983705
84.65989630342983
86.05083099295916
86.75785528518553
79.12772727016578
64.4032841208006
54.68002501929036
42.93348843654332
33.97435673505412
20.19085287554991
13.176790693220433
10.857022467624072
23.681249876043392
42.028804898640516
53.77023391239294
43.707558545408375
25.397650031936447
11.115940888217535
16.7969049212941
28.967217480540487
46.73938340657134
51.16362105804913
57.55691959248758
56.48648921187348
56.706767102628646
53.02553438303329
53.010819311999455
59.29906546689025
58.564435801116645
51.7073305469356
43.765221024816604
47.78111992461995
52.03405033028031
64.1061861973978
75.00685068381192
90.93158859355589
96.254848667986
94.59610845693608
91.06749861984883
89.05300644740358
86.43009573692056
85.00974888503262
84.30202967104498
85.68103522951213
82.22381089059687
76.23448162624989
72.77271209117536
63.92380435495206
45.58592483458134
22.43953056856924
21.885489938893272
33.18272755936345
55.94765902821174
72.28984064995397
86.46483957122808
91.28791969177935
91.1113768512875
90.8670030422964
92.49770308939078
88.82850074691794
87.65788652172041
82.99850891442364
83.33336448848536
86.38892605954506
92.19618254330874
97.19737412240549
94.09306490837746
81.15233777442229
50.339136903200796
25.327632163909843
9.872294553729033
12.609349016396594
15.655569945047953
19.31425909690358
24.784491390781515
29.250079982831494
34.57770301175537
38.92016501929229
45.95890143395494
53.01702163220358
56.45863218726712
70.94150102324222
84.87631513918592
98.35195005418295
96.4248125058207
94.57491719363797
91.78958673404865
89.56386216482866
80.13372063271218
83.26414535040534
80.57102034519538
80.33317566158262
67.45278453613459
66.39133763887514
73.07527890451422
81.94601473789082
87.85028299673178
89.00394056415423
90.49368595313292
90.99526193288496
92.42431496447396
94.72590852864319
91.08729946967377
68.64399105874774
44.30212300601488
20.64730568001934
16.14809822934442
19.173842035090676
26.541362978013026
41.04663574121648
49.019273617181874
54.76432534222946
59.51201100653816
61.553364664629306
62.783483293357506
55.688588427712766
49.1057187732093
48.67988741367267
49.424189853146316
53.1302995399202
52.13237543030798
62.23158897522086
70.31582204182881
80.87026126760834
82.86327195057027
87.86551978134094
92.92793741942576
95.5748516832568
95.51291137519144
94.99184867528709
92.90791643575413
93.91831647149498
93.48777970568504
96.79269735298392
96.94477787820564
95.54990603665748
95.01169291202582
94.4790970504182
94.32127880874003
92.56636582072703
92.01955197051642
94.46605189689338
97.04004651646495
80.60145415813678
70.8570089630611
61.89494601607083
79.32681527827616
86.97697234349782
95.87214239538714
95.3455988166874
95.93464984993007
95.86818137550529
89.90027048007073
85.24073156081124
83.42325611581003
89.71520614226488
90.87996350504538
89.37521381940893
88.12283416793719
69.62595158138421
52.428992848359655
39.33745856395508
46.272774893909876
46.003439743879085
39.78570911107209
42.80328677349515
46.60149403861317
55.58115510751114
55.45333149434509
62.2827695162625
59.90234609581996
46.6095693667827
35.775297374878626
21.78242647605109
16.18224539807579
5.687707019223555
9.058168889435727
13.894583832922963
22.338280323390762
29.593325935843936
39.52711128039399
50.2420054321669
58.036219196290624
69.0312722062332
77.84636942519623
87.7461947589776
94.18300680907736
94.69780150254137
94.67450565781473
93.36307761751243
82.86786415739004
67.54435064577797
43.69447874151382
34.88218998867727
23.3840524071321
21.581074192181518
17.313848218062315
15.368781521655487
15.32411558365972
14.830231789932752
16.335807324961333
13.909664004647274
8.291988383505794
8.87069478211278
17.415374652902
28.959054388127175
42.16460715075696
35.373166480229536
28.691633039211805
13.41234336995385
30.57061901246634
49.51571940676509
64.55034674412016
55.5007135734298
43.074377528607975
45.03993766204426
61.968209991467916
81.16892861329352
89.76541054486432
81.35933839636557
71.13614326897421
69.95054305032242
68.28729281767954
68.88259742708398
65.19408938882758
72.25185136934154
68.7211200631847
58.24441196547094
40.377086310384065
34.213030348923105
42.55107618102747
56.503565006932156
66.29678883974232
57.45895271692117
52.23255587064104
59.565707592433704
78.83273486585081
94.0964773881766
92.73457746671863
90.70586056753292
84.30486410312683
89.63532349905
92.35942445929555
95.50166834278089
90.37358815050197
90.04521386596991
91.27020099442285
93.61604802920812
91.71688257488775
91.24135552527481
91.57016081013849
85.45484134778091
82.1661623044335
64.529323167102
51.992998828423104
36.545542818864014
34.75827743691556
44.86321059704584
54.69249265378502
65.04307871035633
67.40642402278081
70.61950626695456
76.62838509174756
76.78009902213685
79.72005567281884
82.51585225343808
84.54917201297643
82.5537952070322
77.20496748801149
73.9075126886073
59.21433638710557
57.60344188501461
42.79634175648786
37.73102471354681
38.06315155310427
54.08404373239912
78.24608568185745
87.10466840473407
85.34265193051148
60.50506180616571
33.198490733196735
14.710184338397866
11.071009453243805
13.642221860069293
22.682253879600683
40.31756622713171
54.668522831722555
64.8896494772328
69.18590962041286
70.7874354649714
74.40891371097779
82.81784485159095
92.11051162078365
95.17423674874242
91.61217298150653
86.62012291384754
82.71811569688766
78.34828543090038
67.77358076989715
52.777075643301565
39.11671921886148
45.145113419210155
64.27869893753179
82.57557594264223
91.48072903687414
91.96109065668635
94.18625470489344
90.97746862483922
90.26569790587507
91.92602189611206
89.907827883591
90.01165827474135
87.31695347063676
92.83397597231279
94.42902997401137
97.4652476329173
92.87562380355747
90.45851481733638
89.36795113761336
90.64667246498847
85.72832717298787
80.85639667397072
77.5487485270447
54.669409341845714
28.739836028617948
14.564146810183116
17.808060148695507
17.030161215455767
13.089645160721588
18.095923312711164
28.154863349747917
33.63008644131698
40.07616959735878
48.38907544937033
55.34761807460878
60.53783642659349
68.90077789179115
80.35129445112857
91.81665676417607
92.594966968071
85.63724498572206
69.28529589081525
53.90006289608985
44.83862038852555
44.45535359030347
53.55310013025277
64.99595730456032
81.55258913290433
90.26184127760818
86.47905478408852
79.57883450484827
75.72160252279566
75.09078525920766
62.24970320108892
48.839856005929846
37.24486585714873
24.68340102268787
11.936547488844655
9.73720725520339
10.445191471618543
14.429864712321184
14.254073283036723
17.130519988934804
19.12470907812772
18.664532233941294
23.246813138575746
23.418773298246663
24.432035561975095
28.98815623672604
35.58273462450308
46.883505727245954
52.606942771031605
62.486850009921945
74.01030803175905
85.8823546025913
94.43931240404852
88.72757778497551
82.13442020148088
57.07689123978064
37.36898177388283
24.58402259833342
26.145916184495913
22.195647265528226
21.73470178989747
20.24395401089833
24.167414881357008
28.78380513131661
40.91040506340102
52.36226932744106
66.07975959918826
79.99965980148717
94.19268586229437
94.54062488074244
85.49863724935165
77.32785656795535
70.43208893706051
66.32526961432332
65.62643182016264
62.79918802863225
65.93230834827398
59.37701708860275
54.07702588441848
34.83684890280475
25.556644047986158
28.48305905219354
58.49771679663642
83.27962458828097
96.50451925858484
93.49986460103607
86.44324702168478
79.52378985708187
76.98652913443077
82.67968154510801
87.56111316046565
92.24644582796039
93.54255129421603
97.57761774204509
96.73989758348789
91.56249773082668
78.93272919808302
67.0331968658136
45.63685960369762
28.01161381857797
8.674587557082129
9.706140032468094
14.120843459890159
26.10724713981445
22.659613279118414
26.389618717413764
30.97047624782802
49.40928572862365
59.70631608499904
66.98733375305481
78.26353830143351
88.15398462285918
93.70283138151852
92.75116739063428
92.3195670126297
90.82906449004683
86.22403771645618
88.50969673753775
89.99912103947862
95.37017715315964
95.30711620389188
90.22220836130481
77.16731381089055
61.53703661462517
53.02612094352302
51.202320174723354
51.0117248947379
50.7730695067263
54.81483928179184
60.860503139695055
69.59128113138532
63.45478651974518
54.847580068276464
48.40813301122804
37.202166702734196
25.058633362072495
13.272114856600766
18.183009433388637
22.28249085166166
25.393149420251287
24.226051695655944
33.51894531264551
50.361388237520714
63.24387351396714
80.02418023947082
79.79423327850893
73.80797801699173
45.66608255769726
28.63628176480294
19.74583032937044
19.488544707093123
14.729186105779275
16.67078281666265
16.011548240402153
19.517557193841615
17.933452488994593
15.713108599050186
11.085455027245386
10.613186242900868
22.697451123093753
27.374275255433727
38.04225904251597
52.40007732935859
68.35393621342224
80.25264611705657
80.60330011232186
82.56123873680754
81.85939121401891
83.36560999812453
69.0034030768461
47.16484789848871
26.257159719285976
19.63017077244616
13.366196305887653
7.246187685303409
12.458882786225502
18.077001843496774
27.948316038996456
29.2680917465871
28.26119537063509
22.42216920217025
19.202746992935385
23.703691820871754
17.59818202515066
22.750843840845125
23.976285066611823
29.378756546815794
26.39785809846026
36.29829721265049
48.936119013037434
54.338133693909434
45.15620031454916
42.45603792704885
54.884015414171735
68.59555290265656
73.08513344061937
57.5366309129897
44.38848008848285
38.43470863337529
48.7305768725528
58.4653372741001
45.63713379757738
32.9207888441821
25.484652841833167
33.249551166965865
40.91247372216849
43.191906172157495
64.7732329358903
78.45701802772493
95.18778758779403
92.87926956520805
75.76435273947946
61.65490001160549
43.553883727693695
40.63336494701296
36.2331519748071
39.17978658822179
40.77650831724513
32.52041801757809
21.526968193850575
14.591293677003266
12.719496296393084
13.64630147465842
8.996556590469627
6.198881587968675
23.533119533384678
44.28728890909591
62.7846402508384
61.63407495466752
62.22279830667649
56.17775098709919
69.89363325429012
78.79234673398513
95.74544142296095
92.90511330752156
90.56063774496108
85.00072327595342
76.27201575341685
77.98441044238136
81.96983914461173
92.52830176858156
91.39235513933453
82.0029221123403
71.4664694351902
60.84515944349889
65.59529671102204
58.172085456648034
48.64845913691045
47.68964344882554
66.28226073922995
84.32322523481383
93.90736446681372
94.01293999912387
88.0648251929631
70.40239229081965
51.71998776639618
44.324350117703766
52.612421349424515
61.79295406929172
71.54406273963517
68.72039964593984
66.70953712544177
57.8320964981246
42.691325614584
34.50275721384445
32.09841337737535
42.021923466731
49.26042821348627
59.56053508365611
75.6676071055381
83.13320578702978
90.10198659892991
86.32957801323967
80.26554266120628
71.74303319167801
76.65232001087497
85.91969948013313
95.3114364835209
90.40736285509111
87.08117015471402
83.92892184091544
88.23327471705274
92.65081616732516
98.13455578479437
90.82806847385014
79.92749648382558
65.51141584622594
55.53199718706045
43.291675680253114
30.867533405084952
31.72851920842079
41.48030391140549
56.489967945746535
65.95787717124722
69.02329341300539
68.0659148946929
59.89597818849921
58.098372104915775
64.12432354061674
79.7510686265929
91.2960394217791
96.41187234939976
94.87229508815842
93.33843933939943
94.92995904402592
94.78698597096253
92.20696723070802
89.90164127723303
91.48458353200097
96.606689071534
69.64233713734525
36.92558087944754
6.066683095522727
9.681080330982079
17.972533702146755
20.82504203889889
16.075830256415475
10.315239349518654
10.518211329272846
9.698973499883781
7.097192247597948
11.334645420891002
21.39058958339353
41.192872921521186
41.97918072075367
44.75688536676935
40.39592297924737
41.25864920233989
34.03939588857586
26.575007592658235
19.180203018732303
15.644860593167452
8.800255609065596
7.658598831515931
9.331963889326914
11.542863591310871
13.403704941825872
17.918782565022827
28.22641544550666
37.48253168105938
40.93761393519094
43.90410079707379
46.38445452560196
54.29754872046487
64.20467892584952
76.51822878785323
85.18894709143153
91.02902310485513
93.098754231564
82.22577715849616
63.51113266597693
38.22712971971124
26.69373400288247
30.787821571866857
50.866028240059336
73.15412648791376
87.8595394072306
87.03739680799391
85.77943964741745
85.73889318445299
91.17153426221863
92.22733918243934
91.85118763892756
93.57460075021568
92.15956257597416
88.49331875154341
75.7908584093769
69.2579891705682
66.0295758905824
67.19546282152814
61.35636349425655
66.19042136753235
73.63278119742354
81.4755815533967
73.39878341828022
66.39239595982612
59.21316063316828
44.379912229153696
35.377633028677955
30.768168983672098
42.8634051698217
47.02575063978327
47.19168811000086
45.45621111142759
36.412712920044946
32.44603505557211
28.03074940497143
42.295705073254915
48.958689159249026
61.26228456959441
65.20567969816284
52.104102763331326
38.51429174410476
25.19127160954918
36.29300981793671
49.774921546657716
61.17488977895689
59.695030071992456
53.25790650851502
63.03948999341849
80.61854159258866
87.81936067518784
82.20780091160383
85.26614500821469
89.7633487934334
95.36003516682423
92.27948967636927
89.9646594091256
86.82245891655951
88.63413535246904
87.69080346417377
86.97043414003576
72.4283959668724
77.31634407163416
77.9045456746518
80.39580730295714
60.27560126993416
32.21199109599833
15.591889877823448
13.304246651288588
30.2489911118231
45.50289230302662
46.00754972237917
43.41060751986938
43.79490532934818
54.01187840362403
59.76861575786867
73.4562360777348
82.19984201026718
90.90765500054435
86.7115228641137
85.04554548082814
81.65257792790305
85.6632119217894
89.99945622009393
94.93156654745427
93.76979515910064
83.11404125102035
70.48735073675037
58.60592654509312
59.79831456085598
69.92504989547302
80.71656142344662
87.25395992499932
85.63696502525909
84.76377782152592
78.97205284333116
73.66253215797856
67.03199179979836
71.47243380418249
82.743769234504
88.54395526049342
86.25981213347622
71.83423102058408
58.41764542521111
41.05470337475405
37.35649574832218
40.101294135293735
48.43435923594984
43.601566027831815
32.22960195556941
25.42528779888139
39.547326102548155
63.064965937274906
85.06519551093486
87.31992031016706
85.5548227476637
81.30924551712145
84.0893967772272
85.40284659822817
90.01620803196666
89.9903866085267
90.00650237461987
87.89918670048439
85.75579959765285
81.5959232454576
70.35161636173193
71.46595452914598
65.33445414364566
48.999378033750766
27.889199906147322
42.321895623265675
64.28354273049423
89.1200196187787
85.42476046369752
91.5818514732241
90.16942872494754
92.8845394136991
95.43216969063276
94.74745633690917
95.6158771419291
95.92307510795494
98.95425425786647
98.19743234042147
94.71646670693589
91.41282286250294
84.99671474107534
68.07967532107158
56.55608625664394
48.50838828553395
50.37724295090711
37.365213271042734
46.33396702460916
42.12294126803685
47.813001368715256
43.866549330495424
56.93750112405818
78.97534085774292
83.53596330199093
89.79158541090293
85.49911085405387
89.0378876954441
88.74522929325367
91.64100368927252
90.11209003144414
79.09130240406108
50.280721763180885
22.69118934117861
7.250757200844976
4.576952511639146
11.953025557235598
23.944004707735914
32.78745414847628
38.81181914243222
29.866553450743215
25.4747865417956
12.289022987853569
14.285197398579717
11.729967572979655
10.333422475402493
13.125625932223846
12.052504965272675
17.891521680717197
12.291139822078458
18.298949069707206
15.427191091762916
13.940550168364416
18.63753849448299
25.635912949597795
40.26282877875446
40.695753330497816
48.521134825274146
54.188100141899135
56.96848701900306
61.12212633317798
54.37297780190977
71.39773400457749
76.55398349519093
90.18800102390526
89.3926691937941
93.62810965674531
93.83234634692492
92.82195558224312
91.58837728678795
91.96807542144533
90.87743846343695
81.81439752924389
78.7019216754957
80.20845108741374
89.25410921983735
88.17189907428036
71.80025807212155
71.30395297760573
75.04429974473011
85.49542825685045
81.71266104708587
79.2696415041609
82.59737095061887
88.95853759725594
91.76032478514236
94.76770559092927
88.3921021562428
78.07194939398327
69.54919531190717
69.08805695246372
71.9971454674049
70.71133717600749
75.76645526207028
81.11544595118004
91.12475928631484
87.08034722885718
84.38114339710968
79.67084592519035
83.05856044286847
87.03843432230722
93.44089678782215
94.11518984271214
86.07574992559181
83.63496245408794
85.78223147112043
91.54750528191677
91.11669684366053
63.442833961579275
45.25700981117589
28.081702146353592
44.45873963670613
58.79105328475273
64.87677025493284
60.72136537531508
61.00092861107796
71.19435414032729
70.964143772214
66.59545295652852
39.66382551111167
35.0297173620075
31.74504689540718
53.15241000975981
69.61136123796406
83.4515084513181
87.04264477880788
87.43420067604616
87.48363493361938
93.33732160720659
87.89076279637511
81.92443259255072
73.08153314232378
74.04623969555173
73.31763173791067
80.54528050168452
83.73531773462726
88.26860811369535
69.41067534800496
50.590337756994074
36.68562419049616
29.603439531015937
32.87267483692896
33.275290264491595
35.10410435650768
27.816491150328417
15.11483297699668
12.770738391515858
19.20120913461263
26.60195608356372
33.59355454214113
29.480366206361307
39.50029629035783
52.299004556085116
66.21253595385686
71.47461751897269
78.9193419347049
83.61739845101017
90.4458079113662
87.48880293204998
89.02999717335014
88.77094352961085
91.6926592743289
92.9793611432258
91.59378121691793
88.02089178519628
91.45057993698124
93.46550929055377
84.74404863602983
63.15259315717575
31.240076406091706
16.1293847201743
6.414015495118469
9.00437753659769
7.399363717003459
12.631130551439583
12.656559708912715
12.791670854967128
9.1348081902529
8.31891150058742
11.097297093018375
9.475589010416266
10.001748161067626
11.2017346487635
21.134037935021716
29.883987541832585
35.1338114489919
41.935383063820886
41.27031013801604
45.84945731679611
43.52486469975522
50.97444818606789
62.5420693579509
80.11576390839207
90.45244770926429
91.15939379996264
86.79724662235331
83.88825194091973
83.50350282426133
75.75273395576114
75.07704630640086
74.84260375060487
86.16008626761557
93.94963460442455
90.20170861806027
84.23110956083626
57.0403045177538
45.82300350622452
40.22664357689786
55.84725719144091
68.33544449647357
78.20922145329706
86.38285120318403
89.68722595197767
86.5256011804371
81.60965745335403
78.24061595689615
76.79495973094963
80.81881408116031
83.96826147124845
86.06378432406193
79.44848973552394
74.54517413748964
67.38910971823464
53.75742503667303
46.42041811443212
43.54896571916692
60.07678860871378
59.71443849251572
66.82194368399753
72.87296543981272
84.24549192101655
87.61862002168799
82.65881807611323
80.5426447943182
69.25131988309606
57.88535872537002
48.416729518242654
40.34868684371201
34.078546102128215
24.662881403905413
18.472002773613827
12.743471555186227
14.750177106555382
17.423122997702688
22.816219930879154
23.556008773057375
37.04197527521904
43.53266268549413
47.44048325796954
46.35904494320092
41.548996162687956
42.775641141575456
37.80646944341876
59.38216990082776
76.97024422404736
84.38999420879084
67.20801136929418
51.32628763818698
43.344837539228784
40.22924895018958
51.193991564806026
69.40586852004327
85.39163317181988
86.32129172416046
84.04706206077982
87.72014381104441
76.23568028896196
70.03496583121763
57.03595555771744
68.06216444865377
75.25370949840537
86.82425677007836
87.49225872124254
89.86860074791082
90.54054822124078
90.86622692152213
89.52554942816005
89.84135176985139
92.02438194587279
92.02398341387068
92.58293923707163
91.1894900278128
88.48136511090188
78.56618320619025
63.916855552628924
56.886295549718774
42.33151637791861
34.809077890063044
31.786828119798866
41.627960992512726
39.38228917476733
32.20940022916189
39.44423850932683
39.590349698393744
42.09998680943421
32.28250062304409
56.315953570731125
59.13998166934066
61.23889492939309
54.74849671398224
61.74847457017618
53.25589847848729
39.418699181771125
24.69207786809275
27.918018380496363
26.815987587980022
28.288376551961978
24.902226396893113
29.800307304266866
33.29851654836922
43.20785559240986
62.121968864404074
80.73342177488418
95.06503114570113
95.64761663102875
95.11320758593745
96.63104762182797
93.25487438387215
92.91196551627718
89.19428509709512
92.16430647650452
93.75937851832605
95.9059839893988
93.87679198229166
91.10383679106648
82.95730367419496
82.96002245863528
82.57034707195994
81.59587045506333
73.46202848387286
74.13277227518311
78.27084322469194
80.17821355961743
66.98787347234733
57.6494259838135
54.9504568807811
62.51106215079103
59.94549984307256
47.59573936183883
24.750217415705205
15.0391203100359
19.04993292373803
31.39356653544243
38.45460015500249
38.84781251616049
47.30339614509128
56.03506595132338
73.97564421263529
81.2414820171342
92.5224024766473
88.28075058246134
87.28130720415818
86.69886703812487
89.42308897572764
87.21526707384997
88.90410033075914
92.19934831049106
97.64049266703637
95.54310840133637
95.5485873212544
94.62047055285912
96.81262628238477
93.53929469209514
91.11590888917378
87.97262765530729
84.81067798467656
86.77423275887925
89.08106502595972
89.38240439593532
89.46721472963846
84.48618566276741
81.99860875866091
68.73185774651346
52.149251753348885
48.02603082267024
63.36109814090173
85.37419880884572
95.3195229222293
88.15738794664588
82.77996865556675
84.74316611741894
88.02738512200011
90.36855443400844
84.51300704314387
84.65132546239232
73.20706736294458
72.53949747353845
75.57609686769284
89.84542567957646
94.43840233459763
95.86116613695299
87.78133309322921
80.30945384115843
70.42282290711255
65.45809174246858
64.31929003315778
63.562512190364735
65.90842598010532
68.66974307143998
70.34580828546241
74.7985093851493
75.33532017052885
71.21925231938381
69.06115951922958
68.26538120137936
76.93206824488787
74.48813878236048
66.88423872640796
57.09395794911188
64.9747696787512
76.49365643219215
88.24314891361223
90.56058861535655
90.84104945441356
91.90432799723176
90.37116956691902
92.28001720917926
91.02483277825051
86.51475406189466
83.64369117985672
82.70456532820825
84.63663220809481
84.4443625786056
67.99740863791888
53.170148302848894
36.90054855986863
46.53570392326759
50.93528652444343
42.33801436356023
26.303136574708812
17.88015132410285
29.521935219053997
40.56613840729852
52.46037512503282
55.02834146817428
38.84511168170416
18.867618272759213
3.034451302831826
10.64447180371047
15.885709005279727
27.083572438378457
33.67480642384944
50.4401529835856
63.785229024746535
69.83469319479907
62.812729135356925
56.68962570441517
65.00880653038826
81.00391654499451
95.10622512252274
97.57207168924477
94.48792885212235
90.85687304270584
73.3015821709701
59.276244258734586
43.94405378517637
55.26398155050263
66.21680449310355
83.09243933973426
75.66089512339256
74.63206099390014
70.55393202384433
81.75581032478738
87.32055896099293
89.66714684860254
88.69903504163297
81.6195583715266
75.54484375739877
75.86303427140521
81.21908716968994
82.46375460795424
77.49320648148779
78.68352363454659
78.66670386237287
64.08458339952749
43.434509166278104
27.629123866006438
18.83832678366581
22.810754835656198
15.37166936236904
14.610871748629256
10.26615134246962
13.669810119895658
22.660760996277943
36.07635762855663
55.3794606374285
68.20194315808591
72.71689031450313
71.2354266490617
65.13003322073541
63.639605203913426
56.696095247991
48.63063127514957
31.28561178481389
29.836285700680133
45.68330753501258
62.57623281448533
76.27119934191175
74.48603166370081
72.21273474704869
65.32653712303897
60.98295218199454
58.02003044905012
53.751229916457355
36.402568348445705
19.302546628730514
5.784465263040658
17.128626858086488
29.76010814989137
44.96686633219889
46.29364305116303
45.98135586160574
35.08206328815959
28.03216292112043
14.39587565887757
7.10159313602247
9.782860368324826
12.427412765062934
20.510128306613655
19.867026647336175
31.86131476955738
43.470915928147654
59.21312410685142
72.06888585157357
74.05584669694512
72.56783538604341
61.522508309294125
57.349476416757106
55.45203245436255
55.04473209368649
47.40175878928019
37.87889179543685
31.9414089764721
34.41822378676226
23.711351349777882
12.94652566014306
2.697457316569784
2.6447215049675434
15.733810380108325
30.500676624491472
49.762163294645255
54.43063990029973
57.36433459550174
59.88790673933109
60.49053511122393
44.815295181294175
29.261948516112227
35.78126374886258
53.56869060418935
63.14246310298936
43.53109835427441
35.10243458928796
43.21904303954896
64.54814218193226
83.88599168893771
90.03207483346905
93.91712364036971
87.86817615219168
90.60693989401592
92.30566132126701
98.63561510351781
97.3226494688942
95.37876527432053
86.96017659998603
82.11402050425761
83.80627599173128
83.25321807422759
69.07632952060275
43.370310703351386
19.891504725425104
7.705113136935787
2.8410549732535273
7.461131790318942
7.327519873040313
8.343634000538671
10.441075396474206
13.34609936012621
11.21941029658421
4.309557915502035
7.145403821850017
7.81630527441239
9.75434449352321
12.799268753438222
14.733311675419579
19.12678439974643
18.939293180992237
32.597522598097925
32.05491167536642
27.676192702486762
11.835149256030348
9.22902796300751
8.374809796063913
15.174999260628406
27.73666507575614
36.06496763572563
45.2025664177307
34.676443756360506
24.32299919233415
13.312712312895641
17.98236681798407
22.879685225758227
24.66014792561083
26.91997766984726
42.64135227907975
59.85598477676919
72.1190147827438
82.50510564480089
83.91650323237637
87.57475334534998
84.08065895019682
86.97439589063164
82.91692426407029
71.6665194681503
51.57500193429206
33.47621656872132
27.34682771276361
20.360827533963274
19.229278127887856
22.941423068262367
36.380798826867895
48.04629734798639
63.83672557259908
75.23438175714038
75.1440687732446
60.113162887009054
42.37154027698507
33.82986322510493
37.81989491377518
52.11353330073542
75.69620079000809
88.22015279956786
88.9042958475984
77.08150040101089
58.30015815800956
46.35722053522735
41.46371634391459
36.11319968605042
43.58561884385813
48.12781218099929
60.18236755118263
45.472507362002546
28.594885911787358
9.384848463182307
23.224058811679356
43.59176323480697
72.3989712678379
82.51092786188538
89.20686098788813
90.83173995790928
93.82991886129885
94.22548989919842
90.04922277709015
84.51738781856402
85.19892559230725
86.05224642517861
93.008770087282
94.36828808626501
96.95518858266922
87.18449134365339
79.1491565096124
62.3033734442162
40.29293502602825
17.596984474550627
6.535558783964826
18.766753445554446
17.23975419892817
15.318384675691382
4.093776756207988
4.679107715814525
8.585689880726555
7.241201102800552
8.501732509206233
11.9992603980334
17.97546758335245
31.495215343408983
38.63090631488752
32.248952232617306
20.100615341815352
5.72713020265891
10.404579139473045
13.13177534243538
13.706352211043894
8.27306670491059
5.0297497615930835
5.61831618493687
7.388332588139377
6.09967770047806
10.86412443370031
12.28787937035874
10.9537496169806
14.253623186654826
31.897790267230164
57.389610257613526
72.58971477116178
67.02373435419325
52.833783540633306
35.67099824457974
30.17318054736744
36.065540092330565
34.84655722476446
46.729703812589996
52.028912902699325
63.19976190346906
61.0800773452562
61.41528748026942
71.39666153778394
84.56322007881094
62.22610505511389
35.315932292847755
14.377244563031804
20.555558766580926
18.946943383399674
7.239311905545421
0.3311951704800648
5.175989845804881
13.071601069736177
21.416490086427697
22.494249175420496
30.993088673527357
43.033118148008356
64.74032965564942
78.22943857304914
88.30738736442868
90.08054398133578
88.27343712066579
82.06641334261268
79.76824385767095
81.6900675751037
83.72231516928723
79.14865939719449
69.6626043040589
76.6462592982046
82.1095340570961
87.66564026667902
76.60875163417096
60.32524183018696
37.2358011022308
15.528161904063522
3.8324122123360067
5.919138738298449
17.667136681930277
28.12595382346565
25.060523670104303
14.995969471033055
4.911830315740337
6.443697655334792
9.564653445928375
11.98677484466252
15.553403871516691
12.746289597786975
9.998695628074149
9.193021711909218
12.484465216191717
20.526157423056052
21.311527724668924
17.19461183598309
22.899363978560487
33.71490203992773
52.43134112265559
70.87434084202232
82.84623804813963
94.91279634723715
92.14460845872173
87.98515875220095
86.9451301475106
90.29689389376377
97.4132224908143
94.65146690256432
85.15476471618301
80.83807660238953
83.50064812277208
85.20256361904133
85.10515605712085
84.87393152069497
92.9685882159124
91.10869497573003
83.0633189362428
81.60956779471212
66.59903038625431
47.056287080079876
17.44194102220293
8.33332908344751
9.509551432576144
16.454748367353634
20.366915569597023
19.6247991995347
10.550532572041528
5.825279981379626
3.719644241611556
4.445045723248853
4.804510332486919
6.171855709675232
10.02821518408804
20.691169359342314
36.49902311355951
56.65188435683135
63.52550336119217
65.85368191728502
58.045062973216
48.05462498834722
39.20253027829504
46.32616744738042
67.24580394252025
85.62468309866244
92.35163735903343
91.34263283946082
93.50520288523298
89.72114538481806
91.13976002357659
88.63592184176566
86.43519393006459
77.13904213536203
69.24680896334458
65.94573157007613
69.67037337343227
74.32411709210731
79.22341014920721
75.36369421455917
78.75061282073229
76.04045693249884
75.32979797196786
62.21036515294556
66.63106281971042
78.53836008517722
82.81642476994175
71.8544642781611
56.00797592182013
52.27071738415852
51.262931247187964
51.420440569434
37.89942313076978
27.853995987161976
37.75706887282977
59.27483295855989
76.54517278972429
63.919724165170386
52.82623896952878
40.36914889309435
42.74822025403464
55.86731957621428
66.12101761825171
