1.6666669845581055
2.0280001163482666
1.7280000448226929
1.5399999618530273
1.3333330154418945
1.108667016029358
1.1679999828338623
1.1933330297470093
1.2046669721603394
1.2426669597625732
1.3433330059051514
1.4333330392837524
1.4199999570846558
1.4833329916000366
1.4566669464111328
1.3933329582214355
1.4166669845581055
1.4373329877853394
1.4333330392837524
1.4119999408721924
1.3933329582214355
1.3919999599456787
1.3626669645309448
1.3980000019073486
1.463333010673523
1.4786670207977295
1.4366669654846191
1.343999981880188
1.3320000171661377
1.309999942779541
1.2586669921875
1.1933330297470093
1.2300000190734863
1.2533329725265503
1.2933330535888672
1.305999994277954
1.2833329439163208
1.2740000486373901
1.3593330383300781
1.3140000104904175
1.3320000171661377
1.3513330221176147
1.324666976928711
1.3459999561309814
1.3193329572677612
1.3793330192565918
1.4160000085830688
1.4199999570846558
1.399999976158142
1.3966670036315918
1.4033329486846924
1.3953330516815186
1.3933329582214355
1.440000057220459
1.4666670560836792
1.5440000295639038
1.4213329553604126
1.4233330488204956
1.4366669654846191
1.3966670036315918
1.3426669836044312
1.3459999561309814
1.3873330354690552
1.4326670169830322
1.4686670303344727
1.476667046546936
1.3833329677581787
1.4113329648971558
1.418666958808899
1.4173330068588257
1.3760000467300415
1.3860000371932983
1.3799999952316284
1.3519999980926514
1.3899999856948853
1.4019999504089355
1.3933329582214355
1.3760000467300415
1.3606669902801514
1.3793330192565918
1.3966670036315918
1.3953330516815186
1.3986669778823853
1.4579999446868896
1.425333023071289
1.4333330392837524
1.4566669464111328
1.5166670083999634
1.4586670398712158
1.5
1.6886670589447021
1.664667010307312
1.6666669845581055
1.7126669883728027
1.9980000257492065
1.940000057220459
2.0333330631256104
2.196000099182129
2.0933330059051514
2.049999952316284
2.049333095550537
2.0913329124450684
2.2300000190734863
2.378667116165161
2.3980000019073486
2.4000000953674316
2.396667003631592
2.355333089828491
2.427999973297119
2.2866671085357666
2.1500000953674316
2.0966670513153076
2.1600000858306885
2.1659998893737793
2.181333065032959
2.194667100906372
2.118000030517578
2.0260000228881836
1.9980000257492065
2.060667037963867
2.1026670932769775
2.1459999084472656
2.179332971572876
2.190666913986206
2.1653330326080322
1.9053330421447754
1.7833329439163208
1.8673330545425415
1.8600000143051147
1.8166669607162476
1.7999999523162842
1.7966669797897339
1.7933330535888672
1.8666670322418213
1.9053330421447754
1.9119999408721924
1.9140000343322754
1.8266669511795044
1.7979999780654907
1.7719999551773071
1.7093329429626465
1.6979999542236328
1.6299999952316284
1.5726670026779175
1.6540000438690186
1.6593329906463623
1.658666968345642
1.6720000505447388
1.658666968345642
1.6080000400543213
1.6486669778823853
1.6119999885559082
1.5933330059051514
1.5779999494552612
1.5506670475006104
1.6833330392837524
1.6119999885559082
1.5759999752044678
1.5833330154418945
1.6093330383300781
1.5446670055389404
1.664667010307312
1.6993329524993896
1.565999984741211
1.5333329439163208
1.5
1.5053329467773438
1.590000033378601
1.6066670417785645
1.6213330030441284
1.6186670064926147
1.6526670455932617
1.6660000085830688
1.6933330297470093
1.6640000343322754
1.6660000085830688
1.6326669454574585
1.6166670322418213
1.600000023841858
1.5306669473648071
1.5499999523162842
1.562000036239624
1.5460000038146973
1.536666989326477
1.5240000486373901
1.4846669435501099
1.4919999837875366
1.5333329439163208
1.5693329572677612
1.600000023841858
1.6326669454574585
1.9140000343322754
1.8786669969558716
1.7999999523162842
1.7999999523162842
1.8006670475006104
1.8626669645309448
1.840000033378601
1.7686669826507568
1.6806670427322388
1.7126669883728027
1.685333013534546
1.745332956314087
1.7079999446868896
1.684000015258789
1.7393330335617065
1.7986669540405273
1.781999945640564
1.8166669607162476
1.8240000009536743
1.8459999561309814
1.8580000400543213
1.8533329963684082
1.8259999752044678
1.7999999523162842
1.829332947731018
1.8466670513153076
1.8666670322418213
1.9299999475479126
1.886667013168335
1.8493330478668213
1.8793330192565918
1.8660000562667847
1.7999999523162842
1.76466703414917
1.8960000276565552
1.8853329420089722
1.841333031654358
1.8333330154418945
1.934000015258789
1.9839999675750732
1.9780000448226929
2.018666982650757
2.006666898727417
1.9546669721603394
2.0999999046325684
2.0086669921875
1.9593329429626465
1.9066669940948486
1.8733329772949219
1.886667013168335
1.925333023071289
1.9800000190734863
1.8966670036315918
1.8666670322418213
1.8466670513153076
1.7640000581741333
1.848667025566101
1.8833329677581787
1.8480000495910645
1.8646670579910278
1.8853329420089722
1.8833329677581787
1.9393329620361328
1.9553329944610596
1.9733330011367798
1.968000054359436
1.942667007446289
2.0
1.9926669597625732
1.9019999504089355
1.9393329620361328
1.935333013534546
1.9306670427322388
1.8553329706192017
1.8300000429153442
1.8739999532699585
2.0293331146240234
1.944000005722046
1.9693330526351929
1.9500000476837158
1.9179999828338623
1.899999976158142
1.9033329486846924
1.8933329582214355
1.9320000410079956
1.946666955947876
1.8553329706192017
1.792667031288147
1.6920000314712524
1.6293330192565918
1.696666955947876
1.6959999799728394
1.7166670560836792
1.8093329668045044
1.7833329439163208
1.769333004951477
1.7766669988632202
1.6766669750213623
1.6146670579910278
1.5866669416427612
1.5406670570373535
1.5953329801559448
1.591333031654358
1.5966670513153076
1.6566669940948486
1.651332974433899
1.7000000476837158
1.6579999923706055
1.5993330478668213
1.5466669797897339
1.600000023841858
1.6019999980926514
1.5713330507278442
1.5540000200271606
1.6066670417785645
1.656000018119812
1.6619999408721924
1.7226669788360596
1.7206670045852661
1.773332953453064
1.7966669797897339
1.7406669855117798
1.7746670246124268
1.7680000066757202
1.7993329763412476
1.7666670083999634
1.7213330268859863
1.6593329906463623
1.6666669845581055
1.6213330030441284
1.7226669788360596
1.840000033378601
1.840000033378601
1.8786669969558716
1.8513330221176147
1.8666670322418213
1.8980000019073486
1.9033329486846924
1.8666670322418213
1.8953330516815186
1.8706669807434082
1.831333041191101
1.886667013168335
1.9259999990463257
1.9240000247955322
1.891332983970642
1.9299999475479126
2.0
1.9673329591751099
1.9279999732971191
1.9506670236587524
2.1659998893737793
2.1600000858306885
2.1333329677581787
2.1333329677581787
2.0993330478668213
2.0999999046325684
2.299999952316284
2.2360000610351562
2.293333053588867
2.3333330154418945
2.326667070388794
2.2739999294281006
2.1626670360565186
2.186000108718872
2.136667013168335
2.1606669425964355
2.2186670303344727
2.204667091369629
2.1953330039978027
2.2660000324249268
2.246000051498413
2.3333330154418945
2.3320000171661377
2.3259999752044678
2.109999895095825
2.074666976928711
2.041332960128784
2.062000036239624
1.9786670207977295
1.9446669816970825
1.9286669492721558
1.899999976158142
1.8966670036315918
1.8713330030441284
1.8700000047683716
1.8666670322418213
1.9179999828338623
1.9493329524993896
1.9559999704360962
1.9320000410079956
1.9666670560836792
1.9113329648971558
1.8619999885559082
1.852666974067688
1.8326669931411743
1.8506669998168945
1.8919999599456787
1.9079999923706055
1.899999976158142
1.8226670026779175
1.7920000553131104
1.8493330478668213
1.7999999523162842
1.8140000104904175
1.8453329801559448
1.8673330545425415
1.972000002861023
1.9813330173492432
1.9739999771118164
2.0
1.9800000190734863
2.058666944503784
2.0886669158935547
2.126667022705078
2.119999885559082
2.134000062942505
2.1933329105377197
2.1513330936431885
2.1373329162597656
2.25266695022583
2.2939999103546143
2.3006670475006104
2.3313329219818115
2.324666976928711
2.314666986465454
2.3313329219818115
2.301332950592041
2.266666889190674
2.2960000038146973
2.2746670246124268
2.299999952316284
2.299999952316284
2.293333053588867
2.2186670303344727
2.2206668853759766
2.2326669692993164
2.3540000915527344
2.419332981109619
2.439332962036133
2.4000000953674316
2.365333080291748
2.392667055130005
2.3546669483184814
2.3466670513153076
2.353332996368408
2.3433330059051514
2.308666944503784
2.5393331050872803
2.663332939147949
2.562666893005371
2.5460000038146973
2.5293331146240234
2.5313329696655273
2.564666986465454
2.365999937057495
2.3626670837402344
2.2860000133514404
2.256666898727417
2.2193329334259033
2.2986669540405273
2.2693328857421875
2.24666690826416
2.204667091369629
2.183332920074463
2.2286670207977295
2.248667001724243
2.197999954223633
2.146667003631592
2.1993329524993896
2.2346670627593994
2.242000102996826
2.2239999771118164
2.2806670665740967
2.2926669120788574
2.266666889190674
2.1640000343322754
2.171999931335449
2.181999921798706
2.051332950592041
2.312000036239624
2.22933292388916
2.1419999599456787
2.063999891281128
2.01200008392334
1.9859999418258667
1.897333025932312
1.9506670236587524
2.0893330574035645
2.069999933242798
2.0833330154418945
2.0273330211639404
2.128667116165161
2.0946669578552246
2.0193328857421875
1.944000005722046
1.8940000534057617
1.8926670551300049
1.963333010673523
1.9913330078125
2.012666940689087
2.066667079925537
1.9893330335617065
2.0426669120788574
2.043333053588867
1.9966670274734497
2.1553330421447754
2.177333116531372
2.299999952316284
2.2853329181671143
2.2653329372406006
2.2746670246124268
2.1566669940948486
2.163332939147949
2.140666961669922
2.186666965484619
2.119999885559082
2.066667079925537
2.111332893371582
2.115333080291748
2.121999979019165
2.1653330326080322
2.111999988555908
2.200666904449463
2.293333053588867
2.4000000953674316
2.3473329544067383
2.2446670532226562
2.2100000381469727
2.1500000953674316
2.086667060852051
2.069333076477051
1.9986670017242432
2.0
1.9773329496383667
2.016666889190674
1.8646670579910278
1.8660000562667847
1.7899999618530273
1.8366669416427612
1.9133330583572388
2.059999942779541
2.0
2.0
1.996000051498413
2.086667060852051
2.078000068664551
1.9800000190734863
2.0260000228881836
2.047333002090454
2.0260000228881836
2.0
2.00266695022583
2.0566670894622803
2.0160000324249268
1.9800000190734863
1.9586670398712158
1.9093329906463623
1.9160000085830688
1.9226670265197754
1.9326670169830322
1.899999976158142
1.9266669750213623
1.9713330268859863
1.9566669464111328
1.8773330450057983
1.9053330421447754
1.9666670560836792
2.043333053588867
2.185333013534546
2.126667022705078
2.115999937057495
2.0999999046325684
2.0993330478668213
2.068666934967041
1.9653329849243164
1.8933329582214355
1.9026670455932617
1.9926669597625732
1.9926669597625732
1.9926669597625732
1.9966670274734497
2.006666898727417
1.987333059310913
1.9600000381469727
1.9413330554962158
1.914667010307312
1.9320000410079956
1.9153330326080322
1.8700000047683716
1.8726669549942017
1.9226670265197754
1.9326670169830322
1.8799999952316284
1.8666670322418213
1.9040000438690186
1.901332974433899
1.8533329963684082
1.8533329963684082
1.8899999856948853
1.965999960899353
1.9700000286102295
2.105333089828491
2.0799999237060547
2.136667013168335
2.125333070755005
2.062000036239624
2.0946669578552246
2.1333329677581787
2.1413331031799316
2.0959999561309814
2.1333329677581787
2.2166669368743896
2.206666946411133
2.231333017349243
2.188667058944702
2.1533329486846924
2.177333116531372
2.2860000133514404
2.266666889190674
2.2853329181671143
2.3333330154418945
2.319999933242798
2.2793331146240234
2.319999933242798
2.299333095550537
2.319999933242798
2.3666670322418213
2.386667013168335
2.353332996368408
2.293333053588867
2.299999952316284
2.3380000591278076
2.3506669998168945
2.319333076477051
2.2780001163482666
2.2899999618530273
2.299999952316284
2.260667085647583
2.243333101272583
2.26466703414917
2.363332986831665
2.363332986831665
2.319999933242798
2.319999933242798
2.299999952316284
2.2793331146240234
2.2660000324249268
2.2693328857421875
2.2253329753875732
2.2833330631256104
2.2820000648498535
2.3233330249786377
2.318666934967041
2.369999885559082
2.4159998893737793
2.51466703414917
2.50266695022583
2.580667018890381
2.562666893005371
2.5333330631256104
2.5246670246124268
2.566667079925537
2.561332941055298
2.576667070388794
2.625999927520752
2.6453330516815186
2.6666669845581055
2.609999895095825
2.5913329124450684
2.5999999046325684
2.5833330154418945
2.5673329830169678
2.619333028793335
2.6433329582214355
2.4926669597625732
2.4260001182556152
2.450000047683716
2.330667018890381
2.3606669902801514
2.4066669940948486
2.3386669158935547
2.388667106628418
2.4613330364227295
2.5253329277038574
2.576667070388794
2.629333019256592
2.629333019256592
2.625333070755005
2.632667064666748
2.5940001010894775
2.4433329105377197
2.4040000438690186
2.373332977294922
2.4046669006347656
2.4706668853759766
2.4533329010009766
2.568000078201294
2.5480000972747803
2.558666944503784
2.549333095550537
3.111999988555908
3.0333330631256104
2.8980000019073486
2.816667079925537
2.799999952316284
2.836667060852051
2.7886669635772705
2.8006670475006104
2.9700000286102295
3.0093328952789307
2.9200000762939453
3.0759999752044678
3.063333034515381
3.173332929611206
3.3253331184387207
3.3466670513153076
3.5280001163482666
3.4033329486846924
3.493333101272583
3.582667112350464
3.6659998893737793
3.878667116165161
3.7326669692993164
3.6846671104431152
3.76466703414917
3.9773330688476562
4.1579999923706055
3.880000114440918
5.051332950592041
5.400000095367432
5.866666793823242
6.474667072296143
5.791999816894531
6.3333330154418945
6.296000003814697
6.1666669845581055
5.999332904815674
6.064000129699707
6.200666904449463
6.53000020980835
7.383333206176758
7.659999847412109
7.302667140960693
7.0960001945495605
6.507999897003174
6.427999973297119
6.531332969665527
6.618000030517578
6.860000133514404
6.834667205810547
6.578667163848877
6.698667049407959
6.618667125701904
6.834667205810547
6.983333110809326
6.932000160217285
7.111332893371582
7.142000198364258
6.913332939147949
6.857999801635742
6.946667194366455
7.058000087738037
7.349999904632568
7.296000003814697
7.851333141326904
8.12600040435791
7.949999809265137
8.018667221069336
8.145333290100098
8.354666709899902
8.216667175292969
8.406000137329102
8.662667274475098
8.883999824523926
8.421333312988281
8.107999801635742
8.182000160217285
8.036666870117188
8.445332527160645
8.370667457580566
8.300000190734863
8.316666603088379
8.711999893188477
9.024666786193848
9.166000366210938
8.998000144958496
9.101332664489746
9.216667175292969
9.659333229064941
9.715332984924316
9.463333129882812
10.592000007629395
10.396666526794434
10.033332824707031
9.989333152770996
9.656000137329102
9.573332786560059
9.593999862670898
9.825332641601562
9.985333442687988
10.02066707611084
10.498666763305664
10.819999694824219
11.533332824707031
11.25333309173584
11.433333396911621
11.183333396911621
11.280667304992676
11.579999923706055
11.441332817077637
11.433333396911621
11.313332557678223
10.966667175292969
11.166666984558105
11.19333267211914
11.11733341217041
11.091333389282227
11.390000343322754
11.227999687194824
11.16333293914795
12.031332969665527
12.388667106628418
12.36533260345459
12.330666542053223
12.420000076293945
12.645333290100098
12.751999855041504
12.966667175292969
12.9486665725708
12.788666725158691
11.97933292388916
12.078666687011719
12.4486665725708
12.395333290100098
11.666000366210938
11.716667175292969
11.952667236328125
12.166666984558105
12.586000442504883
12.486666679382324
12.319999694824219
12.397333145141602
12.22599983215332
11.85200023651123
11.454000473022461
11.633333206176758
11.633333206176758
11.366666793823242
11.029999732971191
11.178667068481445
10.829333305358887
11.0600004196167
11.692667007446289
12.095333099365234
10.715332984924316
9.710000038146973
9.373332977294922
9.694666862487793
9.646666526794434
9.4913330078125
9.359999656677246
9.196666717529297
9.029999732971191
8.600000381469727
8.49666690826416
8.31933307647705
8.183333396911621
8.38933277130127
8.1813325881958
8.463333129882812
8.706000328063965
8.569999694824219
9.662667274475098
9.628666877746582
9.55666732788086
9.499333381652832
9.446666717529297
9.724666595458984
9.536666870117188
9.88266658782959
10.119999885559082
10.028667449951172
10.308667182922363
10.326666831970215
9.800000190734863
9.623332977294922
9.749333381652832
10.33133316040039
10.533332824707031
10.366666793823242
10.320667266845703
10.213333129882812
10.165332794189453
10.145999908447266
10.026666641235352
10.026666641235352
10.24666690826416
10.228667259216309
9.926667213439941
9.800000190734863
10.800000190734863
11.482000350952148
11.513333320617676
11.546667098999023
11.81933307647705
12.021332740783691
12.158666610717773
12.031999588012695
11.861332893371582
11.932000160217285
11.939332962036133
12.3186674118042
12.399999618530273
12.325332641601562
12.106666564941406
12.03933334350586
12.007332801818848
12.442000389099121
13.286666870117188
13.479999542236328
13.218000411987305
13.514666557312012
13.458666801452637
13.733332633972168
13.579999923706055
14.347332954406738
14.26533317565918
14.557332992553711
17.280000686645508
17.666667938232422
17.459999084472656
16.845333099365234
16.77666664123535
17.333332061767578
17.132667541503906
17.166667938232422
16.989999771118164
16.200000762939453
16.30666732788086
16.5
16.279333114624023
15.795999526977539
15.862000465393066
16.100000381469727
16.10333251953125
15.949999809265137
15.74666690826416
15.326666831970215
15.136667251586914
14.84000015258789
14.239999771118164
14.447999954223633
14.449999809265137
14.543999671936035
15.392666816711426
15.715332984924316
15.218000411987305
14.41333293914795
14.432666778564453
14.563332557678223
14.5
13.800000190734863
13.895999908447266
13.28600025177002
13.332667350769043
13.486000061035156
13.74666690826416
14.621999740600586
14.449333190917969
14.186667442321777
13.779999732971191
13.586000442504883
13.8100004196167
13.87733268737793
14.267999649047852
14.090666770935059
14.512666702270508
14.577333450317383
14.013333320617676
12.960000038146973
12.226667404174805
12.47933292388916
12.755999565124512
12.898667335510254
12.843999862670898
12.802666664123535
13.12600040435791
13.288666725158691
13.324666976928711
13.791999816894531
13.850666999816895
14.258000373840332
14.184666633605957
14.166000366210938
14.319999694824219
13.956666946411133
13.866666793823242
13.750666618347168
13.946666717529297
14.053999900817871
13.999333381652832
13.79800033569336
13.666666984558105
13.991999626159668
13.78600025177002
15.03266716003418
15.702667236328125
15.447333335876465
15.687333106994629
15.419333457946777
15.932666778564453
16.125333786010742
15.83666706085205
16.02666664123535
16.0
16.299333572387695
16.229333877563477
16.155332565307617
15.460000038146973
15.3186674118042
14.730667114257812
14.947999954223633
14.814666748046875
14.773332595825195
15.252667427062988
15.176667213439941
14.986666679382324
14.703332901000977
14.747332572937012
14.880666732788086
14.886667251586914
14.983332633972168
15.006667137145996
15.131333351135254
15.466667175292969
15.220000267028809
15.30666732788086
15.426667213439941
15.833333015441895
16.03333282470703
16.19933319091797
16.761333465576172
17.112667083740234
16.784000396728516
17.582666397094727
17.35333251953125
17.709333419799805
17.53333282470703
17.472667694091797
17.817333221435547
17.288667678833008
17.249332427978516
17.253332138061523
17.1299991607666
17.57866668701172
17.700000762939453
17.615999221801758
17.631999969482422
18.133333206176758
18.992666244506836
19.200000762939453
19.42799949645996
18.860000610351562
18.992000579833984
19.03266716003418
18.76066780090332
18.986000061035156
18.826000213623047
18.293333053588867
17.497333526611328
17.64666748046875
17.706666946411133
17.428667068481445
17.06800079345703
16.920000076293945
16.856000900268555
16.997333526611328
16.648666381835938
16.576000213623047
16.510000228881836
16.17733383178711
16.8526668548584
17.100000381469727
17.499332427978516
17.430667877197266
17.525333404541016
17.702667236328125
16.392667770385742
15.93066692352295
15.498000144958496
15.399333000183105
15.32800006866455
15.65133285522461
15.493332862854004
15.692667007446289
15.826000213623047
15.751999855041504
15.853333473205566
15.640666961669922
16.30666732788086
16.100000381469727
16.03333282470703
16.20800018310547
16.503999710083008
16.156667709350586
16.090667724609375
16.445999145507812
16.189332962036133
16.191999435424805
16.788000106811523
16.82266616821289
17.049999237060547
17.25666618347168
17.266666412353516
17.332666397094727
16.79199981689453
16.728666305541992
16.851999282836914
16.50666618347168
16.648000717163086
16.600000381469727
16.445999145507812
16.1646671295166
15.658666610717773
15.314666748046875
15.393333435058594
15.292667388916016
14.990667343139648
14.51533317565918
14.451333045959473
14.362000465393066
14.112000465393066
13.986666679382324
13.578666687011719
13.776666641235352
14.562666893005371
14.69333267211914
14.937333106994629
14.954667091369629
14.833333015441895
15.233332633972168
15.194000244140625
15.043333053588867
15.045332908630371
14.883333206176758
14.433333396911621
14.279999732971191
14.3186674118042
14.25333309173584
13.998666763305664
13.631333351135254
13.840666770935059
13.013333320617676
13.050000190734863
12.965999603271484
12.941332817077637
13.245332717895508
13.549332618713379
13.566666603088379
13.907999992370605
13.868666648864746
13.758000373840332
13.732000350952148
13.83133316040039
14.130000114440918
14.691332817077637
14.76533317565918
15.031999588012695
14.893333435058594
14.528667449951172
14.699999809265137
14.315999984741211
13.53933334350586
13.732666969299316
13.713333129882812
13.744667053222656
14.162667274475098
14.506667137145996
14.546667098999023
13.81933307647705
13.809332847595215
14.072667121887207
13.903332710266113
13.555999755859375
13.349332809448242
13.501333236694336
13.746000289916992
13.383333206176758
12.965999603271484
12.899999618530273
13.078666687011719
12.963333129882812
12.783332824707031
13.060667037963867
13.247332572937012
13.392000198364258
13.63933277130127
13.265999794006348
13.366666793823242
13.586000442504883
13.239333152770996
12.986000061035156
12.619333267211914
12.816666603088379
12.917332649230957
12.819999694824219
12.881999969482422
13.850000381469727
13.670666694641113
14.0600004196167
14.024666786193848
14.109999656677246
14.199999809265137
13.965999603271484
13.97266674041748
13.944666862487793
13.791999816894531
13.856666564941406
14.050000190734863
14.791999816894531
14.76533317565918
14.720000267028809
15.916666984558105
15.699999809265137
15.664667129516602
15.526000022888184
15.451333045959473
15.648667335510254
15.966667175292969
15.631333351135254
15.831999778747559
15.894000053405762
16.191999435424805
16.42333221435547
16.553333282470703
16.326000213623047
16.626667022705078
16.65999984741211
16.733333587646484
16.516000747680664
16.441333770751953
16.573333740234375
16.799999237060547
16.633333206176758
16.786666870117188
16.857999801635742
16.773332595825195
16.626667022705078
16.71466636657715
16.6200008392334
16.64666748046875
17.25
17.182666778564453
16.933332443237305
16.95800018310547
16.8973331451416
16.75200080871582
16.895999908447266
17.624000549316406
17.56399917602539
17.586666107177734
17.626667022705078
17.866666793823242
17.823333740234375
18.0939998626709
17.94066619873047
17.729999542236328
18.06133270263672
18.174667358398438
18.829999923706055
18.779333114624023
18.34666633605957
17.386667251586914
17.530000686645508
17.53333282470703
17.503332138061523
17.732667922973633
17.832666397094727
17.81333351135254
18.369333267211914
19.110000610351562
18.233333587646484
17.96266746520996
17.99333381652832
18.07266616821289
17.6286678314209
17.69333267211914
17.859333038330078
17.79599952697754
17.957332611083984
17.78066635131836
17.781333923339844
18.066667556762695
17.0
16.248666763305664
16.197999954223633
15.953332901000977
15.98466682434082
16.43199920654297
16.528667449951172
17.106000900268555
17.39666748046875
17.376667022705078
16.970666885375977
16.253332138061523
15.426667213439941
15.393333435058594
15.199999809265137
16.316667556762695
16.76333236694336
16.996667861938477
16.399999618530273
16.525333404541016
16.80533218383789
16.272666931152344
16.610666275024414
16.950000762939453
16.71466636657715
16.682666778564453
16.950000762939453
16.97333335876465
17.525333404541016
17.700000762939453
17.58799934387207
18.10466766357422
17.510000228881836
17.472000122070312
17.56333351135254
17.79400062561035
17.319332122802734
16.98200035095215
16.82666778564453
16.566667556762695
16.51333236694336
16.6560001373291
16.20199966430664
15.846667289733887
15.381333351135254
14.958000183105469
14.866666793823242
14.834667205810547
14.729999542236328
14.781999588012695
15.36533260345459
15.40999984741211
15.239999771118164
14.320667266845703
14.383333206176758
14.356666564941406
14.392000198364258
14.473333358764648
14.229999542236328
14.25
14.108667373657227
14.386667251586914
14.295999526977539
15.515999794006348
15.638667106628418
15.557332992553711
15.53266716003418
14.91333293914795
14.631999969482422
14.600000381469727
14.199333190917969
14.331999778747559
14.399999618530273
14.7586669921875
15.079333305358887
15.0
14.612000465393066
14.733332633972168
15.388667106628418
15.483332633972168
15.618666648864746
15.866666793823242
15.90666675567627
15.829999923706055
15.5513334274292
15.708666801452637
15.25333309173584
15.166666984558105
15.232666969299316
15.050000190734863
14.727999687194824
14.814666748046875
15.658666610717773
15.850666999816895
15.726667404174805
15.722000122070312
15.770000457763672
15.563332557678223
15.458666801452637
15.465332984924316
15.847999572753906
16.242000579833984
16.229999542236328
15.425333023071289
15.12600040435791
14.670000076293945
14.562666893005371
14.696000099182129
14.296667098999023
14.249333381652832
14.176667213439941
14.0
13.671333312988281
14.031332969665527
13.41866683959961
13.548666954040527
13.699999809265137
13.571332931518555
13.187999725341797
12.883999824523926
12.751999855041504
12.916000366210938
13.3013334274292
12.874667167663574
12.262666702270508
11.732000350952148
11.533332824707031
10.476667404174805
10.652667045593262
10.33133316040039
10.883999824523926
10.46733283996582
10.863332748413086
11.28933334350586
11.529999732971191
11.166000366210938
11.927332878112793
12.11533260345459
11.966667175292969
12.567999839782715
12.800000190734863
13.09000015258789
13.063332557678223
12.567999839782715
13.161333084106445
13.60200023651123
13.979999542236328
13.833333015441895
13.958000183105469
14.219332695007324
13.961333274841309
14.447999954223633
14.597999572753906
14.838666915893555
15.233332633972168
15.631999969482422
15.991999626159668
15.932666778564453
15.648667335510254
15.259332656860352
15.654000282287598
15.491999626159668
15.699999809265137
15.82800006866455
16.52666664123535
16.808000564575195
17.104000091552734
17.849332809448242
17.95599937438965
17.38800048828125
17.266000747680664
16.786666870117188
17.03333282470703
17.12266731262207
16.97333335876465
17.220666885375977
16.95800018310547
16.910667419433594
16.726667404174805
16.933332443237305
17.158666610717773
17.048667907714844
17.0
16.89533233642578
16.562000274658203
16.21266746520996
15.927332878112793
15.630666732788086
15.242667198181152
14.424667358398438
14.40999984741211
13.964667320251465
14.36533260345459
14.111332893371582
14.079999923706055
14.210000038146973
13.98799991607666
14.354000091552734
14.452667236328125
14.703332901000977
14.84000015258789
14.582667350769043
14.757332801818848
15.017333030700684
15.062000274658203
14.983332633972168
14.826666831970215
14.660667419433594
14.795999526977539
14.726667404174805
15.629332542419434
16.05666732788086
15.688667297363281
15.197999954223633
15.0513334274292
14.813332557678223
14.793333053588867
14.53600025177002
14.666000366210938
14.916666984558105
14.838000297546387
13.729999542236328
13.170000076293945
13.008000373840332
13.253999710083008
13.603333473205566
14.118666648864746
14.233332633972168
14.549332618713379
14.302666664123535
14.34866714477539
14.541333198547363
14.654000282287598
15.118666648864746
15.166666984558105
15.03933334350586
14.996000289916992
14.850000381469727
15.13933277130127
15.273332595825195
15.319999694824219
15.1899995803833
14.966667175292969
15.425999641418457
15.333333015441895
15.557332992553711
15.383999824523926
15.685333251953125
15.775333404541016
15.324666976928711
15.313332557678223
15.390666961669922
15.466667175292969
15.30666732788086
15.435999870300293
15.324666976928711
15.171333312988281
15.109999656677246
15.300000190734863
15.145999908447266
14.988666534423828
15.043999671936035
15.011333465576172
15.007332801818848
15.232666969299316
15.143333435058594
14.920000076293945
14.857333183288574
14.69333267211914
14.407333374023438
14.173333168029785
14.073332786560059
13.546667098999023
13.550000190734863
13.766667366027832
13.326000213623047
13.32800006866455
13.424667358398438
13.232666969299316
13.194666862487793
13.501333236694336
13.713333129882812
13.961999893188477
13.850000381469727
13.800000190734863
13.8186674118042
14.01200008392334
14.066666603088379
13.998666763305664
13.883333206176758
13.821999549865723
13.665332794189453
14.378000259399414
14.221332550048828
14.210000038146973
13.61400032043457
13.421333312988281
13.609333038330078
13.479999542236328
13.592000007629395
13.393333435058594
13.428667068481445
13.22599983215332
13.29800033569336
13.77733325958252
13.533332824707031
13.437999725341797
13.596667289733887
13.645999908447266
13.545999526977539
14.24666690826416
13.687999725341797
13.499333381652832
13.233332633972168
12.846667289733887
12.764666557312012
12.897333145141602
12.952667236328125
13.166000366210938
12.800000190734863
12.77400016784668
12.592000007629395
12.550000190734863
12.428667068481445
12.315333366394043
12.63266658782959
12.866666793823242
12.592666625976562
12.764666557312012
13.042667388916016
13.149333000183105
13.289999961853027
13.11533260345459
12.792667388916016
12.5686674118042
12.325332641601562
12.592666625976562
12.438667297363281
12.893333435058594
12.833333015441895
12.922666549682617
12.961333274841309
13.41866683959961
13.533332824707031
13.38266658782959
13.505999565124512
13.630000114440918
13.933333396911621
14.148667335510254
13.999333381652832
14.229999542236328
14.816666603088379
14.920000076293945
14.613332748413086
14.5
14.688667297363281
15.199999809265137
15.165332794189453
15.354000091552734
15.461333274841309
15.466667175292969
15.331999778747559
15.380000114440918
15.856666564941406
15.997332572937012
15.980667114257812
16.57866668701172
16.399999618530273
16.72599983215332
16.98666763305664
17.230667114257812
17.049333572387695
16.866666793823242
17.019332885742188
17.05933380126953
16.8799991607666
16.827999114990234
16.812000274658203
17.187999725341797
17.333332061767578
17.55733299255371
18.07866668701172
18.06333351135254
18.71933364868164
19.159332275390625
18.81599998474121
18.666667938232422
18.19266700744629
18.760000228881836
18.89666748046875
17.643999099731445
17.21666717529297
16.55733299255371
16.733333587646484
16.989999771118164
16.885332107543945
16.793333053588867
16.780000686645508
16.926000595092773
16.67133331298828
16.577333450317383
16.433332443237305
16.456666946411133
17.20800018310547
17.399999618530273
17.71666717529297
17.68866729736328
17.636667251586914
17.65333366394043
17.004667282104492
17.17799949645996
17.592666625976562
18.038000106811523
18.711999893188477
18.639999389648438
18.799999237060547
18.64533233642578
19.933332443237305
20.320667266845703
20.325332641601562
20.12933349609375
20.179332733154297
20.915332794189453
20.898000717163086
20.56333351135254
20.492666244506836
20.266666412353516
20.055999755859375
20.441333770751953
20.610000610351562
20.426666259765625
20.703332901000977
20.93199920654297
20.96666717529297
20.87266731262207
20.98666763305664
21.816667556762695
21.8439998626709
21.435333251953125
20.51799964904785
20.56999969482422
20.91933250427246
21.465999603271484
21.700000762939453
21.733333587646484
21.799999237060547
21.34666633605957
21.33733367919922
20.975332260131836
20.929332733154297
21.100000381469727
20.95800018310547
20.715333938598633
20.733333587646484
21.131332397460938
21.69933319091797
22.41866683959961
22.859333038330078
22.992000579833984
22.858667373657227
23.229333877563477
23.965999603271484
24.03333282470703
24.793333053588867
25.124666213989258
24.299999237060547
25.066667556762695
25.616666793823242
25.03066635131836
25.200666427612305
25.113332748413086
25.2586669921875
25.132667541503906
25.666667938232422
25.799333572387695
25.796667098999023
25.093332290649414
24.78266716003418
24.733333587646484
24.451332092285156
24.75666618347168
23.14933204650879
21.38599967956543
21.133333206176758
21.195999145507812
21.818666458129883
22.206666946411133
22.106666564941406
21.89466667175293
21.80666732788086
21.941999435424805
22.110000610351562
22.014667510986328
22.083999633789062
22.893333435058594
23.040000915527344
23.03333282470703
23.166667938232422
22.639999389648438
22.766000747680664
21.6299991607666
21.808000564575195
23.333332061767578
23.81800079345703
23.965333938598633
24.57200050354004
24.666667938232422
24.44333267211914
24.083999633789062
24.51066780090332
24.365999221801758
24.433332443237305
24.219999313354492
23.600000381469727
23.05466651916504
22.81599998474121
23.56599998474121
23.777332305908203
23.71266746520996
23.156667709350586
23.270000457763672
23.564666748046875
23.895999908447266
23.839332580566406
23.69933319091797
23.398666381835938
23.498666763305664
23.318666458129883
24.247333526611328
24.583999633789062
24.538000106811523
25.19733238220215
25.333332061767578
25.974000930786133
25.492666244506836
25.21666717529297
25.121999740600586
24.65999984741211
23.83133316040039
23.416000366210938
23.432666778564453
22.850000381469727
22.978666305541992
22.913333892822266
23.23666763305664
23.908000946044922
23.82933235168457
24.00666618347168
23.450000762939453
23.708667755126953
23.84000015258789
23.985332489013672
23.89933204650879
23.631999969482422
23.74799919128418
24.200000762939453
23.809999465942383
23.636667251586914
23.329999923706055
22.85333251953125
22.5
22.01533317565918
21.639333724975586
21.5853328704834
22.1299991607666
22.173999786376953
20.57933235168457
20.416667938232422
20.5
20.433332443237305
20.459333419799805
20.297332763671875
20.55733299255371
21.1200008392334
21.09000015258789
20.832666397094727
21.209333419799805
21.777999877929688
21.03333282470703
21.215333938598633
21.161333084106445
21.0939998626709
21.1560001373291
21.333332061767578
21.200000762939453
20.713333129882812
20.687999725341797
20.551332473754883
20.53333282470703
20.892667770385742
21.242000579833984
21.131999969482422
21.93400001525879
22.762666702270508
22.947999954223633
23.16266632080078
22.926666259765625
23.115333557128906
22.766000747680664
22.206666946411133
22.249332427978516
22.06133270263672
21.59600067138672
21.178667068481445
21.05466651916504
21.0939998626709
21.474000930786133
21.683332443237305
21.23666763305664
21.14933204650879
22.468000411987305
22.586666107177734
22.46666717529297
22.987333297729492
22.694000244140625
23.0
23.266666412353516
23.48666763305664
23.37266731262207
23.85533332824707
24.03333282470703
23.649999618530273
23.280000686645508
22.933332443237305
23.389999389648438
23.218000411987305
23.746000289916992
23.977333068847656
23.463333129882812
22.96466636657715
22.4146671295166
23.066667556762695
23.2413330078125
21.398666381835938
21.205333709716797
21.612667083740234
21.744667053222656
22.274667739868164
22.874666213989258
22.722667694091797
22.645999908447266
23.16266632080078
23.666000366210938
23.933332443237305
23.999332427978516
23.682666778564453
23.244667053222656
22.347999572753906
22.516666412353516
22.424667358398438
22.166667938232422
22.219999313354492
21.89933204650879
23.1473331451416
23.1473331451416
22.65399932861328
22.190000534057617
21.82666778564453
21.383333206176758
21.083332061767578
21.496000289916992
21.254667282104492
20.75
20.506000518798828
20.284666061401367
17.91200065612793
18.06399917602539
17.35533332824707
18.22333335876465
19.224666595458984
20.417333602905273
20.618667602539062
20.633333206176758
20.47333335876465
20.59866714477539
20.26333236694336
20.26333236694336
19.977333068847656
19.47800064086914
20.016000747680664
20.067333221435547
19.998666763305664
19.441333770751953
19.139333724975586
19.01066780090332
19.05266761779785
19.631332397460938
19.915332794189453
20.05466651916504
20.456666946411133
19.202667236328125
19.790666580200195
20.3973331451416
20.516666412353516
20.46733283996582
20.865999221801758
20.591999053955078
20.32933235168457
19.130666732788086
19.253999710083008
19.279333114624023
18.976667404174805
19.432666778564453
19.200000762939453
18.660667419433594
18.74066734313965
18.642667770385742
19.100000381469727
19.667333602905273
19.357999801635742
19.463333129882812
19.933332443237305
19.85333251953125
21.47800064086914
22.0
21.631999969482422
22.310667037963867
23.6646671295166
23.14666748046875
23.916667938232422
24.31133270263672
24.915332794189453
24.666667938232422
24.29199981689453
24.413999557495117
23.483333587646484
22.564666748046875
22.90333366394043
23.38599967956543
23.801332473754883
23.590667724609375
24.318666458129883
22.166000366210938
20.959333419799805
20.80466651916504
21.23466682434082
21.845333099365234
21.46266746520996
21.548667907714844
21.30533218383789
21.01066780090332
21.64933204650879
21.700000762939453
21.569332122802734
21.549333572387695
20.366666793823242
20.514667510986328
20.641332626342773
20.713333129882812
20.512666702270508
19.739999771118164
19.88800048828125
20.200000762939453
23.332666397094727
23.666667938232422
23.665332794189453
25.83066749572754
25.50933265686035
24.46733283996582
24.0
24.21266746520996
23.946666717529297
22.965999603271484
22.818666458129883
21.784666061401367
20.566667556762695
21.652666091918945
21.591999053955078
21.821332931518555
21.59000015258789
21.496000289916992
21.2586669921875
20.790000915527344
20.30666732788086
20.354000091552734
19.87933349609375
19.118667602539062
19.411333084106445
17.889999389648438
19.068666458129883
18.799999237060547
19.5
19.666667938232422
19.82200050354004
20.058000564575195
20.176000595092773
20.0
20.398666381835938
20.038667678833008
20.200000762939453
20.30666732788086
20.926000595092773
20.997333526611328
18.53333282470703
20.762666702270508
21.12266731262207
20.30666732788086
19.600000381469727
18.325332641601562
17.85066795349121
17.784666061401367
17.700666427612305
17.483333587646484
17.465999603271484
17.552000045776367
18.492000579833984
18.84666633605957
18.066667556762695
17.977333068847656
17.457332611083984
19.86199951171875
20.29599952697754
21.399999618530273
22.65999984741211
23.143999099731445
22.52666664123535
22.799999237060547
23.189332962036133
23.280000686645508
22.930667877197266
23.253332138061523
23.41200065612793
23.838666915893555
23.600000381469727
23.318666458129883
22.979999542236328
23.140666961669922
23.238666534423828
23.713333129882812
24.450000762939453
23.31999969482422
23.540000915527344
22.5
23.08133316040039
23.130666732788086
23.218666076660156
23.166667938232422
23.440000534057617
24.399999618530273
24.57866668701172
24.492000579833984
25.299333572387695
24.398666381835938
24.81133270263672
24.79400062561035
25.16266632080078
25.191333770751953
24.3799991607666
23.43666648864746
23.134000778198242
22.019332885742188
21.564666748046875
20.96666717529297
21.79800033569336
21.47800064086914
22.416000366210938
22.61400032043457
21.0086669921875
20.626667022705078
21.200000762939453
22.44933319091797
22.93400001525879
22.899999618530273
23.025999069213867
23.227333068847656
22.833332061767578
23.253332138061523
23.46666717529297
23.433332443237305
21.808666229248047
20.53333282470703
19.633333206176758
19.57866668701172
19.90133285522461
19.83066749572754
19.90399932861328
20.600000381469727
20.770666122436523
21.073333740234375
21.020000457763672
21.496000289916992
21.615999221801758
20.979999542236328
20.496667861938477
21.239999771118164
21.21266746520996
20.850000381469727
20.451332092285156
20.53333282470703
20.769332885742188
20.420000076293945
20.215999603271484
19.766666412353516
20.19333267211914
20.134000778198242
21.086666107177734
21.333332061767578
20.475332260131836
19.933332443237305
18.933332443237305
18.767332077026367
18.979999542236328
19.03933334350586
19.41866683959961
19.204666137695312
19.465999603271484
19.69266700744629
18.9146671295166
18.536666870117188
18.219999313354492
18.33133316040039
18.43000030517578
18.18666648864746
17.545333862304688
18.017332077026367
18.357999801635742
18.68866729736328
18.67733383178711
19.280000686645508
19.29599952697754
19.744667053222656
18.079999923706055
18.406667709350586
18.743999481201172
18.333332061767578
18.558666229248047
18.03333282470703
18.1299991607666
17.92533302307129
18.333332061767578
18.319332122802734
18.32266616821289
17.978666305541992
17.706666946411133
17.687999725341797
17.266666412353516
16.44533348083496
16.26533317565918
16.28066635131836
16.0
16.475332260131836
17.107332229614258
17.22333335876465
17.1473331451416
16.706666946411133
16.245332717895508
16.132667541503906
15.498000144958496
15.633333206176758
15.496000289916992
15.399999618530273
14.815999984741211
13.733332633972168
13.826666831970215
13.595999717712402
13.29800033569336
13.331999778747559
13.0
12.826000213623047
12.817333221435547
12.661333084106445
12.445332527160645
12.932000160217285
13.41866683959961
14.066666603088379
14.055999755859375
14.462667465209961
14.726667404174805
14.892000198364258
14.326666831970215
14.44333267211914
15.133333206176758
15.649333000183105
15.184666633605957
15.126667022705078
14.812000274658203
15.057332992553711
15.022666931152344
15.148667335510254
14.859999656677246
15.011333465576172
15.539999961853027
15.276666641235352
16.10466766357422
15.696666717529297
15.483332633972168
15.399999618530273
15.929332733154297
16.100000381469727
16.358667373657227
16.961332321166992
16.902000427246094
17.220666885375977
17.049999237060547
17.33066749572754
17.476667404174805
17.365333557128906
17.738000869750977
15.633333206176758
15.350666999816895
15.72933292388916
16.224000930786133
16.44533348083496
16.30066680908203
15.751333236694336
15.424667358398438
15.5
15.571332931518555
15.986666679382324
15.93066692352295
15.718000411987305
15.733332633972168
15.433333396911621
14.77066707611084
14.815999984741211
15.188667297363281
15.272666931152344
14.881333351135254
15.026666641235352
14.744667053222656
14.334667205810547
14.58666706085205
14.483332633972168
14.893333435058594
15.496000289916992
15.263333320617676
15.230667114257812
15.319999694824219
15.309332847595215
15.583999633789062
15.702667236328125
16.544666290283203
16.899999618530273
16.56333351135254
16.495332717895508
16.373332977294922
16.544666290283203
16.529333114624023
16.463333129882812
16.345333099365234
16.132667541503906
15.26533317565918
16.220666885375977
16.58066749572754
16.26533317565918
16.39666748046875
16.309999465942383
15.631999969482422
15.652000427246094
15.904000282287598
16.262666702270508
16.48666763305664
16.618667602539062
16.738666534423828
17.23666763305664
17.333332061767578
17.47333335876465
17.652000427246094
17.520000457763672
17.299999237060547
17.222000122070312
17.076000213623047
20.32866668701172
22.0
22.722667694091797
21.6200008392334
21.252666473388672
21.266666412353516
21.09866714477539
21.46266746520996
21.567333221435547
21.781333923339844
22.766666412353516
22.497333526611328
23.279333114624023
23.357999801635742
23.755332946777344
23.589332580566406
23.520000457763672
23.543333053588867
23.999332427978516
24.079999923706055
24.055999755859375
22.733333587646484
22.971332550048828
22.366666793823242
22.261999130249023
22.083999633789062
22.42533302307129
22.527332305908203
22.52400016784668
22.294666290283203
22.590667724609375
22.963333129882812
23.381999969482422
23.812667846679688
24.182666778564453
24.347333908081055
25.573999404907227
25.700000762939453
26.347999572753906
27.123332977294922
27.53333282470703
28.134000778198242
28.364667892456055
28.898666381835938
29.020666122436523
28.600000381469727
28.086000442504883
28.713333129882812
30.266666412353516
30.104000091552734
31.441999435424805
33.232666015625
33.253334045410156
32.3293342590332
35.04199981689453
36.49399948120117
35.85599899291992
34.297332763671875
34.37799835205078
36.571998596191406
39.633331298828125
38.79999923706055
38.25733184814453
37.62933349609375
38.45399856567383
39.31999969482422
43.391998291015625
43.53333282470703
52.409332275390625
64.59933471679688
56.39866638183594
53.05533218383789
51.31666564941406
54.66600036621094
52.23400115966797
52.650001525878906
54.53333282470703
54.198001861572266
57.33333206176758
62.98533248901367
60.79999923706055
60.87066650390625
57.56666564941406
57.106666564941406
54.22066879272461
49.31800079345703
46.03466796875
49.5793342590332
53.798667907714844
51.10133361816406
49.71666717529297
47.133331298828125
44.20000076293945
44.53333282470703
43.571998596191406
39.633331298828125
40.50466537475586
32.9913330078125
31.456666946411133
26.99066734313965
30.133333206176758
31.799999237060547
29.46666717529297
34.24599838256836
37.133331298828125
37.33333206176758
35.0533332824707
34.44333267211914
36.19733428955078
34.26333236694336
32.95066833496094
34.36600112915039
34.733333587646484
37.66666793823242
37.14733123779297
38.345333099365234
43.46666717529297
49.45866775512695
50.20866775512695
50.630001068115234
51.663333892822266
51.03799819946289
50.22200012207031
48.93333435058594
48.93333435058594
48.71533203125
53.29933166503906
53.66666793823242
53.54666519165039
57.987998962402344
51.518001556396484
50.79999923706055
53.26133346557617
52.6533317565918
53.09333419799805
54.93333435058594
54.93333435058594
56.21933364868164
55.06666564941406
53.557334899902344
53.66999816894531
55.64799880981445
54.80466842651367
55.06666564941406
55.5
55.45199966430664
55.63999938964844
55.180667877197266
54.983333587646484
55.66666793823242
59.93333435058594
60.57733154296875
59.862667083740234
59.71666717529297
59.10133361816406
63.33333206176758
63.62933349609375
68.49866485595703
67.9306640625
65.8653335571289
66.5893325805664
67.52532958984375
67.0
67.94667053222656
67.73133087158203
67.2586669921875
67.46666717529297
66.72533416748047
65.73200225830078
66.33333587646484
67.33333587646484
72.51266479492188
75.68866729736328
81.86666870117188
91.85266876220703
95.30000305175781
94.48400115966797
93.90399932861328
103.2613296508789
119.66600036621094
106.0
103.33333587646484
102.11399841308594
102.50066375732422
110.0
111.66666412353516
108.4280014038086
112.5999984741211
97.66666412353516
103.19599914550781
104.3133316040039
102.32066345214844
100.8826675415039
101.13666534423828
100.65399932861328
101.82733154296875
99.98933410644531
101.15399932861328
99.98332977294922
97.16666412353516
94.66666412353516
105.66666412353516
110.07866668701172
111.25333404541016
123.05733489990234
128.25999450683594
127.4000015258789
134.79933166503906
139.69932556152344
141.93333435058594
135.19667053222656
144.39999389648438
153.0399932861328
154.5659942626953
166.7133331298828
167.49667358398438
159.67999267578125
143.93333435058594
142.6666717529297
122.913330078125
123.0
132.99667358398438
127.5
140.0
153.97999572753906
152.59666442871094
145.92999267578125
150.3333282470703
151.89332580566406
145.9199981689453
137.38333129882812
133.1666717529297
136.2433319091797
142.69332885742188
142.8333282470703
144.64332580566406
149.6266632080078
146.3766632080078
144.54666137695312
142.92666625976562
143.3000030517578
146.3333282470703
144.8633270263672
149.5800018310547
149.6300048828125
155.3000030517578
152.19000244140625
151.98333740234375
149.0
143.9166717529297
144.31666564941406
148.41000366210938
140.9633331298828
141.9199981689453
143.5
139.53334045410156
139.35333251953125
135.8633270263672
135.66000366210938
142.58999633789062
145.13333129882812
146.6666717529297
145.52333068847656
150.8333282470703
140.02999877929688
139.56666564941406
141.0
137.50999450683594
137.48333740234375
154.0
165.3333282470703
169.5366668701172
167.5
175.3333282470703
186.663330078125
191.3333282470703
199.5933380126953
202.60000610351562
199.28334045410156
190.51333618164062
199.6566619873047
199.67999267578125
216.26333618164062
217.0933380126953
218.10667419433594
209.25
208.0
214.25
215.63333129882812
210.8333282470703
219.60667419433594
231.6666717529297
222.8333282470703
216.6266632080078
217.1666717529297
222.02999877929688
227.13333129882812
223.3000030517578
232.1999969482422
239.57333374023438
248.163330078125
246.94667053222656
258.0
272.3299865722656
294.8299865722656
284.80999755859375
289.3333435058594
286.8233337402344
287.6666564941406
286.6333312988281
283.3333435058594
286.5
285.239990234375
282.6666564941406
300.1333312988281
298.6333312988281
297.1666564941406
282.6666564941406
280.8033447265625
280.6666564941406
293.5
292.6933288574219
285.5
288.25665283203125
292.5899963378906
286.6000061035156
281.6066589355469
276.6266784667969
272.4433288574219
273.6666564941406
266.61334228515625
264.89666748046875
265.5966796875
256.1666564941406
237.8699951171875
248.3333282470703
245.73666381835938
235.56666564941406
239.6666717529297
240.3699951171875
233.56666564941406
222.81666564941406
209.27999877929688
206.7100067138672
226.02999877929688
239.28334045410156
234.1666717529297
231.6266632080078
237.72666931152344
235.97332763671875
234.57666015625
229.7433319091797
219.07666015625
233.2066650390625
225.93333435058594
222.67333984375
215.1666717529297
214.60667419433594
205.4933319091797
212.55332946777344
224.0
230.80667114257812
236.05332946777344
232.18333435058594
230.4600067138672
229.85000610351562
226.99000549316406
234.93333435058594
254.3333282470703
260.2633361816406
247.89666748046875
249.80332946777344
241.8000030517578
245.75
248.27999877929688
251.2566680908203
245.7866668701172
249.76666259765625
241.3333282470703
236.1666717529297
234.0833282470703
238.49000549316406
235.3333282470703
227.81666564941406
228.43333435058594
227.0066680908203
230.0
221.68333435058594
209.03334045410156
206.80332946777344
202.15333557128906
197.6233367919922
196.57666015625
198.75
188.73666381835938
196.28334045410156
198.89332580566406
204.82666015625
204.663330078125
208.72332763671875
210.3766632080078
211.8633270263672
211.26666259765625
207.7866668701172
201.51666259765625
200.20333862304688
203.3333282470703
207.69667053222656
203.92999267578125
205.52999877929688
204.18666076660156
208.49667358398438
205.59666442871094
202.8333282470703
207.1566619873047
209.4499969482422
210.4633331298828
209.52333068847656
219.06666564941406
232.5399932861328
231.27000427246094
231.56666564941406
229.1699981689453
230.93666076660156
229.3300018310547
233.3333282470703
228.0
221.89999389648438
218.14332580566406
219.6366729736328
229.0800018310547
231.0933380126953
226.20333862304688
222.04666137695312
218.89999389648438
215.73333740234375
220.79666137695312
221.6199951171875
220.72332763671875
216.26666259765625
222.73333740234375
222.1666717529297
218.32333374023438
227.89666748046875
232.50999450683594
242.31333923339844
240.88333129882812
241.63333129882812
240.31666564941406
238.77667236328125
239.67666625976562
238.8633270263672
238.39332580566406
240.93333435058594
243.3000030517578
236.5
224.86000061035156
231.92333984375
228.85000610351562
230.7100067138672
237.3766632080078
238.4066619873047
238.99000549316406
238.46665954589844
238.3333282470703
243.6666717529297
246.79666137695312
247.3300018310547
246.99000549316406
244.6666717529297
253.39999389648438
254.81666564941406
254.03334045410156
254.20333862304688
248.25999450683594
251.49000549316406
252.2866668701172
252.97000122070312
253.67999267578125
247.3333282470703
248.24667358398438
251.22332763671875
252.73333740234375
258.26666259765625
266.3333435058594
265.21331787109375
264.5
263.0433349609375
260.260009765625
268.989990234375
265.7699890136719
262.2200012207031
268.3333435058594
265.4599914550781
267.0799865722656
270.7733459472656
271.8033447265625
273.4166564941406
281.07000732421875
291.7533264160156
292.6499938964844
289.8299865722656
300.0
303.3333435058594
348.3399963378906
364.9800109863281
356.9599914550781
360.3333435058594
371.7366638183594
403.25
402.86334228515625
405.1300048828125
414.4966735839844
413.2900085449219
399.0
391.5
359.3666687011719
368.3233337402344
351.5
343.99334716796875
352.3999938964844
373.21331787109375
370.6666564941406
379.5733337402344
400.6499938964844
393.5
377.5899963378906
369.59332275390625
380.8900146484375
389.3333435058594
390.9466552734375
371.0
363.52667236328125
340.5466613769531
352.5566711425781
357.4599914550781
354.163330078125
340.32666015625
335.0
322.13665771484375
326.25
331.6600036621094
320.2200012207031
307.2300109863281
313.1666564941406
338.5533447265625
357.6600036621094
372.3333435058594
373.0
368.0
365.1833190917969
360.6666564941406
400.3566589355469
402.6666564941406
390.11334228515625
362.6666564941406
360.30999755859375
353.0333251953125
358.6166687011719
371.61334228515625
371.8666687011719
350.6666564941406
356.92999267578125
351.5566711425781
347.2200012207031
334.8500061035156
311.1700134277344
317.086669921875
329.2300109863281
311.7966613769531
285.8333435058594
312.663330078125
314.5666809082031
310.5
312.3333435058594
312.1666564941406
315.92333984375
308.7633361816406
315.42333984375
314.60333251953125
305.32000732421875
299.6266784667969
307.6666564941406
308.80999755859375
306.1666564941406
295.6233215332031
285.57666015625
278.4333190917969
267.49334716796875
273.1666564941406
292.28668212890625
296.6266784667969
295.49334716796875
295.4800109863281
285.2166748046875
288.71331787109375
283.3299865722656
286.85333251953125
284.8166809082031
281.26666259765625
266.8999938964844
268.5233459472656
280.6666564941406
291.6666564941406
302.6166687011719
314.2833251953125
332.6199951171875
346.8999938964844
341.4966735839844
340.6000061035156
365.9599914550781
371.5899963378906
371.3166809082031
367.71331787109375
364.9166564941406
383.3033447265625
384.2900085449219
359.6666564941406
358.86334228515625
349.4800109863281
336.15667724609375
340.39666748046875
342.0799865722656
337.57000732421875
338.3066711425781
344.9800109863281
344.6666564941406
364.0733337402344
344.95001220703125
336.2066650390625
333.3333435058594
306.0
300.0
311.4666748046875
302.1199951171875
308.02667236328125
318.5
315.20001220703125
296.0
281.8766784667969
275.1199951171875
269.92333984375
253.22000122070312
262.45001220703125
256.586669921875
254.82666015625
253.5
244.6666717529297
240.52667236328125
226.65333557128906
217.97332763671875
223.10667419433594
239.55667114257812
253.26666259765625
259.6000061035156
257.32666015625
264.2099914550781
247.79666137695312
244.86666870117188
239.99667358398438
249.9633331298828
255.54666137695312
239.5
226.63333129882812
226.3300018310547
235.663330078125
225.1666717529297
220.97000122070312
243.57666015625
246.8333282470703
239.31666564941406
246.06666564941406
252.07000732421875
249.97000122070312
231.17333984375
229.4566650390625
230.22999572753906
233.14666748046875
234.56333923339844
245.3633270263672
254.97999572753906
253.06333923339844
239.77333068847656
242.05999755859375
238.65333557128906
243.6233367919922
250.51666259765625
247.13999938964844
250.663330078125
273.26666259765625
280.78668212890625
274.14666748046875
267.30999755859375
275.9266662597656
283.29998779296875
298.32000732421875
311.8766784667969
307.8333435058594
309.54998779296875
313.6066589355469
304.6066589355469
305.20001220703125
292.39666748046875
297.510009765625
298.2366638183594
300.1600036621094
313.1333312988281
314.6666564941406
309.65667724609375
306.5
300.3599853515625
292.3999938964844
298.82666015625
303.64666748046875
302.9599914550781
302.0
287.739990234375
288.4800109863281
281.25
277.5799865722656
282.3500061035156
275.989990234375
283.8399963378906
289.5
299.8500061035156
305.489990234375
297.3999938964844
306.0
309.1199951171875
303.7099914550781
309.8399963378906
313.3299865722656
313.79998779296875
301.2900085449219
284.5
284.0899963378906
288.6700134277344
289.0
283.6499938964844
275.57000732421875
255.16000366210938
257.5
246.6699981689453
244.5800018310547
234.57000732421875
226.99000549316406
225.75
219.3000030517578
222.99000549316406
226.25999450683594
221.86000061035156
229.82000732421875
222.92999267578125
215.5500030517578
214.66000366210938
213.5
224.35000610351562
230.60000610351562
233.80999755859375
228.86000061035156
229.85000610351562
237.39999389648438
227.8699951171875
221.1999969482422
223.8000030517578
208.89999389648438
195.1999969482422
195.88999938964844
191.0
196.52000427246094
195.72999572753906
200.82000732421875
192.57000732421875
186.16000366210938
185.19000244140625
176.77000427246094
170.9199981689453
183.6199951171875
185.1999969482422
188.5
186.3800048828125
194.75999450683594
198.9199981689453
196.25
191.27000427246094
183.64999389648438
179.3800048828125
175.1999969482422
182.5
177.3699951171875
175.0500030517578
161.6199951171875
160.92999267578125
160.99000549316406
155.25
148.47000122070312
141.25999450683594
136.6300048828125
128.6199951171875
119.66999816894531
116.2699966430664
123.56999969482422
124.4800033569336
118.80000305175781
114.58999633789062
111.75
114.38999938964844
123.5199966430664
122.76000213623047
125.94999694824219
124.12999725341797
122.62999725341797
131.6999969482422
136.67999267578125
129.99000549316406
133.50999450683594
145.3800048828125
146.5
146.41000366210938
161.4199981689453
180.67999267578125
179.77000427246094
174.3000030517578
183.80999755859375
196.75
199.0
198.1699981689453
197.5
203.0
214.0
206.1999969482422
196.3000030517578
209.82000732421875
214.66000366210938
217.64999389648438
208.44000244140625
209.7100067138672
201.99000549316406
205.13999938964844
197.6699981689453
209.4199981689453
211.22999572753906
207.1999969482422
193.75
200.47999572753906
198.60000610351562
194.1999969482422
186.5
185.17999267578125
178.2899932861328
177.35000610351562
183.8000030517578
182.33999633789062
185.80999755859375
186.22000122070312
186.44000244140625
198.0
200.66000366210938
199.30999755859375
192.36000061035156
197.38999938964844
192.35000610351562
195.2899932861328
197.3300018310547
207.7899932861328
202.69000244140625
198.74000549316406
190.67999267578125
186.38999938964844
185.10000610351562
189.19000244140625
191.5800018310547
186.5
186.27999877929688
189.69000244140625
187.69000244140625
183.5
169.6999969482422
166.0
165.64999389648438
163.47000122070312
160.6699981689453
160.47999572753906
165.0
163.27999877929688
165.49000549316406
165.0
