1.1693329811096191
1.553333044052124
1.3513330221176147
1.24733304977417
1.0553330183029175
0.9986670017242432
1.0379999876022339
1.1033329963684082
1.1333329677581787
1.1266670227050781
1.184000015258789
1.2666670083999634
1.3366669416427612
1.3946670293807983
1.3366669416427612
1.2999999523162842
1.3580000400543213
1.4040000438690186
1.3533329963684082
1.3506669998168945
1.3673330545425415
1.3333330154418945
1.303333044052124
1.3553329706192017
1.3880000114440918
1.3899999856948853
1.3366669416427612
1.301332950592041
1.2966669797897339
1.254667043685913
1.190000057220459
1.1593329906463623
1.1773329973220825
1.2173329591751099
1.2519999742507935
1.2400000095367432
1.222000002861023
1.2339999675750732
1.2666670083999634
1.2633329629898071
1.237333059310913
1.3066669702529907
1.2999999523162842
1.307332992553711
1.2886669635772705
1.3066669702529907
1.3539999723434448
1.3773330450057983
1.3666670322418213
1.3733329772949219
1.3793330192565918
1.3173329830169678
1.3666670322418213
1.3686670064926147
1.3860000371932983
1.3893330097198486
1.3200000524520874
1.343999981880188
1.378000020980835
1.3200000524520874
1.2999999523162842
1.309999942779541
1.3366669416427612
1.3839999437332153
1.408666968345642
1.3459999561309814
1.3539999723434448
1.3533329963684082
1.4006669521331787
1.3546669483184814
1.3559999465942383
1.3593330383300781
1.3380000591278076
1.335332989692688
1.3573329448699951
1.3600000143051147
1.350000023841858
1.3480000495910645
1.3333330154418945
1.3359999656677246
1.363332986831665
1.3700000047683716
1.3819999694824219
1.3673330545425415
1.3766670227050781
1.397333025932312
1.4033329486846924
1.420667052268982
1.4033329486846924
1.4106669425964355
1.476667046546936
1.581333041191101
1.6019999980926514
1.6033329963684082
1.6033329963684082
1.8220000267028809
1.8713330030441284
2.01466703414917
1.8946670293807983
1.9073330163955688
1.9279999732971191
1.9800000190734863
2.0999999046325684
2.1459999084472656
2.2886669635772705
2.316667079925537
2.2219998836517334
2.2273330688476562
2.2300000190734863
2.0799999237060547
2.058000087738037
1.9706670045852661
2.00333309173584
2.101332902908325
2.109999895095825
2.0753331184387207
2.0266671180725098
1.8506669998168945
1.9019999504089355
1.976667046546936
2.047333002090454
2.0840001106262207
2.114000082015991
2.113332986831665
1.9946670532226562
1.670667052268982
1.6666669845581055
1.7666670083999634
1.7586669921875
1.7666670083999634
1.726667046546936
1.7346669435501099
1.746000051498413
1.7873330116271973
1.8600000143051147
1.8700000047683716
1.7946670055389404
1.7680000066757202
1.74399995803833
1.707332968711853
1.649999976158142
1.5833330154418945
1.4913330078125
1.5140000581741333
1.5486669540405273
1.6013330221176147
1.6066670417785645
1.6353329420089722
1.5833330154418945
1.5666669607162476
1.5693329572677612
1.5779999494552612
1.5433330535888672
1.5479999780654907
1.525333046913147
1.5333329439163208
1.519333004951477
1.5206669569015503
1.5293329954147339
1.536666989326477
1.503999948501587
1.5379999876022339
1.5700000524520874
1.5306669473648071
1.4520000219345093
1.4073330163955688
1.4333330392837524
1.512666940689087
1.5666669607162476
1.5800000429153442
1.5820000171661377
1.6039999723434448
1.585332989692688
1.6466670036315918
1.600000023841858
1.6180000305175781
1.5820000171661377
1.5686670541763306
1.5466669797897339
1.4533330202102661
1.512666940689087
1.5093330144882202
1.5006669759750366
1.50266695022583
1.4666670560836792
1.4513330459594727
1.4653329849243164
1.4933329820632935
1.5033329725265503
1.547333002090454
1.534000039100647
1.7666670083999634
1.7713329792022705
1.6820000410079956
1.7126669883728027
1.7200000286102295
1.7633329629898071
1.7573330402374268
1.6679999828338623
1.6200000047683716
1.6540000438690186
1.613332986831665
1.694000005722046
1.6239999532699585
1.6433329582214355
1.6866669654846191
1.7059999704360962
1.7313330173492432
1.753999948501587
1.775333046913147
1.7813329696655273
1.8279999494552612
1.8040000200271606
1.7666670083999634
1.7166670560836792
1.7446670532226562
1.7746670246124268
1.7899999618530273
1.8606669902801514
1.7946670055389404
1.7766669988632202
1.8200000524520874
1.7699999809265137
1.7146669626235962
1.7013330459594727
1.773332953453064
1.8233330249786377
1.7746670246124268
1.773332953453064
1.7446670532226562
1.8733329772949219
1.9213329553604126
1.9700000286102295
1.8919999599456787
1.9006669521331787
1.9666670560836792
1.8839999437332153
1.8839999437332153
1.801332950592041
1.8066669702529907
1.8233330249786377
1.858667016029358
1.901332974433899
1.8046669960021973
1.715999960899353
1.7426669597625732
1.7000000476837158
1.7333329916000366
1.8066669702529907
1.74733304977417
1.8173329830169678
1.820667028427124
1.8446669578552246
1.8713330030441284
1.8933329582214355
1.9199999570846558
1.9140000343322754
1.9033329486846924
1.934000015258789
1.906000018119812
1.8666670322418213
1.8666670322418213
1.8600000143051147
1.8166669607162476
1.8266669511795044
1.775333046913147
1.8359999656677246
1.8533329963684082
1.8733329772949219
1.9033329486846924
1.8960000276565552
1.8646670579910278
1.8339999914169312
1.8359999656677246
1.8333330154418945
1.880666971206665
1.8179999589920044
1.75600004196167
1.6446670293807983
1.5219999551773071
1.5399999618530273
1.5800000429153442
1.5753329992294312
1.600000023841858
1.6906670331954956
1.7286670207977295
1.722000002861023
1.7006670236587524
1.564666986465454
1.4666670560836792
1.4453330039978027
1.4333330392837524
1.5219999551773071
1.5266669988632202
1.4713330268859863
1.6013330221176147
1.6059999465942383
1.6186670064926147
1.5893330574035645
1.5119999647140503
1.4859999418258667
1.5520000457763672
1.5520000457763672
1.5033329725265503
1.4966670274734497
1.5166670083999634
1.5859999656677246
1.621999979019165
1.6326669454574585
1.5880000591278076
1.7113330364227295
1.713333010673523
1.658666968345642
1.690000057220459
1.659999966621399
1.7046669721603394
1.6339999437332153
1.5700000524520874
1.565999984741211
1.5499999523162842
1.5286669731140137
1.5566669702529907
1.6679999828338623
1.7366670370101929
1.7999999523162842
1.805999994277954
1.8133330345153809
1.829332947731018
1.8173329830169678
1.8173329830169678
1.7806669473648071
1.8200000524520874
1.7999999523162842
1.8006670475006104
1.850000023841858
1.8533329963684082
1.8266669511795044
1.8739999532699585
1.8673330545425415
1.9166669845581055
1.8666670322418213
1.8833329677581787
1.9686670303344727
2.0339999198913574
2.049999952316284
2.0480000972747803
2.0199999809265137
2.043333053588867
2.0380001068115234
2.1746668815612793
2.181999921798706
2.2266669273376465
2.2126669883728027
2.169332981109619
2.069999933242798
2.069999933242798
2.0833330154418945
2.072000026702881
2.120666980743408
2.1086668968200684
2.1480000019073486
2.131999969482422
2.1600000858306885
2.2286670207977295
2.268666982650757
2.25333309173584
1.9739999771118164
2.018666982650757
2.001332998275757
1.9273329973220825
1.8666670322418213
1.8746670484542847
1.8653329610824585
1.824666976928711
1.8480000495910645
1.73533296585083
1.8200000524520874
1.8346669673919678
1.8426669836044312
1.869333028793335
1.9033329486846924
1.8833329677581787
1.8433330059051514
1.8333330154418945
1.7899999618530273
1.7606669664382935
1.7413330078125
1.8166669607162476
1.8200000524520874
1.8539999723434448
1.5093330144882202
1.7606669664382935
1.75
1.7740000486373901
1.7599999904632568
1.773332953453064
1.762666940689087
1.803333044052124
1.8666670322418213
1.899999976158142
1.9019999504089355
1.9246670007705688
1.9333330392837524
1.9739999771118164
2.016666889190674
2.069999933242798
2.0546669960021973
2.0859999656677246
2.0953330993652344
1.9893330335617065
2.059999942779541
2.0933330059051514
2.1513330936431885
2.169332981109619
2.233333110809326
2.253999948501587
2.1666669845581055
2.237333059310913
2.2179999351501465
2.200000047683716
2.2113330364227295
2.2093329429626465
2.2206668853759766
2.24733304977417
2.2306671142578125
2.1746668815612793
2.194000005722046
2.202666997909546
2.2133328914642334
2.3066670894622803
2.3666670322418213
2.319999933242798
2.318666934967041
2.322000026702881
2.3026669025421143
2.3046669960021973
2.3066670894622803
2.2866671085357666
2.2100000381469727
2.3359999656677246
2.4686670303344727
2.4739999771118164
2.4686670303344727
2.4453330039978027
2.435333013534546
2.444667100906372
2.312666893005371
2.2939999103546143
2.206666946411133
2.140000104904175
2.134000062942505
2.194667100906372
2.190000057220459
2.1393330097198486
2.135999917984009
2.1019999980926514
2.1666669845581055
2.196000099182129
2.114000082015991
2.066667079925537
2.138000011444092
2.194000005722046
2.194000005722046
2.171999931335449
2.208667039871216
2.2260000705718994
2.1419999599456787
2.0933330059051514
2.107332944869995
1.9579999446868896
1.9839999675750732
2.1600000858306885
2.1440000534057617
2.00333309173584
1.9479999542236328
1.925333023071289
1.8826669454574585
1.7886669635772705
1.8079999685287476
2.0
1.9666670560836792
1.9793330430984497
1.946666955947876
2.000667095184326
2.0160000324249268
1.9166669845581055
1.8506669998168945
1.807332992553711
1.8373329639434814
1.8760000467300415
1.9233330488204956
1.8766670227050781
1.9306670427322388
1.920667052268982
1.9646669626235962
1.9079999923706055
1.920667052268982
1.9666670560836792
2.0999999046325684
2.2139999866485596
2.122667074203491
2.1640000343322754
2.183332920074463
2.0926671028137207
2.1046669483184814
2.041332960128784
2.066667079925537
2.012666940689087
2.0266671180725098
2.053333044052124
2.053333044052124
2.0446670055389404
2.059333086013794
2.0673329830169678
2.053333044052124
2.188667058944702
2.259999990463257
2.1586670875549316
2.070667028427124
2.135999917984009
2.0833330154418945
2.041332960128784
1.974666953086853
1.9166669845581055
1.8426669836044312
1.8733329772949219
1.8140000104904175
1.8233330249786377
1.73533296585083
1.7013330459594727
1.7826670408248901
1.8366669416427612
1.899999976158142
1.906000018119812
1.9420000314712524
1.9539999961853027
1.940000057220459
1.9506670236587524
1.920667052268982
1.9666670560836792
1.9986670017242432
1.940000057220459
1.9333330392837524
1.934000015258789
1.976667046546936
1.9606670141220093
1.878000020980835
1.8666670322418213
1.8680000305175781
1.8733329772949219
1.8799999952316284
1.8600000143051147
1.8539999723434448
1.8600000143051147
1.899999976158142
1.8200000524520874
1.8266669511795044
1.8533329963684082
1.8986669778823853
1.976667046546936
2.1006669998168945
2.045332908630371
2.062666893005371
2.045332908630371
1.9693330526351929
1.9600000381469727
1.835332989692688
1.8320000171661377
1.840000033378601
1.9073330163955688
1.9333330392837524
1.9333330392837524
1.9493329524993896
1.909999966621399
1.9119999408721924
1.9073330163955688
1.8833329677581787
1.8673330545425415
1.8833329677581787
1.8333330154418945
1.7906670570373535
1.8226670026779175
1.8533329963684082
1.8519999980926514
1.8200000524520874
1.8240000009536743
1.824666976928711
1.8166669607162476
1.8300000429153442
1.801332950592041
1.824666976928711
1.8799999952316284
1.9033329486846924
1.9553329944610596
1.9966670274734497
2.053999900817871
2.062666893005371
1.9900000095367432
2.010667085647583
2.0480000972747803
2.0799999237060547
2.0333330631256104
2.0393331050872803
2.122667074203491
2.127332925796509
2.1526670455932617
2.113332986831665
2.1080000400543213
2.101332902908325
2.127332925796509
2.191333055496216
2.200666904449463
2.233333110809326
2.2366669178009033
2.2386670112609863
2.233333110809326
2.256666898727417
2.2786669731140137
2.297333002090454
2.3299999237060547
2.183332920074463
2.239332914352417
2.25
2.2839999198913574
2.301332950592041
2.2699999809265137
2.2386670112609863
2.2366669178009033
2.233333110809326
2.200000047683716
2.2013330459594727
2.200000047683716
2.313999891281128
2.316667079925537
2.2613329887390137
2.259999990463257
2.2073330879211426
2.2266669273376465
2.2253329753875732
2.140666961669922
2.190000057220459
2.2053329944610596
2.248667001724243
2.2613329887390137
2.254667043685913
2.2839999198913574
2.330667018890381
2.3893330097198486
2.4533329010009766
2.4573330879211426
2.4753329753875732
2.495332956314087
2.4619998931884766
2.507999897003174
2.50600004196167
2.51200008392334
2.5266671180725098
2.5966670513153076
2.609333038330078
2.5
2.4860000610351562
2.5366671085357666
2.547333002090454
2.4633328914642334
2.487333059310913
2.563999891281128
2.3026669025421143
2.373332977294922
2.2893331050872803
2.25333309173584
2.293333053588867
2.291332960128784
2.2833330631256104
2.313333034515381
2.385999917984009
2.4646670818328857
2.458667039871216
2.4906671047210693
2.576667070388794
2.5899999141693115
2.5873329639434814
2.4513330459594727
2.3473329544067383
2.328000068664551
2.3293330669403076
2.3440001010894775
2.382667064666748
2.413332939147949
2.4513330459594727
2.510667085647583
2.487333059310913
2.516666889190674
2.7799999713897705
2.9006669521331787
2.680666923522949
2.7206668853759766
2.700000047683716
2.7673330307006836
2.688667058944702
2.7073330879211426
2.7833330631256104
2.869999885559082
2.8340001106262207
2.927333116531372
2.9693329334259033
3.0260000228881836
3.138000011444092
3.183332920074463
3.377332925796509
3.2653329372406006
3.3666670322418213
3.374666929244995
3.413332939147949
3.5840001106262207
3.5333330631256104
3.5799999237060547
3.6333329677581787
3.700000047683716
3.6746668815612793
3.7139999866485596
4.245999813079834
4.616666793823242
5.27666711807251
5.409999847412109
5.207333087921143
5.9106669425964355
5.8333330154418945
5.908667087554932
5.685332775115967
5.699999809265137
5.5366668701171875
6.133333206176758
6.686666965484619
6.599999904632568
6.74666690826416
6.51533317565918
5.883333206176758
6.159999847412109
5.940667152404785
6.340666770935059
6.446667194366455
6.571332931518555
6.269999980926514
6.383333206176758
6.341332912445068
6.622000217437744
6.74666690826416
6.613333225250244
6.800666809082031
6.630000114440918
6.5
6.353332996368408
6.703332901000977
6.843999862670898
7.075333118438721
7.113999843597412
7.27666711807251
7.699999809265137
7.618000030517578
7.7133331298828125
7.921332836151123
8.12733268737793
8.052666664123535
8.15666675567627
8.300666809082031
8.454667091369629
7.1533331871032715
6.966667175292969
7.745333194732666
7.767333030700684
7.992000102996826
8.121333122253418
7.970666885375977
8.012666702270508
8.440667152404785
8.550000190734863
8.545332908630371
8.763333320617676
8.842000007629395
8.907333374023438
9.3100004196167
9.40666675567627
8.824000358581543
10.030667304992676
10.083333015441895
9.470000267028809
9.630000114440918
9.203332901000977
9.0
9.39799976348877
9.522000312805176
9.800000190734863
9.75
9.87600040435791
10.333333015441895
10.683333396911621
10.729999542236328
10.883333206176758
10.833999633789062
10.93066692352295
11.09333324432373
11.037332534790039
11.216667175292969
11.010000228881836
10.567333221435547
10.708666801452637
10.808667182922363
10.700667381286621
10.810667037963867
11.05666732788086
10.890666961669922
10.946666717529297
11.272000312805176
11.904000282287598
11.807332992553711
11.84333324432373
12.033332824707031
12.37399959564209
12.428667068481445
12.533332824707031
12.557999610900879
11.69333267211914
11.199999809265137
11.510000228881836
12.017333030700684
11.547332763671875
10.766667366027832
11.312666893005371
11.41333293914795
11.609999656677246
12.211999893188477
12.13933277130127
12.065999984741211
12.168000221252441
11.399999618530273
11.074000358581543
10.676667213439941
10.85533332824707
11.119999885559082
10.813332557678223
10.199999809265137
10.54466724395752
10.220000267028809
10.694000244140625
10.947999954223633
11.423999786376953
9.756667137145996
9.174667358398438
8.821332931518555
9.140000343322754
9.078666687011719
9.089332580566406
8.940667152404785
8.956666946411133
7.973999977111816
7.947999954223633
7.937333106994629
8.016667366027832
7.861999988555908
8.020000457763672
7.739999771118164
7.9679999351501465
8.465332984924316
8.26200008392334
8.772666931152344
9.142000198364258
9.300000190734863
9.08666706085205
8.947333335876465
9.324000358581543
9.299332618713379
9.235333442687988
9.821332931518555
9.739999771118164
9.754667282104492
9.729999542236328
9.273332595825195
9.438667297363281
9.506667137145996
9.98799991607666
10.28600025177002
10.053333282470703
10.050000190734863
9.910667419433594
9.770000457763672
9.90666675567627
9.682666778564453
9.683333396911621
9.917332649230957
9.789999961853027
9.483332633972168
9.187999725341797
9.111332893371582
10.80666732788086
10.826666831970215
11.196666717529297
11.387332916259766
11.650667190551758
11.561332702636719
11.5686674118042
10.980667114257812
11.399999618530273
11.541999816894531
11.800666809082031
11.900667190551758
11.677332878112793
11.74666690826416
11.290666580200195
11.733332633972168
11.973333358764648
12.621333122253418
12.846667289733887
12.954667091369629
12.883333206176758
13.133333206176758
13.423999786376953
12.894000053405762
13.751333236694336
13.946000099182129
13.887999534606934
15.229999542236328
16.5
16.55533218383789
16.170000076293945
15.666000366210938
16.85533332824707
16.786666870117188
16.6299991607666
16.29400062561035
15.737333297729492
15.495332717895508
15.407333374023438
15.600000381469727
15.221332550048828
15.366666793823242
15.668000221252441
15.567333221435547
15.557332992553711
15.166666984558105
14.017999649047852
14.526666641235352
14.09000015258789
13.533332824707031
14.017999649047852
13.759332656860352
13.905332565307617
14.536666870117188
14.800000190734863
14.083333015441895
13.567333221435547
13.761333465576172
14.059332847595215
13.586000442504883
13.239999771118164
12.96066665649414
12.288000106811523
12.721332550048828
12.938667297363281
12.933333396911621
13.667332649230957
13.800000190734863
13.546667098999023
13.176667213439941
12.699999809265137
13.035332679748535
13.41866683959961
13.712667465209961
13.767999649047852
13.90133285522461
13.789999961853027
13.149999618530273
11.866666793823242
11.814666748046875
11.991999626159668
12.199999809265137
12.473333358764648
12.353333473205566
12.514666557312012
12.666666984558105
12.871333122253418
12.986000061035156
13.303999900817871
13.5
13.846667289733887
13.684000015258789
13.847999572753906
13.8013334274292
13.444666862487793
13.505999565124512
13.359999656677246
13.603333473205566
13.812000274658203
13.613332748413086
13.436667442321777
13.283332824707031
13.513999938964844
13.438667297363281
13.750666618347168
14.856666564941406
15.074666976928711
15.133333206176758
15.079999923706055
15.214667320251465
15.442000389099121
15.349332809448242
15.61400032043457
15.633333206176758
15.933333396911621
15.91333293914795
15.137999534606934
14.933333396911621
14.69333267211914
14.284667015075684
14.61400032043457
14.402667045593262
14.506667137145996
14.363332748413086
14.539999961853027
14.454667091369629
14.239999771118164
14.395333290100098
14.447999954223633
14.607333183288574
14.628666877746582
14.720000267028809
14.783332824707031
14.760000228881836
14.990667343139648
14.736000061035156
14.766667366027832
15.066666603088379
15.5513334274292
15.712667465209961
15.905332565307617
16.607999801635742
16.433332443237305
17.0
16.972000122070312
17.30733299255371
17.100000381469727
17.233333587646484
17.316667556762695
16.774667739868164
16.866666793823242
16.884000778198242
16.840667724609375
17.21266746520996
17.444000244140625
17.3526668548584
17.44266700744629
17.833999633789062
18.286666870117188
18.67333221435547
18.69333267211914
18.167333602905273
18.501333236694336
18.46666717529297
18.243999481201172
18.575332641601562
18.46666717529297
16.608667373657227
16.827999114990234
17.299999237060547
17.488000869750977
17.01799964904785
16.31399917602539
16.333332061767578
16.46933364868164
16.406667709350586
16.404666900634766
16.091999053955078
16.007999420166016
15.710000038146973
16.357332229614258
16.735332489013672
17.18666648864746
17.048667907714844
16.842666625976562
16.959999084472656
15.680000305175781
14.733332633972168
14.866666793823242
14.48799991607666
14.606666564941406
15.103333473205566
15.034000396728516
15.386667251586914
15.370667457580566
15.466667175292969
15.41333293914795
14.687333106994629
15.216667175292969
15.709333419799805
15.670666694641113
15.916666984558105
16.08799934387207
15.768667221069336
15.368666648864746
15.233332633972168
15.813332557678223
15.786666870117188
16.133333206176758
16.371999740600586
16.683332443237305
16.566667556762695
16.801332473754883
17.034000396728516
16.373332977294922
16.399999618530273
16.14466667175293
16.042667388916016
16.4060001373291
16.440000534057617
16.167999267578125
15.267333030700684
15.199999809265137
15.033332824707031
15.187333106994629
14.817333221435547
14.156000137329102
13.618000030517578
13.846667289733887
13.881999969482422
13.633333206176758
13.511333465576172
13.024666786193848
12.84333324432373
14.119999885559082
14.300000190734863
14.550666809082031
14.63466739654541
14.616666793823242
14.766667366027832
14.934666633605957
14.760000228881836
14.816666603088379
14.21733283996582
13.810667037963867
13.61400032043457
13.985333442687988
14.000666618347168
13.663999557495117
13.283332824707031
13.394000053405762
12.333333015441895
12.666666984558105
12.643333435058594
12.469332695007324
12.633999824523926
13.013333320617676
13.222000122070312
13.403332710266113
13.553333282470703
13.227999687194824
13.100000381469727
13.533332824707031
13.553333282470703
14.084667205810547
14.453332901000977
14.642666816711426
14.433333396911621
14.13266658782959
14.333333015441895
13.8186674118042
12.885333061218262
13.394000053405762
13.433333396911621
13.506667137145996
13.583333015441895
13.987333297729492
13.755332946777344
13.446666717529297
13.505332946777344
13.481332778930664
13.520000457763672
13.055333137512207
13.021332740783691
13.147333145141602
13.34333324432373
12.8100004196167
12.550000190734863
12.506667137145996
12.734000205993652
12.649999618530273
12.48799991607666
12.653332710266113
12.929332733154297
12.87399959564209
12.968667030334473
13.041333198547363
13.164667129516602
13.316666603088379
12.846667289733887
12.646666526794434
12.09333324432373
12.119999885559082
12.560667037963867
12.403332710266113
12.666666984558105
13.166666984558105
13.409333229064941
13.724666595458984
13.7413330078125
13.933333396911621
13.936667442321777
13.699999809265137
13.773332595825195
13.752667427062988
13.566666603088379
13.59000015258789
13.620667457580566
14.112667083740234
14.476667404174805
14.534000396728516
14.800000190734863
15.20199966430664
15.175333023071289
15.011333465576172
14.694000244140625
15.140666961669922
15.275333404541016
15.213333129882812
14.683333396911621
15.579999923706055
15.687333106994629
15.879332542419434
16.149999618530273
16.083332061767578
16.166667938232422
16.399999618530273
16.40999984741211
16.091333389282227
16.157333374023438
16.333999633789062
16.433332443237305
16.3700008392334
16.336666107177734
16.6286678314209
16.49799919128418
16.420000076293945
16.46733283996582
16.380666732788086
16.3786678314209
16.687332153320312
16.94266700744629
16.566667556762695
16.69533348083496
16.680667877197266
16.400667190551758
16.606666564941406
16.801332473754883
17.334667205810547
17.34000015258789
17.04599952697754
17.238000869750977
17.58133316040039
17.683332443237305
17.733333587646484
17.3799991607666
17.600000381469727
17.856666564941406
18.220666885375977
18.420000076293945
17.384666442871094
16.95400047302246
17.119333267211914
17.187999725341797
17.06999969482422
17.367332458496094
17.472000122070312
17.54400062561035
17.883333206176758
18.16933250427246
17.770000457763672
17.390666961669922
17.684667587280273
17.594667434692383
16.71933364868164
16.78933334350586
17.46666717529297
17.474000930786133
17.674667358398438
17.13800048828125
17.222667694091797
17.360000610351562
15.7413330078125
15.892666816711426
15.736666679382324
15.629332542419434
15.515999794006348
15.941332817077637
16.118000030517578
16.700666427612305
16.90399932861328
17.001333236694336
16.126667022705078
15.36733341217041
13.0
14.607999801635742
14.36733341217041
15.387332916259766
16.10466766357422
16.367332458496094
15.79800033569336
15.985333442687988
16.333332061767578
15.880000114440918
16.270000457763672
16.553333282470703
16.35533332824707
16.315332412719727
16.64466667175293
16.633333206176758
16.858667373657227
17.37933349609375
17.166667938232422
17.053333282470703
17.058000564575195
17.172000885009766
17.08066749572754
17.07666778564453
16.44066619873047
16.36400032043457
16.1560001373291
15.808667182922363
15.661999702453613
16.275333404541016
15.70533275604248
15.274666786193848
14.753999710083008
14.557332992553711
14.351332664489746
14.075332641601562
14.362000465393066
14.24666690826416
14.857999801635742
14.996000289916992
13.466667175292969
13.920000076293945
13.960000038146973
13.845999717712402
14.0
13.833999633789062
13.886667251586914
14.042667388916016
13.592666625976562
13.814666748046875
13.850000381469727
15.013333320617676
15.279333114624023
15.300000190734863
14.954000473022461
14.405332565307617
14.241999626159668
14.177332878112793
13.767999649047852
13.720000267028809
14.09333324432373
14.168000221252441
14.686667442321777
14.238666534423828
14.312000274658203
14.333333015441895
14.692000389099121
15.133999824523926
15.272000312805176
15.403332710266113
15.415332794189453
15.333333015441895
15.177332878112793
15.076666831970215
14.946666717529297
14.714667320251465
14.909333229064941
14.442667007446289
14.324666976928711
14.533332824707031
14.715332984924316
15.320667266845703
15.28600025177002
15.405332565307617
15.308667182922363
15.208666801452637
15.218667030334473
15.03600025177002
15.303333282470703
15.711333274841309
15.891332626342773
14.600000381469727
14.666666984558105
14.398667335510254
14.244667053222656
14.0513334274292
13.533332824707031
13.687333106994629
13.333333015441895
12.892000198364258
13.149999618530273
13.385333061218262
12.75
13.001333236694336
13.268667221069336
13.058667182922363
12.592000007629395
12.38466739654541
12.160667419433594
12.538666725158691
12.183333396911621
12.01533317565918
11.345333099365234
11.13266658782959
10.515999794006348
9.733332633972168
9.403332710266113
9.449333190917969
9.800000190734863
9.579999923706055
10.27400016784668
10.445332527160645
10.98466682434082
10.833333015441895
11.323332786560059
11.578666687011719
11.189332962036133
11.680000305175781
12.333333015441895
12.614666938781738
12.180000305175781
12.100000381469727
12.281332969665527
13.166666984558105
13.15999984741211
13.479999542236328
13.519332885742188
13.378000259399414
13.688667297363281
14.042667388916016
14.100000381469727
14.468000411987305
14.666666984558105
15.204000473022461
15.666666984558105
15.503999710083008
14.802000045776367
14.333333015441895
15.0
15.022000312805176
15.100000381469727
15.000666618347168
15.550000190734863
16.242666244506836
16.0
16.89666748046875
16.96733283996582
16.534666061401367
16.35333251953125
16.242000579833984
16.488666534423828
16.73666763305664
16.607999801635742
16.777332305908203
16.083332061767578
16.100000381469727
16.46066665649414
16.380666732788086
16.71733283996582
16.625999450683594
16.626667022705078
16.496000289916992
15.854000091552734
15.654666900634766
15.441332817077637
14.69333267211914
13.986000061035156
13.87399959564209
13.786666870117188
13.666666984558105
13.736666679382324
13.577333450317383
13.779999732971191
13.861332893371582
13.601332664489746
13.850000381469727
13.819999694824219
14.423333168029785
14.390666961669922
14.345333099365234
14.434000015258789
14.603333473205566
14.716667175292969
14.766667366027832
14.459333419799805
14.473999977111816
14.534000396728516
14.363332748413086
14.767999649047852
15.507332801818848
15.137332916259766
14.561332702636719
14.510666847229004
14.16866683959961
14.342000007629395
14.233332633972168
14.300000190734863
14.548666954040527
14.587332725524902
13.050000190734863
12.808667182922363
12.648667335510254
12.524666786193848
13.293999671936035
13.533332824707031
13.934666633605957
13.733332633972168
13.866666793823242
13.933333396911621
14.200667381286621
14.300000190734863
14.633999824523926
14.881333351135254
14.685999870300293
14.736666679382324
14.642666816711426
14.553333282470703
14.983332633972168
15.0
14.606666564941406
14.592000007629395
14.758000373840332
15.020000457763672
15.128000259399414
15.106666564941406
15.349332809448242
15.291999816894531
14.760000228881836
14.947333335876465
14.803333282470703
15.15999984741211
15.072667121887207
15.109999656677246
14.974666595458984
14.894000053405762
14.935999870300293
14.995332717895508
14.894000053405762
14.853333473205566
14.81933307647705
14.835332870483398
14.845333099365234
14.853333473205566
14.814666748046875
14.718000411987305
14.588000297546387
14.333333015441895
14.034667015075684
13.90999984741211
13.366666793823242
13.079999923706055
13.266667366027832
13.380666732788086
13.090666770935059
12.91333293914795
12.9399995803833
12.896666526794434
12.990667343139648
13.09333324432373
13.266667366027832
13.666666984558105
13.593999862670898
13.437333106994629
13.533332824707031
13.711333274841309
13.766667366027832
13.640666961669922
13.684000015258789
13.371999740600586
13.303333282470703
13.883333206176758
13.921333312988281
13.874667167663574
13.347332954406738
13.053333282470703
13.310667037963867
13.220666885375977
13.361332893371582
13.136667251586914
13.08666706085205
12.800000190734863
12.883999824523926
13.204000473022461
13.136667251586914
13.160667419433594
13.350000381469727
13.41333293914795
13.34000015258789
13.44333267211914
13.321999549865723
13.053999900817871
12.540666580200195
12.500666618347168
12.469332695007324
12.397333145141602
12.670000076293945
12.750666618347168
12.263333320617676
12.027999877929688
12.199999809265137
11.879332542419434
12.136667251586914
12.080666542053223
12.140666961669922
12.333333015441895
12.293999671936035
12.247332572937012
12.600000381469727
12.909333229064941
12.970000267028809
12.633333206176758
12.5
12.066666603088379
12.0
12.167332649230957
12.178667068481445
12.333333015441895
12.63599967956543
12.720666885375977
12.745332717895508
12.866666793823242
13.11733341217041
13.159333229064941
13.173333168029785
13.322667121887207
13.5
13.827333450317383
13.766667366027832
13.847332954406738
14.29466724395752
14.479999542236328
14.274666786193848
14.112000465393066
14.064000129699707
14.287332534790039
14.796667098999023
15.029999732971191
15.199999809265137
15.12600040435791
15.112000465393066
15.038666725158691
15.305999755859375
15.624667167663574
15.70533275604248
16.049999237060547
16.200666427612305
16.366666793823242
16.643333435058594
16.786666870117188
16.71666717529297
16.56800079345703
16.47333335876465
16.51333236694336
16.60333251953125
16.513999938964844
16.64533233642578
16.708667755126953
17.094667434692383
17.079999923706055
17.74333381652832
17.74066734313965
18.034000396728516
18.573999404907227
18.429332733154297
17.899999618530273
17.610000610351562
18.267332077026367
18.17333221435547
17.03733253479004
16.68000030517578
16.134000778198242
16.260000228881836
16.607332229614258
16.551332473754883
16.600000381469727
16.500667572021484
16.55466651916504
16.35466766357422
16.200000762939453
16.200000762939453
16.185333251953125
16.40133285522461
16.951332092285156
17.270666122436523
17.413333892822266
17.254667282104492
16.682666778564453
16.700666427612305
16.886667251586914
17.000667572021484
17.316667556762695
18.333332061767578
18.369333267211914
18.480667114257812
18.42133331298828
18.972000122070312
19.635332107543945
19.613332748413086
19.606666564941406
19.809999465942383
20.58066749572754
20.366666793823242
19.754667282104492
19.68666648864746
19.91200065612793
19.860000610351562
20.140666961669922
20.01533317565918
20.027999877929688
20.40133285522461
20.390666961669922
20.600000381469727
20.5
20.53333282470703
20.987333297729492
21.104000091552734
20.696666717529297
19.384000778198242
19.786666870117188
20.38800048828125
20.606666564941406
21.20800018310547
21.30666732788086
21.435333251953125
20.8353328704834
21.00933265686035
20.366666793823242
20.354000091552734
20.68000030517578
20.453332901000977
20.23200035095215
20.360000610351562
20.520666122436523
21.08733367919922
21.71733283996582
22.3439998626709
22.486000061035156
22.39533233642578
22.28066635131836
22.6646671295166
23.676000595092773
24.014667510986328
23.65333366394043
23.374666213989258
24.44066619873047
25.08733367919922
24.432666778564453
24.67333221435547
24.520000457763672
24.648666381835938
24.534666061401367
24.904666900634766
25.290000915527344
24.873332977294922
24.134666442871094
24.167999267578125
23.606666564941406
23.974666595458984
23.433332443237305
21.755332946777344
20.420000076293945
20.492000579833984
20.208667755126953
20.953332901000977
21.633333206176758
21.33133316040039
21.4146671295166
20.89666748046875
21.04400062561035
21.54800033569336
21.613332748413086
21.719999313354492
22.000667572021484
22.27666664123535
22.541332244873047
21.752666473388672
22.167333602905273
21.402666091918945
21.075332641601562
20.74799919128418
22.876667022705078
22.886667251586914
23.516666412353516
23.82666778564453
23.93000030517578
23.643999099731445
23.57466697692871
24.17333221435547
23.95800018310547
24.167999267578125
23.439332962036133
23.053333282470703
22.123332977294922
22.4913330078125
22.553333282470703
23.31599998474121
23.15333366394043
22.648000717163086
22.583332061767578
23.133333206176758
23.521333694458008
23.57933235168457
23.05933380126953
22.770666122436523
22.89666748046875
22.81999969482422
23.333332061767578
24.02666664123535
23.972667694091797
24.17533302307129
24.84666633605957
25.178667068481445
24.904666900634766
24.738000869750977
24.30066680908203
23.392000198364258
22.858667373657227
22.726667404174805
22.700000762939453
22.360000610351562
22.573333740234375
22.367332458496094
22.0853328704834
23.30666732788086
23.42333221435547
23.483333587646484
22.844667434692383
23.03533363342285
23.40999984741211
23.50933265686035
23.57866668701172
23.143999099731445
23.33799934387207
23.608667373657227
23.213333129882812
22.95599937438965
22.416667938232422
22.410667419433594
21.570667266845703
21.546667098999023
21.110666275024414
21.149999618530273
21.345333099365234
21.35066795349121
19.5086669921875
19.67533302307129
19.93400001525879
20.00200080871582
20.086666107177734
19.753332138061523
20.123332977294922
19.94066619873047
20.459999084472656
20.100000381469727
20.753332138061523
20.876667022705078
20.316667556762695
20.58066749572754
20.78933334350586
20.733333587646484
20.634000778198242
20.92799949645996
20.082000732421875
20.30266761779785
20.336666107177734
20.040666580200195
20.066667556762695
20.0
20.73666763305664
20.750667572021484
20.916667938232422
22.00200080871582
22.433332443237305
22.459999084472656
22.384000778198242
22.505332946777344
22.020000457763672
21.66933250427246
21.81399917602539
21.654666900634766
21.10533332824707
20.71666717529297
20.63599967956543
20.666667938232422
20.733333587646484
21.036666870117188
20.3786678314209
20.799999237060547
21.03333282470703
21.82666778564453
22.0
22.21733283996582
22.244667053222656
22.31999969482422
22.649999618530273
22.916000366210938
22.84000015258789
23.280000686645508
23.399999618530273
22.90133285522461
22.426666259765625
22.380666732788086
22.552000045776367
22.81133270263672
23.012666702270508
23.242000579833984
22.700666427612305
22.200000762939453
21.566667556762695
22.37733268737793
20.97333335876465
19.650667190551758
20.416667938232422
20.833999633789062
21.23466682434082
21.49333381652832
22.109333038330078
22.100000381469727
22.211332321166992
22.316667556762695
23.139999389648438
23.49066734313965
23.333999633789062
22.814666748046875
22.004667282104492
21.531333923339844
21.952667236328125
21.802000045776367
21.44933319091797
21.751333236694336
21.4913330078125
21.766666412353516
21.766666412353516
21.595333099365234
21.406667709350586
21.271333694458008
20.64466667175293
20.583999633789062
20.679332733154297
20.545333862304688
20.030000686645508
19.423999786376953
18.478666305541992
16.80666732788086
16.547332763671875
16.305999755859375
16.965999603271484
16.799999237060547
19.213333129882812
19.700000762939453
19.28066635131836
19.57866668701172
19.977333068847656
19.57866668701172
19.73200035095215
19.267332077026367
18.833999633789062
19.21066665649414
19.23666763305664
19.316667556762695
18.82200050354004
18.56399917602539
18.483333587646484
18.433332443237305
18.922000885009766
19.5
19.54800033569336
19.851999282836914
18.34866714477539
18.634666442871094
19.67799949645996
19.933332443237305
20.003332138061523
20.27400016784668
19.93866729736328
19.441333770751953
18.700000762939453
18.770666122436523
18.931333541870117
18.266666412353516
18.753332138061523
18.22800064086914
18.266666412353516
18.326000213623047
18.374000549316406
18.40999984741211
18.773332595825195
18.86199951171875
18.922666549682617
19.56999969482422
19.115999221801758
19.832000732421875
20.905332565307617
21.143333435058594
21.5
22.53333282470703
22.65333366394043
23.106666564941406
23.416667938232422
23.633333206176758
23.083332061767578
23.46666717529297
23.084667205810547
22.133333206176758
21.833332061767578
21.719999313354492
22.633333206176758
23.073999404907227
22.827333450317383
21.989999771118164
20.645999908447266
19.74799919128418
20.133333206176758
20.53333282470703
21.280000686645508
21.004667282104492
20.851333618164062
20.616666793823242
20.416667938232422
20.566667556762695
21.083332061767578
20.93400001525879
20.78066635131836
19.52400016784668
19.503332138061523
19.633333206176758
20.242666244506836
19.689332962036133
19.075332641601562
19.271333694458008
19.53333282470703
21.54400062561035
22.8353328704834
22.788000106811523
22.610000610351562
24.474666595458984
23.048667907714844
23.066667556762695
23.26799964904785
23.139999389648438
22.142667770385742
22.254667282104492
20.235332489013672
19.213333129882812
20.600000381469727
20.97800064086914
21.206666946411133
21.293333053588867
20.58733367919922
20.746000289916992
20.246000289916992
19.847999572753906
19.906667709350586
19.200000762939453
18.478666305541992
18.591999053955078
16.816667556762695
18.066667556762695
18.23666763305664
18.57666778564453
19.011999130249023
19.101333618164062
19.208667755126953
18.366666793823242
18.700000762939453
19.55533218383789
19.691333770751953
19.57200050354004
19.766666412353516
20.073999404907227
20.46066665649414
17.37066650390625
20.06999969482422
19.94333267211914
19.437999725341797
18.511333465576172
17.333332061767578
16.600000381469727
16.886667251586914
16.51799964904785
16.601999282836914
16.80066680908203
16.96933364868164
17.482667922973633
17.719999313354492
17.53333282470703
16.899999618530273
16.839332580566406
17.47333335876465
19.048667907714844
20.067333221435547
20.44333267211914
21.766666412353516
21.483999252319336
21.940000534057617
22.315332412719727
22.727333068847656
22.00933265686035
22.4060001373291
22.719999313354492
23.229333877563477
23.01533317565918
22.022666931152344
22.14666748046875
22.476667404174805
22.6026668548584
23.007999420166016
23.525333404541016
22.23666763305664
22.49333381652832
21.703332901000977
21.666667938232422
22.366666793823242
22.81399917602539
22.636667251586914
22.55066680908203
23.46666717529297
23.46666717529297
23.384000778198242
23.843332290649414
23.541332244873047
24.01533317565918
24.3439998626709
24.450000762939453
24.288667678833008
22.92533302307129
22.246000289916992
21.982667922973633
20.791332244873047
20.82933235168457
19.68000030517578
19.606000900268555
20.100000381469727
21.227333068847656
21.68400001525879
19.920000076293945
19.825332641601562
20.18199920654297
21.183332443237305
21.801332473754883
22.097999572753906
22.119333267211914
22.584667205810547
22.266666412353516
22.299999237060547
22.899999618530273
22.94333267211914
19.98200035095215
19.700000762939453
18.779333114624023
18.618667602539062
19.303333282470703
19.183332443237305
19.453332901000977
19.89933204650879
19.600000381469727
20.233333587646484
20.125333786010742
20.816667556762695
21.041332244873047
20.200000762939453
19.899999618530273
20.700000762939453
20.641332626342773
20.3713321685791
20.066667556762695
20.260000228881836
20.364667892456055
19.933332443237305
19.366666793823242
19.47333335876465
19.799999237060547
19.251333236694336
20.036666870117188
20.720666885375977
19.459999084472656
18.851999282836914
18.00666618347168
18.292667388916016
18.28333282470703
18.392667770385742
18.700000762939453
18.737333297729492
18.84666633605957
19.21933364868164
18.293333053588867
17.81999969482422
17.56399917602539
17.753332138061523
17.89666748046875
17.600000381469727
16.964000701904297
17.6286678314209
17.8786678314209
18.34000015258789
18.299999237060547
18.75200080871582
18.92533302307129
19.14466667175293
17.37266731262207
17.74066734313965
18.029333114624023
17.974000930786133
18.19266700744629
17.706666946411133
17.788667678833008
17.242000579833984
17.648000717163086
17.902666091918945
17.983333587646484
17.498666763305664
17.049999237060547
17.200000762939453
16.404666900634766
15.408666610717773
15.477999687194824
15.800000190734863
15.433333396911621
15.847999572753906
16.232667922973633
16.566667556762695
16.34000015258789
16.280000686645508
15.795999526977539
15.73466682434082
14.966667175292969
15.199999809265137
15.016667366027832
15.100000381469727
13.928000450134277
13.016667366027832
13.06933307647705
12.785332679748535
12.414667129516602
12.583333015441895
12.523332595825195
12.336000442504883
12.468000411987305
12.273332595825195
11.799332618713379
11.973999977111816
12.789999961853027
13.453332901000977
13.566666603088379
13.934000015258789
14.233332633972168
13.933333396911621
13.833999633789062
14.026666641235352
14.284667015075684
14.837332725524902
14.737333297729492
14.423333168029785
14.366666793823242
14.73466682434082
14.63266658782959
14.539999961853027
14.489999771118164
14.720000267028809
15.085332870483398
14.814666748046875
15.633999824523926
15.386667251586914
15.244000434875488
15.152000427246094
15.542667388916016
15.720000267028809
15.980667114257812
16.323999404907227
16.528667449951172
16.889999389648438
16.792667388916016
16.974666595458984
16.945999145507812
16.96666717529297
17.21066665649414
15.036666870117188
14.816666603088379
15.0686674118042
15.478667259216309
15.776666641235352
15.451333045959473
15.281999588012695
15.052000045776367
15.050000190734863
15.053333282470703
15.510000228881836
15.587332725524902
15.25
15.170000076293945
14.446000099182129
14.103333473205566
14.40133285522461
14.779999732971191
14.969332695007324
14.506667137145996
14.54800033569336
14.066666603088379
14.102666854858398
14.135333061218262
14.154000282287598
14.533332824707031
14.947333335876465
14.87733268737793
14.61400032043457
14.723333358764648
15.011333465576172
15.281999588012695
15.262666702270508
15.733332633972168
16.293333053588867
16.32466697692871
16.077999114990234
16.024667739868164
16.158000946044922
16.32266616821289
15.87733268737793
15.947999954223633
14.840666770935059
14.557332992553711
15.15999984741211
15.915332794189453
15.740667343139648
15.942000389099121
15.961999893188477
14.95199966430664
15.204667091369629
15.236666679382324
15.633333206176758
16.043333053588867
16.10533332824707
16.45400047302246
16.475332260131836
16.941333770751953
17.128000259399414
17.344667434692383
17.00666618347168
16.678667068481445
16.72333335876465
16.75666618347168
19.280000686645508
19.74066734313965
21.50666618347168
20.983333587646484
20.6646671295166
20.866666793823242
20.65333366394043
20.617332458496094
21.07466697692871
20.96666717529297
21.868000030517578
22.166667938232422
22.799999237060547
22.93600082397461
23.011999130249023
22.860666275024414
23.224000930786133
23.073333740234375
23.18666648864746
23.30466651916504
23.600000381469727
22.0
22.297332763671875
21.80666732788086
21.904666900634766
21.833332061767578
21.91266632080078
22.145999908447266
22.190000534057617
21.816667556762695
22.31800079345703
22.338666915893555
22.62066650390625
23.4060001373291
23.548667907714844
23.642667770385742
24.166667938232422
25.059999465942383
25.371999740600586
26.433332443237305
26.679332733154297
27.333332061767578
27.512666702270508
28.42333221435547
28.407333374023438
27.284000396728516
26.80533218383789
28.11400032043457
29.128000259399414
29.333332061767578
30.224000930786133
31.215333938598633
31.524667739868164
31.579999923706055
32.79999923706055
34.99333190917969
34.452667236328125
32.81133270263672
33.54399871826172
35.227333068847656
37.27333450317383
37.040000915527344
36.95066833496094
35.95199966430664
37.2053337097168
37.82866668701172
41.20000076293945
42.167999267578125
44.90133285522461
55.59199905395508
46.94066619873047
45.79999923706055
48.66666793823242
50.15999984741211
50.53333282470703
50.891334533691406
49.0
52.366668701171875
55.490665435791016
60.06800079345703
57.3293342590332
58.6966667175293
54.813331604003906
52.46666717529297
51.740665435791016
44.599998474121094
40.768001556396484
45.77799987792969
47.740665435791016
48.31533432006836
47.871334075927734
45.61800003051758
40.33333206176758
40.53333282470703
40.866668701171875
36.41666793823242
33.46666717529297
29.47800064086914
26.399999618530273
23.367332458496094
23.8973331451416
28.38599967956543
27.366666793823242
31.600000381469727
34.07400131225586
34.150001525878906
32.935333251953125
32.7486686706543
33.133331298828125
31.67333221435547
29.760000228881836
31.22599983215332
33.19733428955078
35.48933410644531
35.55533218383789
37.14066696166992
38.70199966430664
46.1619987487793
47.33333206176758
47.11466598510742
49.84400177001953
47.48066711425781
44.919334411621094
45.91400146484375
46.87533187866211
46.54533386230469
49.0
50.44599914550781
52.21066665649414
50.900001525878906
45.5359992980957
46.53333282470703
50.8120002746582
50.740665435791016
51.4900016784668
52.46733474731445
52.33333206176758
53.866668701171875
50.88666534423828
50.93333435058594
52.436668395996094
53.59199905395508
53.73866653442383
54.119998931884766
53.06666564941406
54.133331298828125
54.38066864013672
52.33333206176758
53.44599914550781
53.61399841308594
56.939998626708984
58.06666564941406
58.67333221435547
57.229331970214844
57.746665954589844
60.61066818237305
61.595333099365234
65.5
64.80000305175781
60.84000015258789
60.56666564941406
64.15933227539062
65.50466918945312
66.2979965209961
66.0893325805664
66.00133514404297
66.267333984375
63.542667388916016
62.47666549682617
63.65800094604492
63.23466873168945
66.91533660888672
72.03333282470703
79.04000091552734
84.40266418457031
89.11399841308594
87.42266845703125
90.08533477783203
91.73400115966797
98.0739974975586
95.4000015258789
97.13333129882812
97.73332977294922
99.33333587646484
99.19999694824219
103.86666870117188
104.13333129882812
98.71800231933594
91.10266876220703
94.19999694824219
98.29467010498047
99.13333129882812
98.06666564941406
94.73200225830078
96.29199981689453
97.46666717529297
97.88733673095703
98.48400115966797
94.33399963378906
92.38933563232422
91.0
95.66666412353516
104.48400115966797
108.44266510009766
111.52200317382812
123.00733184814453
122.74732971191406
123.80400085449219
135.00332641601562
128.50132751464844
131.1999969482422
136.90866088867188
142.8333282470703
145.76800537109375
146.70333862304688
156.836669921875
135.0399932861328
134.0
124.00666809082031
109.95999908447266
113.836669921875
120.1866683959961
120.16666412353516
124.43333435058594
143.56666564941406
145.10333251953125
136.0
142.93333435058594
135.69000244140625
139.1999969482422
125.2933349609375
117.0999984741211
130.43333435058594
138.51666259765625
137.1999969482422
140.1566619873047
144.80667114257812
138.3333282470703
139.77667236328125
135.35000610351562
137.9499969482422
141.76666259765625
142.15333557128906
146.19332885742188
145.53334045410156
149.11666870117188
147.5
146.28334045410156
142.9566650390625
139.68333435058594
140.4166717529297
141.50332641601562
135.7933349609375
136.6666717529297
140.03334045410156
135.3333282470703
135.48666381835938
126.37000274658203
130.76666259765625
135.56333923339844
139.03334045410156
141.3333282470703
141.42666625976562
140.3333282470703
132.00999450683594
136.86000061035156
136.5066680908203
133.8866729736328
134.69667053222656
144.336669921875
147.8333282470703
162.52333068847656
163.02000427246094
167.26333618164062
175.39999389648438
181.7899932861328
192.81666564941406
184.836669921875
190.68333435058594
180.40333557128906
194.14332580566406
195.1666717529297
201.01666259765625
206.1666717529297
196.0
188.77999877929688
198.93333435058594
203.39999389648438
207.93333435058594
201.6666717529297
206.5
209.51333618164062
215.35667419433594
204.7433319091797
207.52333068847656
213.6666717529297
220.26666259765625
218.3333282470703
222.7866668701172
230.3733367919922
239.06333923339844
239.73333740234375
249.6999969482422
258.3999938964844
279.46331787109375
267.8733215332031
275.7799987792969
277.3333435058594
279.5833435058594
273.0333251953125
277.6666564941406
279.09332275390625
280.47332763671875
276.2066650390625
279.6066589355469
290.5333251953125
286.2200012207031
267.0
260.0333251953125
265.1866760253906
280.73333740234375
284.35333251953125
277.8066711425781
279.65667724609375
284.9166564941406
280.5833435058594
266.67333984375
267.24334716796875
261.77667236328125
264.14666748046875
254.00332641601562
258.75665283203125
259.1233215332031
236.73333740234375
206.3333282470703
231.38999938964844
223.52667236328125
219.836669921875
228.35000610351562
228.3333282470703
217.23666381835938
200.0
179.8300018310547
186.26333618164062
198.40333557128906
218.35333251953125
225.72666931152344
222.04666137695312
228.01333618164062
223.6666717529297
217.00332641601562
217.3333282470703
208.2066650390625
222.9166717529297
219.1699981689453
210.0366668701172
203.1666717529297
199.9633331298828
198.67333984375
197.00332641601562
213.70333862304688
219.80667114257812
228.23333740234375
227.1233367919922
222.6133270263672
223.88333129882812
223.14332580566406
227.3633270263672
236.8866729736328
242.67666625976562
240.43666076660156
241.53334045410156
230.60000610351562
236.89666748046875
232.6666717529297
239.34666442871094
238.48666381835938
244.20333862304688
234.4499969482422
231.1999969482422
222.8333282470703
222.04666137695312
226.8333282470703
219.23333740234375
222.44667053222656
216.6666717529297
220.07333374023438
209.20333862304688
198.53334045410156
195.58999633789062
186.5500030517578
190.15333557128906
187.06666564941406
187.7933349609375
182.32666015625
190.35667419433594
193.3333282470703
191.21665954589844
198.57000732421875
200.5
205.40333557128906
207.4600067138672
206.85000610351562
199.7133331298828
190.4066619873047
192.39999389648438
194.2933349609375
198.5
199.2100067138672
200.1666717529297
200.5066680908203
203.05999755859375
199.41000366210938
197.8333282470703
200.44667053222656
203.93333435058594
202.9600067138672
205.1666717529297
210.01333618164062
222.5366668701172
222.89999389648438
223.44000244140625
225.29666137695312
226.04666137695312
224.26666259765625
224.4199981689453
217.13333129882812
212.77333068847656
206.82000732421875
214.89666748046875
220.72000122070312
222.10000610351562
217.6133270263672
212.6266632080078
214.06666564941406
207.09666442871094
213.5
216.76333618164062
214.86666870117188
212.43333435058594
215.70333862304688
209.0800018310547
213.13333129882812
216.26666259765625
223.0
232.8000030517578
233.6699981689453
236.30999755859375
237.1366729736328
232.5433349609375
235.0433349609375
233.9600067138672
234.73666381835938
233.13333129882812
238.1133270263672
225.46665954589844
216.27999877929688
223.11666870117188
222.52999877929688
224.56666564941406
226.9166717529297
234.2133331298828
234.6666717529297
232.5399932861328
234.03334045410156
237.57666015625
242.14666748046875
243.7566680908203
243.51333618164062
241.39999389648438
246.4199981689453
246.92333984375
250.5433349609375
244.83999633789062
236.28334045410156
245.46665954589844
246.1199951171875
249.20333862304688
250.0
239.5399932861328
243.47999572753906
246.3733367919922
249.30667114257812
248.18666076660156
256.4366760253906
255.39332580566406
256.8933410644531
258.3333435058594
254.52999877929688
258.7066650390625
258.0666809082031
257.739990234375
261.1266784667969
260.3033447265625
261.8333435058594
265.5233459472656
268.59332275390625
271.1166687011719
274.1166687011719
283.8233337402344
287.5033264160156
285.7933349609375
285.1666564941406
296.9866638183594
314.73333740234375
333.8133239746094
343.59332275390625
351.3999938964844
357.7366638183594
372.88665771484375
382.0
384.2066650390625
405.6666564941406
402.6666564941406
377.6666564941406
337.17333984375
329.10333251953125
351.55999755859375
339.73333740234375
326.20001220703125
334.05999755859375
351.8333435058594
358.3399963378906
364.23333740234375
377.4766540527344
354.23333740234375
354.0
360.3333435058594
366.7300109863281
372.6666564941406
363.586669921875
352.2166748046875
333.4033203125
316.8333435058594
342.2699890136719
344.3333435058594
334.1199951171875
327.510009765625
317.1400146484375
310.0
309.4166564941406
307.2833251953125
303.0133361816406
297.7966613769531
295.3733215332031
319.01666259765625
332.5199890136719
356.90667724609375
359.47332763671875
354.71331787109375
351.04998779296875
351.5299987792969
378.67999267578125
374.3500061035156
360.336669921875
340.1666564941406
336.6666564941406
326.6666564941406
346.2733459472656
357.5299987792969
342.17999267578125
337.7933349609375
338.6866760253906
331.6666564941406
331.3333435058594
313.5
283.8233337402344
301.07000732421875
302.0
276.3333435058594
264.0033264160156
287.3500061035156
301.6666564941406
296.4700012207031
293.50665283203125
293.72332763671875
300.9033203125
298.26666259765625
306.6666564941406
298.8999938964844
283.5666809082031
284.3833312988281
297.7933349609375
300.4033203125
291.3666687011719
279.2033386230469
267.0333251953125
253.52000427246094
233.3333282470703
260.79998779296875
271.57000732421875
284.59332275390625
281.42333984375
277.5333251953125
275.0533447265625
268.19000244140625
260.72332763671875
277.336669921875
270.1199951171875
264.5899963378906
252.01333618164062
252.19000244140625
267.4200134277344
275.239990234375
289.1300048828125
302.36334228515625
307.25
325.4666748046875
329.6000061035156
332.44000244140625
351.20001220703125
357.7033386230469
361.3333435058594
358.8800048828125
355.5466613769531
357.510009765625
362.4333190917969
342.5666809082031
340.5133361816406
340.8133239746094
324.8800048828125
325.5333251953125
324.3666687011719
327.39666748046875
324.4700012207031
331.77667236328125
325.0833435058594
332.1400146484375
331.3333435058594
325.1000061035156
291.6666564941406
292.4533386230469
273.8999938964844
290.0
282.6766662597656
296.1966552734375
295.09332275390625
285.8999938964844
281.03668212890625
260.3833312988281
258.0833435058594
242.39999389648438
226.6666717529297
250.52333068847656
239.69667053222656
242.9499969482422
233.60333251953125
231.3699951171875
211.0
212.68666076660156
206.85667419433594
207.6699981689453
217.8866729736328
240.17666625976562
244.7433319091797
243.63999938964844
242.06666564941406
233.4166717529297
234.35000610351562
230.0933380126953
239.17666625976562
239.32666015625
227.913330078125
214.68333435058594
211.73666381835938
218.14999389648438
208.69332885742188
213.19667053222656
224.3333282470703
233.82666015625
228.6366729736328
236.086669921875
242.56666564941406
232.3433380126953
222.27333068847656
218.8633270263672
222.1199951171875
216.1666717529297
227.18666076660156
232.2100067138672
241.16000366210938
233.6266632080078
228.3699951171875
225.03334045410156
229.3333282470703
236.88999938964844
239.60333251953125
236.97666931152344
243.48333740234375
254.86666870117188
270.71331787109375
267.3999938964844
256.2633361816406
261.7900085449219
272.79998779296875
279.1000061035156
295.0
292.6666564941406
301.1499938964844
305.0
285.5433349609375
289.086669921875
279.35333251953125
283.3699951171875
285.8333435058594
285.0333251953125
301.2300109863281
302.8833312988281
300.0333251953125
301.85333251953125
292.5
286.2966613769531
287.92333984375
296.5
291.6000061035156
287.4700012207031
280.70001220703125
272.6499938964844
271.80999755859375
266.1499938964844
269.0799865722656
265.739990234375
272.2699890136719
279.760009765625
291.25
300.3999938964844
290.3999938964844
291.6400146484375
300.7200012207031
295.6000061035156
297.79998779296875
305.5799865722656
300.6300048828125
285.82000732421875
272.82000732421875
270.30999755859375
277.510009765625
277.57000732421875
265.7799987792969
262.4700012207031
241.00999450683594
242.00999450683594
233.27000427246094
235.35000610351562
222.02000427246094
218.36000061035156
215.0
211.50999450683594
206.22000122070312
204.16000366210938
209.4499969482422
217.25
217.77999877929688
202.0
203.8000030517578
198.58999633789062
210.0
218.1999969482422
222.85000610351562
216.35000610351562
221.94000244140625
227.27999877929688
214.82000732421875
210.13999938964844
203.0800018310547
196.66000366210938
186.75
177.1199951171875
180.02999877929688
182.58999633789062
186.33999633789062
192.05999755859375
185.66000366210938
180.89999389648438
176.5500030517578
167.5399932861328
166.19000244140625
172.5
180.6300048828125
179.0
178.75
180.6300048828125
191.8000030517578
191.11000061035156
180.5500030517578
175.3300018310547
172.22000122070312
169.05999755859375
173.36000061035156
167.52000427246094
156.91000366210938
155.30999755859375
153.27999877929688
150.0399932861328
145.82000732421875
137.66000366210938
135.88999938964844
122.26000213623047
121.0199966430664
108.76000213623047
108.23999786376953
117.5
119.75
104.63999938964844
107.5199966430664
107.16000366210938
101.80999755859375
117.11000061035156
114.91999816894531
120.51000213623047
117.0
115.5999984741211
125.0199966430664
127.01000213623047
124.30999755859375
127.3499984741211
134.27000427246094
141.10000610351562
138.07000732421875
154.75999450683594
161.1699981689453
166.5
162.77999877929688
169.92999267578125
182.61000061035156
183.69000244140625
189.9199981689453
189.5500030517578
194.30999755859375
204.77000427246094
192.88999938964844
187.61000061035156
189.44000244140625
206.11000061035156
201.83999633789062
197.5
197.22000122070312
191.77999877929688
196.3300018310547
192.8000030517578
201.25999450683594
203.75
198.52000427246094
186.00999450683594
192.8800048828125
192.3000030517578
186.10000610351562
180.0
172.50999450683594
168.44000244140625
163.91000366210938
177.13999938964844
176.02999877929688
178.83999633789062
177.3300018310547
176.35000610351562
188.0399932861328
190.9499969482422
188.64999389648438
187.14999389648438
189.94000244140625
185.42999267578125
189.44000244140625
194.4199981689453
197.1999969482422
192.1999969482422
190.32000732421875
183.75999450683594
179.74000549316406
176.11000061035156
185.64999389648438
180.30999755859375
180.94000244140625
182.00999450683594
182.69000244140625
183.5800018310547
177.64999389648438
160.55999755859375
161.32000732421875
158.61000061035156
158.75
153.13999938964844
152.3699951171875
157.32000732421875
158.8300018310547
158.92999267578125
159.91000366210938
