1.2666670083999634
1.7193330526351929
1.6666669845581055
1.5333329439163208
1.3333330154418945
1.0933330059051514
1.0759999752044678
1.1720000505447388
1.196666955947876
1.1593329906463623
1.1959999799728394
1.329332947731018
1.3799999952316284
1.4246670007705688
1.4566669464111328
1.3773330450057983
1.3666670322418213
1.4126670360565186
1.4333330392837524
1.3940000534057617
1.3700000047683716
1.3846670389175415
1.3466670513153076
1.3666670322418213
1.399999976158142
1.463333010673523
1.4359999895095825
1.340000033378601
1.3266669511795044
1.309999942779541
1.246000051498413
1.1866669654846191
1.2120000123977661
1.2300000190734863
1.2640000581741333
1.305999994277954
1.2359999418258667
1.2433329820632935
1.2726670503616333
1.2833329439163208
1.2773330211639404
1.3259999752044678
1.3166669607162476
1.3133330345153809
1.3106670379638672
1.3079999685287476
1.3580000400543213
1.391332983970642
1.3739999532699585
1.3773330450057983
1.399999976158142
1.3833329677581787
1.3926670551300049
1.369333028793335
1.3986669778823853
1.476667046546936
1.401332974433899
1.378000020980835
1.3926670551300049
1.391332983970642
1.3259999752044678
1.3300000429153442
1.3600000143051147
1.4026670455932617
1.4126670360565186
1.4666670560836792
1.3793330192565918
1.3619999885559082
1.409999966621399
1.4040000438690186
1.3713330030441284
1.3619999885559082
1.3626669645309448
1.3466670513153076
1.3760000467300415
1.399999976158142
1.3926670551300049
1.3680000305175781
1.3466670513153076
1.343999981880188
1.3739999532699585
1.3786669969558716
1.3960000276565552
1.386667013168335
1.4166669845581055
1.4259999990463257
1.4093329906463623
1.4626669883728027
1.4453330039978027
1.418666958808899
1.5066670179367065
1.6579999923706055
1.6333329677581787
1.6666669845581055
1.6319999694824219
1.9066669940948486
1.8833329677581787
2.01466703414917
2.066667079925537
2.0133330821990967
2.0446670055389404
2.010667085647583
2.1046669483184814
2.2193329334259033
2.351332902908325
2.373332977294922
2.3606669902801514
2.249332904815674
2.3913331031799316
2.2673330307006836
2.134000062942505
2.0899999141693115
2.0326669216156006
2.1653330326080322
2.167332887649536
2.136667013168335
2.109333038330078
2.0193328857421875
1.9113329648971558
2.0
2.0893330574035645
2.109333038330078
2.119999885559082
2.1500000953674316
2.0840001106262207
1.8680000305175781
1.7233330011367798
1.8020000457763672
1.8466670513153076
1.7713329792022705
1.7893329858779907
1.7773330211639404
1.7653330564498901
1.7886669635772705
1.8666670322418213
1.878000020980835
1.906000018119812
1.8006670475006104
1.797333002090454
1.7433329820632935
1.698667049407959
1.6846669912338257
1.6019999980926514
1.5413329601287842
1.5686670541763306
1.6433329582214355
1.647333025932312
1.6493330001831055
1.658666968345642
1.6033329963684082
1.6206669807434082
1.6106669902801514
1.5880000591278076
1.5626670122146606
1.5506670475006104
1.585332989692688
1.608667016029358
1.5506670475006104
1.5499999523162842
1.5759999752044678
1.534000039100647
1.5399999618530273
1.6419999599456787
1.5553330183029175
1.525333046913147
1.4786670207977295
1.4520000219345093
1.5206669569015503
1.5826669931411743
1.6033329963684082
1.5880000591278076
1.6319999694824219
1.6319999694824219
1.6619999408721924
1.6399999856948853
1.6440000534057617
1.6293330192565918
1.590000033378601
1.5880000591278076
1.4800000190734863
1.5240000486373901
1.5493329763412476
1.5460000038146973
1.536666989326477
1.5153330564498901
1.4739999771118164
1.4759999513626099
1.495332956314087
1.5133329629898071
1.553333044052124
1.6073329448699951
1.7699999809265137
1.8300000429153442
1.7886669635772705
1.726667046546936
1.7993329763412476
1.7899999618530273
1.8386670351028442
1.76466703414917
1.6720000505447388
1.675333023071289
1.6579999923706055
1.7100000381469727
1.675333023071289
1.684000015258789
1.713333010673523
1.7233330011367798
1.7799999713897705
1.7773330211639404
1.7953330278396606
1.8046669960021973
1.8459999561309814
1.840000033378601
1.8253329992294312
1.7853330373764038
1.8133330345153809
1.7933330535888672
1.7999999523162842
1.8826669454574585
1.8799999952316284
1.8046669960021973
1.8666670322418213
1.8660000562667847
1.7999999523162842
1.7400000095367432
1.8020000457763672
1.8839999437332153
1.841333031654358
1.801332950592041
1.7933330535888672
1.9213329553604126
1.9693330526351929
1.9793330430984497
2.0
1.901332974433899
1.9966670274734497
2.006666898727417
1.929332971572876
1.8960000276565552
1.8286670446395874
1.8346669673919678
1.8713330030441284
1.9026670455932617
1.8960000276565552
1.8446669578552246
1.7913329601287842
1.75266695022583
1.7493330240249634
1.824666976928711
1.8133330345153809
1.8426669836044312
1.848667025566101
1.852666974067688
1.899999976158142
1.899999976158142
1.937999963760376
1.9346669912338257
1.942667007446289
1.942667007446289
1.9926669597625732
1.8933329582214355
1.891332983970642
1.8953330516815186
1.9019999504089355
1.852666974067688
1.8226670026779175
1.8386670351028442
1.8666670322418213
1.9273329973220825
1.9133330583572388
1.934000015258789
1.8873330354690552
1.899999976158142
1.840000033378601
1.8533329963684082
1.9113329648971558
1.9126670360565186
1.8333330154418945
1.7673330307006836
1.6660000085830688
1.5399999618530273
1.6100000143051147
1.6959999799728394
1.602666974067688
1.7066669464111328
1.7746670246124268
1.7419999837875366
1.7593330144882202
1.6666669845581055
1.5906670093536377
1.5406670570373535
1.4620000123977661
1.5399999618530273
1.591333031654358
1.5140000581741333
1.6146670579910278
1.6333329677581787
1.6533329486846924
1.6440000534057617
1.5773329734802246
1.5
1.5593329668045044
1.5720000267028809
1.5579999685287476
1.5
1.534000039100647
1.6166670322418213
1.6386669874191284
1.6519999504089355
1.6633330583572388
1.7319999933242798
1.7300000190734863
1.7093329429626465
1.6993329524993896
1.7680000066757202
1.7333329916000366
1.7333329916000366
1.7146669626235962
1.6533329486846924
1.6633330583572388
1.5526670217514038
1.6019999980926514
1.6913330554962158
1.7986669540405273
1.820667028427124
1.8339999914169312
1.8166669607162476
1.8420000076293945
1.8666670322418213
1.8573329448699951
1.8200000524520874
1.8680000305175781
1.829332947731018
1.8266669511795044
1.8580000400543213
1.8819999694824219
1.8793330192565918
1.8893330097198486
1.899999976158142
1.9666670560836792
1.8926670551300049
1.9333330392837524
2.0
2.0973329544067383
2.109333038330078
2.0913329124450684
2.058000087738037
2.062666893005371
2.126667022705078
2.200000047683716
2.194667100906372
2.2320001125335693
2.299999952316284
2.2426669597625732
2.1626670360565186
2.117332935333252
2.117332935333252
2.103332996368408
2.1333329677581787
2.1659998893737793
2.1666669845581055
2.171333074569702
2.188667058944702
2.23533296585083
2.2799999713897705
2.308666944503784
2.055999994277954
2.0360000133514404
2.0293331146240234
2.0380001068115234
1.9666670560836792
1.9113329648971558
1.9193329811096191
1.8726669549942017
1.8700000047683716
1.8606669902801514
1.840000033378601
1.8666670322418213
1.843999981880188
1.9326670169830322
1.906000018119812
1.8993330001831055
1.929332971572876
1.880666971206665
1.8506669998168945
1.8133330345153809
1.7999999523162842
1.829332947731018
1.841333031654358
1.8986669778823853
1.8933329582214355
1.7746670246124268
1.7793329954147339
1.8126670122146606
1.7933330535888672
1.7873330116271973
1.775333046913147
1.8179999589920044
1.8713330030441284
1.899999976158142
1.965999960899353
1.9933329820632935
1.937999963760376
1.9813330173492432
2.0273330211639404
2.0733330249786377
2.119999885559082
2.1066670417785645
2.1333329677581787
2.1506669521331787
2.103332996368408
2.115999937057495
2.206666946411133
2.233333110809326
2.2660000324249268
2.324666976928711
2.299999952316284
2.2660000324249268
2.2820000648498535
2.2273330688476562
2.2426669597625732
2.253999948501587
2.2339999675750732
2.293333053588867
2.2899999618530273
2.2166669368743896
2.2079999446868896
2.2073330879211426
2.2133328914642334
2.312666893005371
2.434000015258789
2.4000000953674316
2.3519999980926514
2.326667070388794
2.3506669998168945
2.3320000171661377
2.3293330669403076
2.3313329219818115
2.2839999198913574
2.372667074203491
2.4773330688476562
2.518666982650757
2.5460000038146973
2.501332998275757
2.4886670112609863
2.446666955947876
2.351332902908325
2.3399999141693115
2.2733330726623535
2.2100000381469727
2.2160000801086426
2.251332998275757
2.262666940689087
2.2273330688476562
2.1619999408721924
2.1393330097198486
2.183332920074463
2.2093329429626465
2.190666913986206
2.121332883834839
2.138000011444092
2.1973330974578857
2.240000009536743
2.2179999351501465
2.208667039871216
2.233333110809326
2.260667085647583
2.1546669006347656
2.130666971206665
2.1666669845581055
2.0199999809265137
2.197999954223633
2.1659998893737793
2.128000020980835
2.0173330307006836
1.972000002861023
1.9533330202102661
1.891332983970642
1.8386670351028442
2.006666898727417
2.0373330116271973
2.0833330154418945
2.010667085647583
2.000667095184326
2.072000026702881
2.004667043685913
1.9019999504089355
1.8686670064926147
1.8559999465942383
1.8799999952316284
1.987333059310913
1.9240000247955322
2.02066707611084
1.948667049407959
1.9700000286102295
2.01200008392334
1.9593329429626465
1.996000051498413
2.134666919708252
2.233333110809326
2.2839999198913574
2.173332929611206
2.262666940689087
2.136667013168335
2.126667022705078
2.126667022705078
2.186666965484619
2.0899999141693115
2.0399999618530273
2.053999900817871
2.065999984741211
2.062666893005371
2.1026670932769775
2.1046669483184814
2.0859999656677246
2.197999954223633
2.2880001068115234
2.3333330154418945
2.0946669578552246
2.181333065032959
2.138000011444092
2.069999933242798
2.0439999103546143
1.9946670532226562
1.9933329820632935
1.9140000343322754
1.9673329591751099
1.8359999656677246
1.8660000562667847
1.7893329858779907
1.7933330535888672
1.8366669416427612
1.9179999828338623
1.9933329820632935
1.968000054359436
1.9539999961853027
1.9793330430984497
2.049999952316284
1.9593329429626465
1.9686670303344727
2.0193328857421875
2.009999990463257
1.972000002861023
1.934000015258789
2.0
2.003999948501587
1.9713330268859863
1.8933329582214355
1.8993330001831055
1.9066669940948486
1.9073330163955688
1.901332974433899
1.8673330545425415
1.8666670322418213
1.9033329486846924
1.946666955947876
1.8506669998168945
1.8600000143051147
1.9046670198440552
2.0
2.1566669940948486
2.125333070755005
2.066667079925537
2.062000036239624
2.0733330249786377
1.9673329591751099
1.9079999923706055
1.843999981880188
1.8546669483184814
1.9153330326080322
1.9666670560836792
1.9520000219345093
1.9833329916000366
2.0
1.9800000190734863
1.9240000247955322
1.9413330554962158
1.8926670551300049
1.929332971572876
1.8880000114440918
1.8680000305175781
1.8446669578552246
1.8833329677581787
1.9326670169830322
1.8553329706192017
1.8660000562667847
1.8253329992294312
1.901332974433899
1.8533329963684082
1.835332989692688
1.8466670513153076
1.8833329677581787
1.9513330459594727
1.9866670370101929
2.0406670570373535
2.066667079925537
2.0673329830169678
2.0399999618530273
2.0193328857421875
2.0859999656677246
2.130666971206665
2.086667060852051
2.076667070388794
2.138000011444092
2.186666965484619
2.1740000247955322
2.173332929611206
2.140000104904175
2.1419999599456787
2.1333329677581787
2.22933292388916
2.242000102996826
2.2593328952789307
2.2720000743865967
2.254667043685913
2.254667043685913
2.2866671085357666
2.295332908630371
2.3066670894622803
2.3473329544067383
2.3506669998168945
2.252000093460083
2.251332998275757
2.2839999198913574
2.316667079925537
2.3006670475006104
2.262666940689087
2.2426669597625732
2.2639999389648438
2.233333110809326
2.2253329753875732
2.200000047683716
2.3333330154418945
2.3453330993652344
2.319999933242798
2.319999933242798
2.299999952316284
2.2673330307006836
2.257999897003174
2.2693328857421875
2.2053329944610596
2.2073330879211426
2.256666898727417
2.2773330211639404
2.315999984741211
2.303999900817871
2.3346669673919678
2.4000000953674316
2.4666669368743896
2.4573330879211426
2.5399999618530273
2.5233330726623535
2.5246670246124268
2.5446670055389404
2.559999942779541
2.5333330631256104
2.545332908630371
2.6126670837402344
2.630000114440918
2.5320000648498535
2.563333034515381
2.553333044052124
2.5759999752044678
2.566667079925537
2.4906671047210693
2.619999885559082
2.4326670169830322
2.381333112716675
2.4100000858306885
2.297333002090454
2.2939999103546143
2.392667055130005
2.3333330154418945
2.318000078201294
2.4000000953674316
2.4673330783843994
2.5153329372406006
2.5373330116271973
2.5913329124450684
2.5933330059051514
2.5999999046325684
2.5933330059051514
2.442667007446289
2.353332996368408
2.3499999046325684
2.3506669998168945
2.396667003631592
2.413332939147949
2.4733328819274902
2.5320000648498535
2.5293331146240234
2.5486669540405273
2.8239998817443848
2.9066669940948486
2.873332977294922
2.7406671047210693
2.799999952316284
2.7980000972747803
2.7866671085357666
2.7133328914642334
2.803999900817871
2.8833329677581787
2.9000000953674316
2.946000099182129
3.0333330631256104
3.0653328895568848
3.1640000343322754
3.240000009536743
3.4000000953674316
3.3933329582214355
3.3666670322418213
3.5420000553131104
3.450666904449463
3.733333110809326
3.7326669692993164
3.5899999141693115
3.76466703414917
3.7593328952789307
4.133333206176758
3.8333330154418945
4.674666881561279
4.6433329582214355
5.3993330001831055
6.281332969665527
5.453332901000977
6.313333034515381
6.1666669845581055
6.074666976928711
5.900000095367432
5.757999897003174
5.6539998054504395
6.173333168029785
6.769999980926514
7.570000171661377
6.830667018890381
7.084000110626221
6.507999897003174
6.183332920074463
6.24399995803833
6.349999904632568
6.533332824707031
6.595333099365234
6.545332908630371
6.453332901000977
6.599999904632568
6.6666669845581055
6.906667232513428
6.783332824707031
6.803999900817871
6.9766669273376465
6.913332939147949
6.433332920074463
6.873332977294922
6.920000076293945
7.116666793823242
7.23799991607666
7.2906670570373535
7.883333206176758
7.866666793823242
7.888000011444092
8.091333389282227
8.309332847595215
8.212667465209961
8.325332641601562
8.366666793823242
8.868666648864746
8.41866683959961
7.101333141326904
8.064666748046875
7.900000095367432
7.992667198181152
8.266667366027832
8.29800033569336
8.026666641235352
8.542667388916016
8.621333122253418
8.986666679382324
8.838000297546387
9.0
8.97266674041748
9.333999633789062
9.649999618530273
9.459333419799805
10.289999961853027
10.15999984741211
9.961999893188477
9.966667175292969
9.514666557312012
9.095333099365234
9.442000389099121
9.562000274658203
9.90999984741211
10.0
9.947999954223633
10.466667175292969
11.010000228881836
10.819999694824219
11.27066707611084
10.947999954223633
11.091333389282227
11.5600004196167
11.317999839782715
11.34000015258789
11.23799991607666
10.874667167663574
10.763333320617676
11.093999862670898
10.933333396911621
10.851332664489746
11.199999809265137
11.005332946777344
11.137999534606934
11.386667251586914
11.926667213439941
12.298666954040527
11.942667007446289
12.237333297729492
12.446666717529297
12.501333236694336
12.600000381469727
12.93066692352295
12.572667121887207
11.670000076293945
11.760000228881836
12.163999557495117
12.293333053588867
11.648667335510254
11.53933334350586
11.516667366027832
11.666666984558105
12.35200023651123
12.326666831970215
12.236000061035156
12.276666641235352
12.218667030334473
11.366666793823242
11.260666847229004
11.0
11.61400032043457
11.345333099365234
10.850666999816895
10.975333213806152
10.378000259399414
10.866666793823242
11.0
12.0
10.320667266845703
9.612667083740234
9.09866714477539
9.399999618530273
9.645999908447266
9.38933277130127
9.261333465576172
9.123332977294922
9.017999649047852
7.961999893188477
8.405332565307617
8.192667007446289
8.10533332824707
8.300000190734863
7.958666801452637
8.087332725524902
8.65133285522461
8.423333168029785
8.845333099365234
9.621333122253418
9.34333324432373
9.434000015258789
9.133333206176758
9.33666706085205
9.458666801452637
9.313332557678223
9.869999885559082
9.898667335510254
9.838666915893555
10.149333000183105
9.793333053588867
9.438667297363281
9.65666675567627
10.0
10.336000442504883
10.353333473205566
10.074666976928711
10.154666900634766
9.986666679382324
10.0
10.0
9.841333389282227
9.923333168029785
10.166666984558105
9.897333145141602
9.718667030334473
9.366666793823242
11.229999542236328
10.833333015441895
11.345999717712402
11.416000366210938
11.854000091552734
11.815333366394043
11.856666564941406
11.677332878112793
11.433333396911621
11.686667442321777
11.866666793823242
11.923333168029785
12.192667007446289
12.046667098999023
11.886667251586914
11.75333309173584
12.067333221435547
12.62266731262207
13.264666557312012
13.052000045776367
12.88933277130127
13.206666946411133
13.682666778564453
13.579999923706055
14.333999633789062
14.109333038330078
13.917332649230957
15.333333015441895
17.238666534423828
17.416667938232422
16.643333435058594
15.817333221435547
17.23200035095215
17.114667892456055
16.94266700744629
16.862667083740234
16.18000030517578
15.766667366027832
15.433333396911621
16.252666473388672
15.685999870300293
15.66333293914795
15.796667098999023
16.092666625976562
15.744000434875488
15.73466682434082
15.316666603088379
14.942667007446289
14.796667098999023
14.157999992370605
14.186667442321777
14.433333396911621
13.934666633605957
14.666666984558105
15.353333473205566
15.067333221435547
13.720666885375977
14.00333309173584
14.450667381286621
14.454667091369629
13.37399959564209
13.84000015258789
13.272666931152344
13.133333206176758
13.307332992553711
13.138667106628418
13.757332801818848
14.42199993133545
14.053999900817871
13.466667175292969
13.333333015441895
13.21399974822998
13.573332786560059
13.805333137512207
13.90666675567627
13.965332984924316
14.4399995803833
13.97599983215332
12.133333206176758
11.990667343139648
12.258000373840332
12.250666618347168
12.596667289733887
12.665332794189453
12.596667289733887
12.714667320251465
13.129332542419434
13.078666687011719
13.356666564941406
13.635333061218262
13.90133285522461
14.001333236694336
14.038000106811523
14.020000457763672
13.821999549865723
13.565999984741211
13.623332977294922
13.631333351135254
13.983332633972168
13.863332748413086
13.628666877746582
13.433333396911621
13.673333168029785
13.652000427246094
13.784000396728516
14.940667152404785
15.433333396911621
15.2586669921875
15.23466682434082
15.300666809082031
15.9313325881958
15.536666870117188
15.811332702636719
15.645999908447266
15.970000267028809
16.163999557495117
16.04400062561035
15.419333457946777
15.166666984558105
14.576666831970215
14.751333236694336
14.478667259216309
14.707332611083984
14.666000366210938
15.11533260345459
14.788000106811523
14.410667419433594
14.396666526794434
14.483332633972168
14.812666893005371
14.667332649230957
14.883333206176758
14.847999572753906
14.949999809265137
15.107333183288574
14.79466724395752
15.284000396728516
15.072667121887207
15.625332832336426
15.83133316040039
15.926667213439941
16.674667358398438
16.743999481201172
17.031999588012695
17.205333709716797
17.46733283996582
17.499332427978516
17.43199920654297
17.549999237060547
17.257999420166016
16.97800064086914
17.101333618164062
16.96933364868164
17.21266746520996
17.665332794189453
17.566667556762695
17.459333419799805
17.913333892822266
18.366666793823242
19.17799949645996
18.93400001525879
18.836666107177734
18.507999420166016
18.865999221801758
18.633333206176758
18.69733238220215
18.700000762939453
18.291332244873047
17.010000228881836
17.493999481201172
17.55733299255371
17.19933319091797
17.0
16.347999572753906
16.7413330078125
16.834667205810547
16.549999237060547
16.266666412353516
16.461332321166992
16.14666748046875
16.68000030517578
16.87066650390625
17.275333404541016
17.235332489013672
17.34000015258789
17.483333587646484
16.30933380126953
15.904666900634766
15.216667175292969
14.666666984558105
14.64799976348877
15.558667182922363
15.114666938781738
15.618000030517578
15.545999526977539
15.644000053405762
15.751333236694336
15.616666793823242
15.30666732788086
16.075332641601562
15.87600040435791
16.167333602905273
16.200000762939453
16.03266716003418
16.066667556762695
15.63266658782959
16.145999908447266
15.940667152404785
16.170000076293945
16.648000717163086
16.70800018310547
16.666667938232422
17.166000366210938
17.05733299255371
16.707332611083984
16.530000686645508
16.81399917602539
16.34666633605957
16.489999771118164
16.555999755859375
16.356666564941406
16.077333450317383
15.637999534606934
15.083333015441895
15.239999771118164
15.244667053222656
14.769332885742188
13.956000328063965
14.275333404541016
14.035332679748535
13.654666900634766
13.952667236328125
13.392666816711426
12.870667457580566
14.158666610717773
14.679332733154297
14.666666984558105
14.920666694641113
14.65133285522461
14.767333030700684
15.126667022705078
14.932666778564453
14.87266731262207
14.857999801635742
14.303333282470703
14.003999710083008
14.223333358764648
14.187333106994629
13.928000450134277
13.536666870117188
13.554667472839355
12.388667106628418
12.965999603271484
12.713333129882812
12.924667358398438
12.636667251586914
13.133333206176758
13.352666854858398
13.45533275604248
13.628000259399414
13.740667343139648
13.404666900634766
13.597332954406738
13.597999572753906
14.214667320251465
14.552666664123535
14.658666610717773
14.800000190734863
14.358667373657227
14.50333309173584
14.147333145141602
12.904666900634766
13.526666641235352
13.713333129882812
13.611332893371582
13.666666984558105
14.052000045776367
14.37733268737793
13.81933307647705
13.662667274475098
13.600000381469727
13.793333053588867
13.513333320617676
13.120667457580566
13.283332824707031
13.523332595825195
13.280667304992676
12.959333419799805
12.564000129699707
12.743332862854004
12.916666984558105
12.596667289733887
12.800000190734863
13.028667449951172
12.997332572937012
13.466667175292969
13.16333293914795
13.233332633972168
13.438667297363281
13.218000411987305
12.928000450134277
12.604666709899902
12.390000343322754
12.902000427246094
12.579999923706055
12.682000160217285
13.199999809265137
13.500666618347168
13.880000114440918
13.895333290100098
13.989999771118164
14.029333114624023
13.904666900634766
13.830666542053223
13.846667289733887
13.666000366210938
13.785332679748535
13.720000267028809
14.166666984558105
14.5513334274292
14.699999809265137
14.837332725524902
15.649999618530273
15.33666706085205
15.359333038330078
15.329333305358887
15.211999893188477
15.850666999816895
15.606666564941406
14.733332633972168
15.732666969299316
15.752667427062988
16.007333755493164
16.507333755493164
16.321332931518555
16.261999130249023
16.46666717529297
16.562000274658203
16.475332260131836
16.20199966430664
16.358667373657227
16.511999130249023
16.567333221435547
16.468666076660156
16.733333587646484
16.76066780090332
16.594667434692383
16.546667098999023
16.5
16.399999618530273
16.72333335876465
17.02666664123535
16.793333053588867
16.884000778198242
16.680667877197266
16.64666748046875
16.67533302307129
16.81133270263672
17.46666717529297
17.49333381652832
17.476667404174805
17.35466766357422
17.798667907714844
17.76333236694336
17.926000595092773
17.463333129882812
17.65333366394043
18.073999404907227
18.68000030517578
18.591999053955078
18.333332061767578
17.288000106811523
17.27199935913086
17.481332778930664
17.483333587646484
17.47333335876465
17.78266716003418
17.614667892456055
18.166667938232422
18.333332061767578
18.003332138061523
17.417999267578125
17.976667404174805
17.825332641601562
17.495332717895508
17.049999237060547
17.618000030517578
17.512666702270508
17.84000015258789
17.752666473388672
17.333999633789062
17.57200050354004
16.63599967956543
16.238666534423828
15.876667022705078
15.8100004196167
15.666666984558105
15.990667343139648
16.482667922973633
17.03733253479004
17.025333404541016
17.35533332824707
16.804000854492188
15.733332633972168
13.519332885742188
15.368000030517578
15.195332527160645
15.399999618530273
16.124000549316406
16.374666213989258
16.022666931152344
16.35333251953125
16.804000854492188
16.05933380126953
16.336666107177734
16.803333282470703
16.48200035095215
16.50933265686035
16.739999771118164
16.850000381469727
16.869333267211914
17.597333908081055
17.19733238220215
17.59866714477539
17.268667221069336
17.463333129882812
17.302000045776367
17.77400016784668
17.156667709350586
16.69733238220215
16.799999237060547
16.500667572021484
15.706666946411133
16.589332580566406
16.0
15.775333404541016
15.338666915893555
14.728667259216309
14.866000175476074
14.218667030334473
14.711333274841309
14.428667068481445
14.869333267211914
15.100000381469727
15.1813325881958
14.13266658782959
14.104000091552734
14.333333015441895
14.092000007629395
14.322667121887207
14.087332725524902
14.116666793823242
14.026666641235352
13.928000450134277
14.256667137145996
15.133333206176758
15.371999740600586
15.380000114440918
15.53266716003418
14.898667335510254
14.517999649047852
14.523332595825195
14.196666717529297
13.739333152770996
14.346667289733887
14.300000190734863
14.702667236328125
14.899333000183105
14.489999771118164
14.357999801635742
14.755999565124512
15.404000282287598
15.452667236328125
15.404000282287598
15.800000190734863
15.6986665725708
15.497332572937012
15.180000305175781
15.168000221252441
15.113332748413086
14.980667114257812
15.015999794006348
14.500666618347168
14.788000106811523
14.80666732788086
15.595999717712402
15.526000022888184
15.446000099182129
15.666000366210938
15.478667259216309
15.370667457580566
15.432666778564453
15.337332725524902
15.773332595825195
15.900667190551758
15.381333351135254
15.090666770935059
14.666666984558105
14.279333114624023
14.52400016784668
14.267333030700684
14.106666564941406
14.133999824523926
13.480667114257812
13.264666557312012
13.913999557495117
13.293333053588867
13.436667442321777
13.653332710266113
13.337332725524902
13.113332748413086
12.825332641601562
12.719332695007324
12.66333293914795
12.583999633789062
12.82800006866455
12.239333152770996
11.380000114440918
11.420000076293945
10.473333358764648
9.48799991607666
10.033332824707031
10.133333206176758
10.333333015441895
10.579999923706055
10.600000381469727
11.494667053222656
10.910667419433594
11.341333389282227
11.744000434875488
11.516667366027832
11.90999984741211
12.579999923706055
12.826666831970215
12.949999809265137
12.248666763305664
12.552000045776367
13.199999809265137
13.178667068481445
13.566666603088379
13.63466739654541
14.0
13.862000465393066
14.176667213439941
14.284667015075684
14.533332824707031
14.764666557312012
15.273332595825195
15.689332962036133
15.814000129699707
15.4913330078125
14.385333061218262
15.440667152404785
15.326000213623047
15.672666549682617
15.28933334350586
16.32200050354004
16.607999801635742
16.03333282470703
16.931333541870117
17.76333236694336
17.366666793823242
16.733333587646484
16.633333206176758
16.567333221435547
16.866666793823242
16.753999710083008
16.815332412719727
16.874666213989258
16.417333602905273
16.599332809448242
16.592666625976562
16.867332458496094
16.803333282470703
16.850000381469727
16.656667709350586
16.542667388916016
16.100000381469727
15.824000358581543
15.352666854858398
15.230667114257812
14.057999610900879
14.381333351135254
13.83666706085205
13.839332580566406
14.095999717712402
13.85200023651123
13.876667022705078
13.936667442321777
13.94333267211914
14.2413330078125
14.465999603271484
14.657999992370605
14.4399995803833
14.52733325958252
14.699999809265137
14.999333381652832
14.869333267211914
14.76533317565918
14.63933277130127
14.666666984558105
14.533332824707031
14.815999984741211
15.58666706085205
15.665332794189453
15.159333229064941
14.633333206176758
14.592000007629395
14.463333129882812
14.494667053222656
14.52066707611084
14.633333206176758
14.711999893188477
13.29800033569336
13.045999526977539
12.670000076293945
12.723999977111816
13.459333419799805
13.675333023071289
14.197999954223633
13.742667198181152
13.982000350952148
14.0
14.206666946411133
14.520000457763672
14.663999557495117
14.9399995803833
15.033332824707031
14.874667167663574
14.834667205810547
14.642666816711426
15.0
15.097999572753906
15.066666603088379
14.799332618713379
14.817999839782715
15.179332733154297
15.28933334350586
15.196666717529297
15.380000114440918
15.699999809265137
15.291333198547363
15.157999992370605
15.045999526977539
15.333333015441895
15.199999809265137
15.121333122253418
15.215999603271484
15.07800006866455
15.02733325958252
15.067999839782715
15.03266716003418
14.95533275604248
14.921333312988281
14.902667045593262
14.944666862487793
14.954667091369629
15.136667251586914
14.87399959564209
14.809332847595215
14.676667213439941
14.407333374023438
14.028667449951172
13.934000015258789
13.488666534423828
13.267999649047852
13.699999809265137
13.303333282470703
13.272666931152344
13.0
13.137332916259766
13.050000190734863
13.099332809448242
13.361332893371582
13.800000190734863
13.789999961853027
13.758000373840332
13.760000228881836
13.732666969299316
13.766667366027832
13.976667404174805
13.833999633789062
13.706666946411133
13.480667114257812
14.153332710266113
14.206666946411133
14.149333000183105
13.497332572937012
13.399999618530273
13.423333168029785
13.456666946411133
13.396666526794434
13.366666793823242
13.37733268737793
13.136667251586914
13.065999984741211
13.315999984741211
13.474666595458984
13.239999771118164
13.399999618530273
13.526666641235352
13.399999618530273
14.089332580566406
13.600000381469727
13.499333381652832
13.202667236328125
12.670000076293945
12.600000381469727
12.600000381469727
12.906000137329102
12.919333457946777
12.458666801452637
12.736666679382324
12.28266716003418
12.533332824707031
12.185333251953125
12.176667213439941
12.232666969299316
12.710000038146973
12.336000442504883
12.38933277130127
12.707332611083984
12.909333229064941
13.031999588012695
13.037332534790039
12.733332633972168
12.550000190734863
12.192000389099121
12.167332649230957
12.368000030517578
12.40999984741211
12.803333282470703
12.724666595458984
12.853333473205566
12.878666877746582
13.249333381652832
13.227333068847656
13.20533275604248
13.499333381652832
13.536666870117188
13.896666526794434
13.881333351135254
13.866666793823242
14.325332641601562
14.768667221069336
14.570667266845703
14.420000076293945
14.324000358581543
14.316666603088379
15.094667434692383
15.128666877746582
15.264666557312012
15.466667175292969
15.271332740783691
15.27066707611084
15.333333015441895
15.779999732971191
15.776666641235352
16.483333587646484
16.36400032043457
16.389999389648438
16.666667938232422
17.15399932861328
16.952667236328125
16.7586669921875
16.8353328704834
16.615999221801758
16.8700008392334
16.555999755859375
16.79400062561035
16.733333587646484
17.21266746520996
17.156667709350586
17.75
17.986000061035156
18.049333572387695
18.601999282836914
18.666667938232422
18.50666618347168
17.719999313354492
18.363332748413086
18.687332153320312
17.600000381469727
16.8439998626709
16.544666290283203
16.279333114624023
16.94533348083496
16.6473331451416
16.715999603271484
16.527332305908203
16.794666290283203
16.46666717529297
16.5086669921875
16.413999557495117
16.321332931518555
16.407333374023438
17.133333206176758
17.49333381652832
17.600000381469727
17.373332977294922
17.52199935913086
16.770666122436523
17.025999069213867
17.046667098999023
17.373332977294922
18.468000411987305
18.555999755859375
18.535999298095703
18.582000732421875
19.126667022705078
19.792667388916016
20.13599967956543
19.79199981689453
19.833332061767578
20.610000610351562
20.892000198364258
20.422666549682617
19.780000686645508
20.18000030517578
19.979999542236328
20.163999557495117
20.43400001525879
20.133333206176758
20.614667892456055
20.53333282470703
20.82466697692871
20.779333114624023
20.655332565307617
20.992000579833984
21.600000381469727
21.17799949645996
20.496000289916992
19.866666793823242
20.726667404174805
20.625333786010742
21.437332153320312
21.559999465942383
21.698667526245117
21.225332260131836
21.172666549682617
20.959333419799805
20.46666717529297
21.03333282470703
20.85333251953125
20.69733238220215
20.43400001525879
20.73466682434082
21.152000427246094
21.733333587646484
22.512666702270508
22.933332443237305
22.65133285522461
22.566667556762695
22.979999542236328
23.756000518798828
24.25
24.961332321166992
23.865999221801758
24.507999420166016
25.4060001373291
24.833332061767578
25.198667526245117
25.0
25.1113338470459
24.956666946411133
25.19933319091797
25.496667861938477
25.779333114624023
25.093332290649414
24.44533348083496
24.707332611083984
24.247333526611328
24.682666778564453
23.14666748046875
21.150667190551758
20.899999618530273
20.860000610351562
21.066667556762695
22.02666664123535
22.007333755493164
21.54599952697754
21.702667236328125
21.166667938232422
21.881999969482422
21.793333053588867
21.964000701904297
22.016000747680664
23.0
22.69066619873047
23.066667556762695
22.459333419799805
22.366666793823242
21.53333282470703
21.262666702270508
23.02199935913086
23.133333206176758
23.823333740234375
23.8353328704834
24.066667556762695
24.106666564941406
23.79800033569336
24.308666229248047
24.34666633605957
24.200000762939453
24.08066749572754
23.527332305908203
23.05466651916504
22.742000579833984
22.599332809448242
23.501333236694336
23.615999221801758
23.152000427246094
22.631999969482422
23.31133270263672
23.56999969482422
23.7413330078125
23.586666107177734
23.299999237060547
23.065332412719727
23.266000747680664
23.42333221435547
24.299333572387695
24.254667282104492
24.288667678833008
24.96733283996582
25.350000381469727
25.333332061767578
24.866666793823242
24.99333381652832
24.432666778564453
23.543333053588867
23.39533233642578
23.32666778564453
22.658666610717773
22.790666580200195
22.834667205810547
22.393333435058594
23.416667938232422
23.733333587646484
23.540000915527344
23.309999465942383
23.1200008392334
23.592666625976562
23.530000686645508
23.798667907714844
23.583999633789062
23.393999099731445
23.731332778930664
23.70400047302246
23.512666702270508
23.325332641601562
22.586666107177734
22.446666717529297
21.851999282836914
21.316667556762695
21.278667449951172
21.34866714477539
22.149999618530273
20.0086669921875
19.96666717529297
20.46666717529297
20.06800079345703
20.366666793823242
20.166667938232422
20.166667938232422
20.0086669921875
21.0
20.400667190551758
20.932666778564453
21.711332321166992
20.91933250427246
20.724000930786133
21.118000030517578
20.91933250427246
20.883333206176758
21.090667724609375
21.15333366394043
20.570667266845703
20.362667083740234
20.433332443237305
20.133333206176758
20.00666618347168
20.799999237060547
20.97333335876465
20.975332260131836
22.030000686645508
22.728666305541992
22.733999252319336
22.80266761779785
22.99333381652832
22.68400001525879
22.179332733154297
21.972667694091797
21.96733283996582
21.588666915893555
21.066667556762695
20.78333282470703
21.07866668701172
20.799999237060547
21.399999618530273
20.857999801635742
21.107999801635742
21.066667556762695
22.3439998626709
22.14666748046875
22.349332809448242
22.575332641601562
22.502666473388672
22.697999954223633
23.044666290283203
23.0
23.293333053588867
24.0
23.6386661529541
23.218000411987305
22.766666412353516
22.656667709350586
23.00933265686035
23.167333602905273
23.399999618530273
23.229333877563477
22.531333923339844
21.680667877197266
22.599332809448242
22.887332916259766
21.32866668701172
21.075332641601562
21.001333236694336
21.389333724975586
21.633333206176758
22.166667938232422
22.29800033569336
22.402000427246094
22.368667602539062
23.18866729736328
23.566667556762695
23.75
23.504667282104492
23.000667572021484
21.798667907714844
22.159332275390625
22.25
21.695999145507812
22.19066619873047
21.606666564941406
21.907333374023438
21.907333374023438
22.450666427612305
21.958667755126953
21.528667449951172
21.100000381469727
20.9913330078125
20.683332443237305
20.926000595092773
20.75
20.48933219909668
20.266666412353516
17.6386661529541
17.099332809448242
17.083999633789062
17.988000869750977
16.851999282836914
19.28933334350586
20.066667556762695
20.024667739868164
19.931333541870117
20.049333572387695
20.154666900634766
20.239999771118164
19.933332443237305
19.257999420166016
19.405332565307617
19.405332565307617
19.67799949645996
19.41933250427246
19.0
18.899999618530273
18.583332061767578
19.024667739868164
19.573999404907227
19.567333221435547
19.904666900634766
18.586000442504883
18.866666793823242
19.833332061767578
20.053333282470703
20.027332305908203
20.5
20.51333236694336
20.221332550048828
19.000667572021484
18.922000885009766
19.059999465942383
18.976667404174805
18.755332946777344
19.18400001525879
18.517332077026367
18.559999465942383
18.5086669921875
18.567333221435547
18.88599967956543
19.1473331451416
19.05733299255371
19.62266731262207
19.84666633605957
20.03333282470703
21.07666778564453
21.266666412353516
21.500667572021484
22.979999542236328
23.11400032043457
23.17533302307129
23.589332580566406
23.69333267211914
24.3439998626709
23.869333267211914
24.133333206176758
23.43600082397461
22.007999420166016
22.40333366394043
23.0
23.243999481201172
23.55533218383789
24.004667282104492
22.116666793823242
20.917333602905273
20.329999923706055
20.799333572387695
21.637332916259766
21.053333282470703
21.428667068481445
21.038667678833008
20.78066635131836
20.58733367919922
21.666667938232422
21.088666915893555
21.415332794189453
20.12266731262207
20.294666290283203
19.78266716003418
20.323333740234375
20.483333587646484
19.726667404174805
19.483333587646484
19.865999221801758
21.895999908447266
23.187332153320312
23.03066635131836
22.922666549682617
24.606000900268555
24.3700008392334
23.600000381469727
24.075332641601562
23.89666748046875
22.79400062561035
22.660667419433594
21.566667556762695
19.446666717529297
20.707332611083984
21.391332626342773
21.275999069213867
21.3799991607666
21.200000762939453
21.227333068847656
20.684667587280273
20.150667190551758
20.133333206176758
19.79599952697754
19.003332138061523
18.98666763305664
17.34000015258789
18.21733283996582
18.631332397460938
18.762666702270508
19.201332092285156
19.250667572021484
19.336000442504883
19.779333114624023
18.700666427612305
20.237333297729492
19.84666633605957
19.898666381835938
20.0
20.12733268737793
20.860000610351562
18.017332077026367
20.384666442871094
20.93000030517578
20.222000122070312
19.59666633605957
18.309999465942383
17.634666442871094
17.016666412353516
17.640666961669922
17.16866683959961
17.399999618530273
17.270666122436523
17.713333129882812
18.82666778564453
17.952667236328125
17.826000213623047
17.3786678314209
17.591333389282227
20.06999969482422
21.148000717163086
20.549999237060547
22.49799919128418
21.892667770385742
22.16933250427246
22.55066680908203
22.916000366210938
22.700000762939453
22.60466766357422
22.889333724975586
23.233333587646484
23.266666412353516
23.224666595458984
22.21066665649414
22.84666633605957
22.82200050354004
23.012666702270508
23.756000518798828
22.78333282470703
23.46666717529297
22.290000915527344
21.666667938232422
22.670000076293945
23.06599998474121
23.133333206176758
22.788667678833008
24.0
23.73666763305664
23.733999252319336
24.600000381469727
24.0
24.660667419433594
24.628000259399414
24.676666259765625
25.0
24.133333206176758
23.369333267211914
22.50666618347168
21.803333282470703
21.15999984741211
20.899999618530273
20.0
21.32266616821289
21.540000915527344
22.519332885742188
20.406667709350586
20.46666717529297
20.399999618530273
21.447999954223633
22.797332763671875
22.366666793823242
22.293333053588867
22.805999755859375
22.825332641601562
22.333332061767578
22.985332489013672
23.08066749572754
21.53333282470703
20.321332931518555
19.5
18.868667602539062
19.625999450683594
19.527332305908203
19.684667587280273
20.030000686645508
20.066667556762695
20.3613338470459
20.865333557128906
20.832666397094727
21.305999755859375
20.886667251586914
20.455333709716797
20.773332595825195
21.079999923706055
20.823333740234375
20.225332260131836
20.299999237060547
20.437332153320312
20.29400062561035
20.12066650390625
19.632667541503906
19.860666275024414
19.481332778930664
20.118667602539062
21.261333465576172
20.46266746520996
19.874666213989258
18.799999237060547
18.43199920654297
18.589332580566406
18.46066665649414
18.90133285522461
19.099332809448242
18.926666259765625
19.496667861938477
18.900667190551758
18.399999618530273
17.833332061767578
17.979333877563477
18.17333221435547
18.172000885009766
17.31399917602539
17.62933349609375
17.916667938232422
18.477333068847656
18.579999923706055
18.841333389282227
19.219999313354492
19.154666900634766
17.459333419799805
17.99066734313965
18.512666702270508
18.110000610351562
18.44933319091797
17.886667251586914
18.014667510986328
17.908666610717773
17.71666717529297
18.316667556762695
18.082000732421875
17.933332443237305
17.343332290649414
17.59000015258789
17.0
16.433332443237305
15.723999977111816
16.137332916259766
15.923333168029785
16.368000030517578
16.257333755493164
16.667999267578125
17.1200008392334
16.46266746520996
16.133333206176758
15.983332633972168
15.46733283996582
15.286666870117188
15.288000106811523
15.299332618713379
14.797332763671875
13.520000457763672
13.184000015258789
13.273332595825195
12.956000328063965
13.321999549865723
12.74666690826416
12.473333358764648
12.583333015441895
12.34000015258789
12.36733341217041
12.073332786560059
13.245332717895508
13.629332542419434
13.666666984558105
14.016667366027832
14.609333038330078
14.863332748413086
14.025333404541016
14.083333015441895
14.36533260345459
15.248000144958496
15.007332801818848
14.866666793823242
14.414667129516602
14.88266658782959
14.959333419799805
14.687333106994629
14.630000114440918
14.732666969299316
15.347332954406738
15.259332656860352
15.959333419799805
15.637999534606934
15.416000366210938
15.264666557312012
15.609999656677246
15.87600040435791
15.983332633972168
16.53333282470703
16.6200008392334
17.044666290283203
17.003332138061523
17.04599952697754
17.25
17.11400032043457
17.277999877929688
15.566666603088379
15.128000259399414
15.13933277130127
15.526666641235352
16.200000762939453
16.176666259765625
15.423333168029785
15.30666732788086
15.458666801452637
15.100000381469727
15.630000114440918
15.736666679382324
15.53266716003418
15.253999710083008
15.413999557495117
14.723999977111816
14.444000244140625
14.947333335876465
15.174667358398438
14.800666809082031
14.853333473205566
14.664667129516602
14.239999771118164
14.38266658782959
14.246000289916992
14.600000381469727
15.276666641235352
14.938667297363281
15.12600040435791
14.833333015441895
15.146666526794434
15.333333015441895
15.386667251586914
15.825332641601562
16.51333236694336
16.464000701904297
16.399999618530273
16.1646671295166
16.333332061767578
16.399999618530273
16.432666778564453
16.0
16.101333618164062
14.970666885375977
15.37733268737793
16.14666748046875
16.200000762939453
16.100000381469727
16.21933364868164
15.457332611083984
15.440667152404785
15.319999694824219
15.724666595458984
16.08799934387207
16.351999282836914
16.476667404174805
16.52666664123535
17.18000030517578
17.159332275390625
17.5
17.3799991607666
17.222000122070312
16.954666137695312
16.96666717529297
19.891332626342773
19.847999572753906
21.836000442504883
21.332666397094727
20.866666793823242
20.873332977294922
21.08799934387207
20.98666763305664
21.308000564575195
21.200000762939453
21.94266700744629
22.299999237060547
22.93000030517578
23.126667022705078
23.666667938232422
23.073999404907227
23.375999450683594
23.527999877929688
23.450000762939453
24.0
23.634000778198242
22.67733383178711
22.954666137695312
22.351333618164062
22.07466697692871
22.073999404907227
21.959999084472656
22.174667358398438
22.516666412353516
22.18866729736328
22.333332061767578
22.439332962036133
22.663999557495117
23.458667755126953
23.661333084106445
24.06999969482422
24.170000076293945
25.266000747680664
25.375333786010742
26.488000869750977
27.3526668548584
27.45199966430664
27.890666961669922
28.527332305908203
29.0
28.586000442504883
27.0
28.299999237060547
29.366666793823242
29.364667892456055
30.760000228881836
31.579999923706055
33.13999938964844
32.11933135986328
32.900001525878906
36.284000396728516
35.31733322143555
32.91666793823242
33.840667724609375
35.349998474121094
38.125999450683594
37.616668701171875
38.04199981689453
36.132667541503906
37.89933395385742
38.37933349609375
42.16133117675781
42.66666793823242
44.91266632080078
58.86399841308594
54.88399887084961
46.66133117675781
48.70333480834961
53.33333206176758
51.25266647338867
51.858001708984375
49.45600128173828
52.4813346862793
56.106666564941406
61.56666564941406
60.79666519165039
60.46533203125
55.93333435058594
56.599998474121094
52.16666793823242
48.66666793823242
41.97999954223633
47.41733169555664
53.66666793823242
50.930667877197266
48.2513313293457
46.0
40.35933303833008
43.96200180053711
42.68000030517578
38.72600173950195
39.66666793823242
31.299999237060547
29.333999633789062
25.933332443237305
24.979999542236328
29.213333129882812
28.906667709350586
31.81999969482422
36.349998474121094
36.49266815185547
33.66666793823242
34.017333984375
33.41666793823242
33.599998474121094
32.068668365478516
33.96666717529297
34.08000183105469
36.33333206176758
36.9466667175293
37.4726676940918
39.34400177001953
46.597999572753906
49.46666717529297
47.79600143432617
51.48533248901367
48.8466682434082
48.67466735839844
46.93199920654297
48.50666809082031
47.387332916259766
49.17399978637695
53.042667388916016
52.678001403808594
57.01266860961914
50.33333206176758
46.733333587646484
52.65266799926758
51.766666412353516
51.81399917602539
52.917999267578125
52.70066833496094
55.133331298828125
54.72200012207031
52.0
52.689998626708984
55.185333251953125
54.34466552734375
54.70000076293945
54.400001525878906
54.81133270263672
55.633331298828125
54.7239990234375
54.23400115966797
53.91666793823242
57.20000076293945
59.64666748046875
59.20800018310547
59.32533264160156
58.522666931152344
61.266666412353516
62.66733169555664
66.12533569335938
66.01333618164062
65.33333587646484
61.18600082397461
67.4566650390625
65.84733581542969
66.86666870117188
67.51866912841797
66.663330078125
66.59200286865234
66.27400207519531
63.61800003051758
66.31866455078125
64.60066986083984
67.0999984741211
72.19999694824219
81.43199920654297
85.11266326904297
93.6673355102539
93.66666412353516
93.1326675415039
93.06666564941406
110.5999984741211
103.73332977294922
102.86666870117188
98.47733306884766
100.89666748046875
101.267333984375
109.32866668701172
106.5999984741211
111.93000030517578
94.40066528320312
95.66666412353516
100.26667022705078
100.06666564941406
99.19999694824219
101.0
96.61333465576172
99.6673355102539
99.53266906738281
99.38866424560547
99.96932983398438
96.53333282470703
93.06666564941406
98.0
107.4000015258789
110.99933624267578
111.80000305175781
126.59933471679688
124.33333587646484
124.04533386230469
136.3173370361328
141.7519989013672
131.65933227539062
137.3333282470703
145.36399841308594
153.00799560546875
148.20333862304688
167.3800048828125
159.663330078125
135.7433319091797
134.27000427246094
118.66666412353516
118.86666870117188
128.73666381835938
127.3133316040039
126.98332977294922
145.52000427246094
146.6233367919922
138.53334045410156
149.31333923339844
151.0433349609375
143.1999969482422
135.05332946777344
121.26667022705078
131.1566619873047
141.5399932861328
138.6666717529297
140.44000244140625
146.9199981689453
140.4633331298828
141.11666870117188
141.26333618164062
139.9566650390625
146.14666748046875
143.3766632080078
147.3333282470703
147.78334045410156
149.92666625976562
150.10333251953125
151.47999572753906
148.74667358398438
143.9166717529297
140.89999389648438
147.30667114257812
140.6133270263672
137.2100067138672
141.25332641601562
138.82666015625
136.65333557128906
135.63333129882812
131.3333282470703
136.57666015625
143.5399932861328
142.76666259765625
145.36666870117188
146.5
140.02999877929688
138.81666564941406
138.35000610351562
136.9499969482422
136.30999755859375
153.38999938964844
149.4499969482422
164.0
165.99667358398438
167.8333282470703
180.13333129882812
183.35333251953125
193.72000122070312
200.73666381835938
199.19667053222656
185.47999572753906
196.67333984375
197.00332641601562
201.63999938964844
208.50332641601562
217.89666748046875
191.4566650390625
205.00332641601562
206.3333282470703
214.42666625976562
209.41000366210938
209.39666748046875
222.96665954589844
222.0800018310547
216.0
210.73333740234375
214.3300018310547
224.836669921875
220.3333282470703
224.0
233.3300018310547
239.82000732421875
241.22000122070312
252.8300018310547
259.2099914550781
285.3333435058594
283.1333312988281
277.0
284.2533264160156
281.1300048828125
284.0
279.26666259765625
286.2466735839844
285.0
278.10333251953125
285.0
297.1266784667969
290.1166687011719
273.3333435058594
276.6666564941406
271.42999267578125
281.55999755859375
292.3399963378906
285.0
281.6666564941406
289.8900146484375
285.0400085449219
281.21331787109375
270.8133239746094
267.086669921875
272.6666564941406
259.6966552734375
260.29998779296875
265.0
254.2133331298828
220.7100067138672
237.28334045410156
242.0500030517578
233.3333282470703
230.0366668701172
239.42666625976562
229.3300018310547
218.60000610351562
208.68666076660156
200.18333435058594
202.72666931152344
233.43333435058594
233.13333129882812
223.3333282470703
231.3633270263672
234.4499969482422
218.9566650390625
228.09666442871094
215.53334045410156
228.19667053222656
225.2566680908203
222.6366729736328
204.3333282470703
213.9566650390625
205.2133331298828
200.5833282470703
215.5399932861328
229.4566650390625
235.90333557128906
230.10000610351562
229.0
225.7933349609375
225.92333984375
228.56666564941406
237.56666564941406
256.8999938964844
247.6999969482422
242.88333129882812
239.86666870117188
239.13999938964844
234.92333984375
247.1666717529297
239.93333435058594
247.0
239.32000732421875
232.1366729736328
233.1699981689453
222.52999877929688
234.60000610351562
226.31333923339844
227.02000427246094
226.9199981689453
221.93333435058594
221.63333129882812
199.74667358398438
200.8300018310547
200.51333618164062
194.47000122070312
191.85000610351562
189.3333282470703
184.18333435058594
191.6666717529297
198.70333862304688
193.86666870117188
202.43666076660156
202.52000427246094
206.74667358398438
209.5
209.26666259765625
206.7100067138672
200.60000610351562
193.23666381835938
197.27667236328125
207.6699981689453
200.72332763671875
201.2933349609375
203.41000366210938
204.07666015625
205.56333923339844
199.17999267578125
200.6300048828125
204.4566650390625
208.16000366210938
206.0833282470703
210.6666717529297
224.99667358398438
229.86000061035156
223.8800048828125
228.21665954589844
226.58999633789062
227.97332763671875
226.32666015625
227.23666381835938
221.42333984375
209.4566650390625
217.72666931152344
220.73333740234375
228.77333068847656
223.5833282470703
219.4633331298828
218.22666931152344
209.9633331298828
217.3300018310547
219.8699951171875
218.81333923339844
215.45333862304688
216.99000549316406
221.13333129882812
215.6666717529297
216.59666442871094
223.9199981689453
233.3333282470703
239.6666717529297
237.0
238.6666717529297
237.3000030517578
236.72332763671875
237.99667358398438
237.57000732421875
235.44667053222656
241.23666381835938
235.02333068847656
224.22000122070312
223.25
226.07000732421875
227.61666870117188
228.47999572753906
236.89332580566406
235.67666625976562
236.10333251953125
235.0
238.24000549316406
244.3333282470703
244.69332885742188
244.8333282470703
244.0833282470703
246.6666717529297
253.86000061035156
251.1366729736328
253.1999969482422
246.73666381835938
247.52333068847656
248.3333282470703
250.94332885742188
252.38333129882812
244.85333251953125
244.92999267578125
247.8433380126953
251.6666717529297
248.6300048828125
257.7066650390625
262.3999938964844
259.9333190917969
260.3333435058594
259.4666748046875
265.5
261.6000061035156
258.73333740234375
261.82000732421875
265.4033203125
262.54998779296875
266.9766540527344
270.15667724609375
271.8299865722656
274.5799865722656
283.92999267578125
292.510009765625
288.45001220703125
285.3333435058594
298.5
316.84332275390625
341.5633239746094
346.5533447265625
356.10333251953125
360.6199951171875
381.6666564941406
386.4533386230469
392.4433288574219
411.4700012207031
409.3333435058594
383.2633361816406
391.20001220703125
336.8033447265625
367.5899963378906
349.1666564941406
339.2099914550781
334.4366760253906
354.5033264160156
368.8500061035156
366.2900085449219
387.4433288574219
389.1700134277344
360.1300048828125
366.489990234375
366.9966735839844
381.4566650390625
386.8999938964844
366.35333251953125
361.5966796875
333.836669921875
348.0666809082031
350.9033203125
353.5466613769531
336.25
333.6966552734375
315.0
317.7366638183594
331.5
304.92333984375
303.5666809082031
305.6233215332031
321.88665771484375
335.6000061035156
357.8900146484375
369.8299865722656
366.21331787109375
353.77667236328125
357.8133239746094
382.5833435058594
396.51666259765625
382.2166748046875
359.0
360.1233215332031
333.3333435058594
351.22332763671875
359.6166687011719
369.69000244140625
339.9599914550781
342.2033386230469
347.2366638183594
336.57666015625
332.11334228515625
301.586669921875
304.73333740234375
317.4766540527344
311.1199951171875
277.1866760253906
290.9033203125
311.7366638183594
309.3933410644531
294.0
299.0733337402344
307.92999267578125
301.84332275390625
311.6666564941406
302.7900085449219
303.2099914550781
287.19000244140625
300.0
304.6833190917969
304.4200134277344
295.3333435058594
278.0433349609375
276.80999755859375
233.4633331298828
269.74334716796875
271.6700134277344
289.8933410644531
290.7099914550781
292.92333984375
283.0333251953125
285.4333190917969
265.1766662597656
279.82666015625
283.8166809082031
280.0666809082031
260.2033386230469
258.42333984375
269.6666564941406
276.9966735839844
291.4966735839844
304.99334716796875
310.0
326.64666748046875
336.57666015625
336.0
355.0333251953125
369.3299865722656
363.72332763671875
364.8566589355469
360.3833312988281
363.1266784667969
378.76666259765625
357.8233337402344
350.7966613769531
347.7366638183594
326.79998779296875
332.5466613769531
327.02667236328125
333.0966796875
329.6766662597656
335.0199890136719
343.3333435058594
358.24334716796875
338.3033447265625
326.3233337402344
331.80999755859375
299.52667236328125
299.99334716796875
300.75
286.92333984375
301.05999755859375
301.3133239746094
313.00665283203125
295.6666564941406
278.8166809082031
273.10333251953125
265.0
233.6666717529297
257.82666015625
255.72000122070312
249.1199951171875
248.17333984375
235.6666717529297
237.99667358398438
218.33999633789062
217.8433380126953
207.9499969482422
220.47332763671875
241.0833282470703
257.9466552734375
251.72000122070312
244.1566619873047
243.22666931152344
244.35333251953125
234.0
240.086669921875
249.33999633789062
235.1566619873047
223.1666717529297
218.2866668701172
220.9166717529297
222.73666381835938
213.43333435058594
224.60333251953125
234.50332641601562
237.9066619873047
237.47000122070312
249.36666870117188
244.48333740234375
230.5
224.50999450683594
227.0
223.0
230.77999877929688
233.9199981689453
242.3333282470703
252.10333251953125
236.84666442871094
225.5
234.89666748046875
240.0
244.93666076660156
245.0
246.78334045410156
255.10667419433594
276.2200012207031
272.2166748046875
266.5133361816406
263.80999755859375
280.0666809082031
280.70001220703125
301.27667236328125
294.0033264160156
305.0
311.0
302.6700134277344
295.0
290.2933349609375
297.0666809082031
296.5133361816406
289.4166564941406
301.78668212890625
311.6666564941406
303.39666748046875
306.0
299.0
291.913330078125
291.4533386230469
297.5633239746094
302.3599853515625
297.42999267578125
282.8299865722656
287.8699951171875
280.6199951171875
272.5799865722656
281.07000732421875
272.67999267578125
273.1000061035156
281.29998779296875
291.6700134277344
300.7200012207031
292.8999938964844
292.239990234375
301.8299865722656
299.6099853515625
300.0899963378906
306.9100036621094
308.2900085449219
299.8599853515625
283.0899963378906
271.8299865722656
283.8399963378906
283.0799865722656
282.760009765625
266.1499938964844
254.5
250.52000427246094
245.00999450683594
239.44000244140625
233.94000244140625
223.92999267578125
220.9499969482422
215.3300018310547
208.3000030517578
224.00999450683594
210.0399932861328
229.5
219.8000030517578
208.27999877929688
206.4199981689453
205.82000732421875
210.10000610351562
219.39999389648438
229.77000427246094
225.39999389648438
226.19000244140625
234.0500030517578
226.0399932861328
211.36000061035156
222.60000610351562
208.64999389648438
194.02000427246094
190.77999877929688
189.89999389648438
186.0
192.77000427246094
195.8800048828125
191.50999450683594
183.9600067138672
185.0500030517578
175.85000610351562
168.6300048828125
173.57000732421875
185.05999755859375
179.9600067138672
184.99000549316406
182.42999267578125
197.0800018310547
191.77999877929688
189.44000244140625
181.22000122070312
175.02999877929688
172.1999969482422
173.83999633789062
176.10000610351562
174.8699951171875
159.25
153.44000244140625
159.63999938964844
154.0
146.0500030517578
139.33999633789062
136.0
126.37000274658203
117.5
110.3499984741211
120.38999938964844
119.94999694824219
118.47000122070312
109.11000061035156
110.51000213623047
103.0
118.95999908447266
121.06999969482422
122.08999633789062
122.55999755859375
116.55000305175781
125.69999694824219
136.55999755859375
127.26000213623047
128.67999267578125
135.8699951171875
143.0
141.91000366210938
159.97000122070312
162.42999267578125
178.0500030517578
164.57000732421875
173.88999938964844
187.3300018310547
183.9499969482422
193.00999450683594
196.42999267578125
196.10000610351562
207.77999877929688
202.22999572753906
194.4199981689453
191.94000244140625
211.75999450683594
210.77999877929688
199.99000549316406
204.99000549316406
197.92999267578125
203.91000366210938
196.3300018310547
202.02999877929688
210.58999633789062
206.2100067138672
186.74000549316406
194.8000030517578
198.5399932861328
191.3800048828125
185.0399932861328
180.25
175.1300048828125
167.4600067138672
177.30999755859375
180.8000030517578
180.3699951171875
184.52000427246094
178.0800018310547
188.27999877929688
199.3000030517578
195.25999450683594
191.64999389648438
194.4199981689453
192.0
193.1300048828125
195.5800018310547
197.52999877929688
199.91000366210938
197.32000732421875
190.52000427246094
183.0800018310547
179.94000244140625
186.69000244140625
190.74000549316406
182.9600067138672
183.9499969482422
186.32000732421875
187.14999389648438
179.10000610351562
166.1699981689453
164.8000030517578
164.64999389648438
159.82000732421875
160.2899932861328
152.63999938964844
160.89999389648438
163.1699981689453
161.8800048828125
160.00999450683594
