nan
nan
nan
nan
nan
nan
nan
nan
nan
nan
nan
nan
nan
nan
nan
nan
nan
nan
nan
41.25103611986674
40.624378429113335
40.14472197630866
39.76584027837033
39.517510776516154
39.36762977306718
39.23531723995625
39.135662775001485
39.033188654022794
39.00340708984664
39.00767738737576
39.06258040890955
39.15897090464484
39.23655867181597
39.541771265841525
39.96453283091317
40.52357344092158
40.50594976972773
40.692588459056346
40.77894679583876
41.27911406502456
41.59519195553919
41.8539688672951
42.084997972029335
42.06643616000114
42.142337260791344
42.06148628731034
41.928575568115406
41.5655337428048
41.28308342039497
41.06754502314872
40.901406547342944
40.85821031842063
40.79954200995607
40.80608146882281
40.84446417959717
40.89238663207851
40.79940471769925
40.71111020629648
40.59376038782993
40.534285598376286
40.37480812514981
40.24608673794002
40.06910940777283
40.05410323829276
40.08166118660797
40.06100633396835
40.04638909080789
40.102321203466815
40.123536518836055
40.128267444406745
40.12969176438943
40.145215866454514
40.14376986511656
40.13969194531452
40.1655492868673
40.15225698827389
40.05254427281479
38.83011286636127
38.250058959931394
37.72913987011736
37.535463576426515
37.568593939734015
37.7968855270387
37.97383034691595
38.26607936588685
38.65998772176007
39.089417090127185
39.513402992320195
40.004212517425145
40.58721221568321
41.11539911190514
41.72374764985139
42.6156786348951
43.29381602940681
44.18498632798689
45.17974579566926
46.4246162990136
46.3099103554504
46.14183224230525
46.1989387314514
46.25965177116377
46.21992558451631
46.256461615301774
46.2267268482297
46.169250791098406
46.18807317278918
46.070374924651645
45.798607188177854
45.5505212251286
45.49935916856315
45.43328840353628
45.43297638069643
45.3124158419851
45.269672727992166
45.22755106013235
45.26630352235721
45.25771801735047
45.23722670318287
45.18311077326424
45.180607197609255
45.19324303915241
45.07615066095919
44.7928292071768
44.47878508036042
44.30717674658834
44.12375847341807
43.95871232652299
43.7957194773475
43.63981014478909
43.58889006708129
43.55920567176303
43.568506035028314
43.56899468765221
43.57095775377686
43.509156493548616
43.52198694722291
43.43864840487548
43.321244287353345
43.319215843997
43.31452332857808
43.31481519444583
43.31960847707731
43.42013789439927
43.578310617622684
43.67059126180215
43.81645829893732
43.98899184110137
44.155575400010456
44.39474941247356
44.67221949076884
44.975174100417384
45.065139324166296
45.16293706889739
45.257597101298614
45.25971386558673
45.26496324708489
45.25253250313375
45.253058753781076
45.403462980420564
45.32448173864207
44.44149363669472
43.36550032651221
42.141833541835304
41.68807866524934
41.47555992054765
41.288128432347214
41.06645966522811
40.613409358346736
40.48531704587331
40.35791137599133
40.14940043441637
40.16330747355224
40.065334797711344
40.044811984505216
40.07663612315835
40.15188732328299
40.41019186899618
40.76429943938878
41.07725399626485
41.2703017407539
41.27708231335601
41.50851225433436
42.260899506881216
42.36668327593965
42.36615716705746
42.34133038284623
42.33664356635042
42.724771894911065
42.7040581357624
42.51565098533808
42.318350670619054
42.06921603859643
42.01301180981804
41.89755750162583
41.897818951800396
42.04152703300549
42.097348885406426
42.15767065183507
42.22686090568944
42.412229624624764
42.53129741037561
42.71808017747888
42.985993018525
43.25015956040106
42.68396599566907
42.322659067350735
42.40232799134939
42.48806746746131
42.7699044323926
43.06858043732921
43.23694457708263
43.389950143405926
43.60940023704918
43.82342097794294
44.13282758511211
44.598596662780174
45.18713401370828
45.909375478997276
46.66315139308239
47.390072969116595
48.22047879525653
49.14064889416864
50.600677431505126
52.48789587483038
52.60027394679917
52.602303875665086
52.6102204114917
52.598672048413896
52.64161701349003
52.84064731052638
52.82770090391499
52.75800198220649
52.75685536611902
52.58400862605231
52.48269283493113
52.409372427072086
52.486489347815116
52.545746170974965
52.64415545851701
52.89767677718319
52.985195858654734
53.20017077439165
53.301841708471855
53.33276634691878
53.39791483871184
53.481917922835855
53.5518748391476
53.76950843647934
53.94923538315551
54.00322451647891
53.99236681845918
54.00838197691651
54.124504614614956
54.08941800210638
53.88587795089742
53.14944822498313
52.6533096987025
52.21841141109404
52.014904723170915
51.51130612446865
51.34989301139268
50.82369875528265
50.26658965487004
49.83538269749329
49.38105387980886
49.2720895268928
49.16280704044158
49.12573346964973
49.049581960841365
49.24005958044274
49.42456640372645
49.52127626953281
49.61731184571341
49.75731420851291
49.79384939362761
49.52778917968705
49.121038180664144
48.737897545538246
48.48776072370469
48.272661902680355
48.19940913226788
48.206811824491936
48.29547216373501
48.36970437276159
48.47700967251329
48.47533818574214
48.43855589179959
48.40661533011726
48.4475274096117
48.413049677897654
48.65254314888584
48.95816453878935
48.96341477700852
48.956014601009976
48.955523611058624
49.05553528148033
49.35198960371153
49.70512850159277
50.03929473920251
50.40333240935991
50.587867129444646
50.62740567151895
50.43869442410186
50.269401941477014
50.314489508369945
50.28664880561038
50.4234813432798
50.570990876349164
50.61693939424868
50.84329987021183
51.156047945722754
51.14588468973939
51.11103521899462
51.14940069223866
51.30835794070311
51.831363681137645
52.24388835506323
52.42106960230181
52.85577132674959
53.04145241530726
53.2404942401631
53.33961214089966
53.342030598955056
53.30676712446974
53.34347165736061
53.37680352679391
53.48063818390461
53.6147966593566
52.90518249159721
52.546165993312776
51.91865194770703
51.24841430447001
50.40608718379605
49.70743037416526
49.271771257595546
48.717597783784655
48.257530419964105
47.858128867351006
47.5742465195115
47.27556430800388
47.14156447173957
47.08206793261187
47.104929025494386
47.1743023007116
47.50211570283458
47.89329100808342
48.3437500035577
49.278765305521205
49.30455551084011
49.347650169716076
49.331491425682486
49.22116079659708
49.26323210364886
49.2886107290499
49.14976722856965
49.21710085304738
49.3565469271656
49.54345722644388
49.66038202455352
49.86427580636643
49.92139224769771
49.97018581045162
49.96816814637507
49.80643768730762
49.54691284052841
49.388001576741
49.3315006201574
49.29931536000894
49.21485796986811
49.365266321864176
49.326921925590916
49.32934515935787
49.126135372112316
48.639653188782205
48.52463899908695
48.58270468595996
48.65076013832545
48.66699059793985
48.716075676166916
48.76689583011148
48.817549156712715
48.74637105998641
48.63831977754271
48.521897740615735
48.47113694051436
48.48372964064622
48.46827077320809
48.50993010952361
48.67731551399365
48.40399836073972
48.291639834842
48.072054175297524
48.20189247683498
48.77484358515068
49.29549886829065
49.66695911412198
49.953419690696045
50.32676146422546
50.779620175420405
51.24904551299076
51.79475260824826
52.160417972605366
52.545299650941274
52.860336022895396
53.200950204379495
53.54069783448961
53.99606030200336
54.46274887172643
55.460525481127206
55.63486848721459
55.8634162785924
55.95102251573399
56.022215741705864
56.09544117981529
56.30466262184458
56.54328098883197
56.69576842129917
56.90833359919855
57.181170176074865
57.314384391690275
57.35433475728235
57.33332326807743
57.30766417260613
57.302846931842204
57.2555114728042
56.843374748202876
56.76309991101039
56.58513510133087
56.3661677667657
56.33989679513506
56.31947358826486
56.26364469209093
56.195167262395714
56.198938851294685
56.204359793213456
56.22873174042922
56.207057101765606
56.221953676367896
56.20982225931698
56.20865261291762
56.208518981325156
56.209771837258955
56.2041015643872
56.20475161583079
56.199408666100766
56.37592489238491
56.38659775480547
56.498171075942025
56.70150751643842
56.658640080932685
56.67251288852516
56.71793493858482
56.824436002858086
56.822563593653136
56.80226961117327
56.40080352317053
55.89826670505314
55.569335802723835
55.41188658396842
55.4197334965447
55.45376761635956
55.52675002246761
55.65299672535487
55.753384382025544
55.850986995968185
55.93021773132764
55.98195156407292
56.18259917107274
56.45014289527812
56.743393374878345
56.97609424827547
57.16193555024919
57.3610700853234
57.67766392955086
58.14472419234043
58.15977724223429
58.17316574213862
58.158639458724934
58.16841249835109
58.16156194345765
58.16046522504344
58.13007599148755
58.147096131973406
58.11909933413741
58.124333490970436
58.289563406578836
58.27764604424383
58.22245492040733
58.211108114740234
58.30439599821781
58.363646334787056
58.583210598494176
58.752314627367035
58.83224482001103
58.84002478671671
58.75012881261402
58.68039271654894
58.62953112456899
58.687513414704235
58.785090436672725
58.89564739469127
58.976986059664746
59.19730953687216
59.686719512067874
60.27777867579635
60.64676113273442
61.19915297354497
61.40283104072365
61.756544344310186
61.86027369873714
61.952720319025325
61.92708337170515
61.92889697728404
61.92287157664311
61.954240173244834
61.922630351312456
61.95045378638681
61.99757701897739
62.002780060923406
61.941368323855876
61.771329198639506
61.26618279407368
61.11841365902359
61.173114913497876
61.23745174674395
61.32986089534
61.44851557074137
61.50043780052788
61.5735374705161
61.648399119766886
61.67855016065587
61.787261658495574
61.87023525096878
62.016582956041546
62.19758130506252
62.46304898712331
62.65434513173823
62.82478996349227
62.90009196736488
62.95991062530182
62.9673317756788
63.098036292550766
63.12899765855549
63.10515717387314
63.159128415939655
63.33014937092156
63.39773799166876
63.48521746867742
63.61626579270052
63.8477679028445
63.88282491881473
63.95697657929768
63.94705284416513
63.946259064742954
63.94916264806891
63.94614920125272
63.93732392706206
63.90461358528573
63.9087710191508
63.908554209336366
63.90434522324652
63.93832326634493
64.02257462965171
63.97621638568009
64.02670828263902
64.03129145945499
64.10441210542719
64.15166926213347
64.15050798671734
64.16921009820474
64.17882657948427
64.22952304541118
64.34991000802886
64.40486296002584
64.45766479453273
64.50824259493467
64.55182239358714
64.77806978061007
64.82317906160107
64.80268764028501
64.50448899709059
64.26570549258642
64.14519573138733
63.99594211480158
63.86557909240905
63.62719464744888
63.53779923827412
63.52175672697064
63.5957741186114
63.66910950697893
63.78849109396278
63.959687756658425
64.16398360753986
64.4862553983428
64.92123774330159
65.28601414317899
65.72119674624766
66.30066928050256
66.87160222187838
67.20657513757425
67.33709198903955
67.41308354037291
67.51618232848608
67.52114381362406
67.48284244921241
67.36865927961101
67.34201587310788
67.29901251017628
67.01275500290438
66.72746803249855
66.51502944487459
66.40045941614423
66.36541141182742
66.50207381885107
66.64077843069433
66.80903222014504
66.8617270787945
67.21670358333498
67.56281149656714
68.00016987667277
68.24151314881617
68.48467675732692
68.73114776223201
68.85964881367244
68.92057844891492
68.73822118093277
68.73245024469529
68.42948228588979
68.23347821985801
67.97113627207204
68.00149632696174
68.00166714683417
68.13001016827472
68.12929749132134
68.13675659463937
68.0920253873283
67.96151871636657
67.70694875212281
67.43739691863142
67.23656551045357
67.05785776290809
66.88082356979757
66.8251319681698
66.76703798959822
66.7254436599879
66.89389801689862
67.06665997890305
67.4983137880326
67.89392699725691
68.52902936003889
68.99764898347607
69.68574203744288
70.24570833319763
70.72006504871156
71.3369407719194
71.6213174489977
71.52831104200216
71.49909186147646
71.49662430518359
71.49508634556265
71.50563666716184
71.50122341939334
71.48310694014087
71.42051700811889
71.52052941130364
71.62016311718851
71.62138890321978
71.62318010279473
71.62645353784114
71.63502495813762
71.58274731393766
71.44617734924178
71.4394830910903
71.49632675866891
71.52122936539286
71.53554517834857
71.84546989678094
71.8589617249437
71.80716257043439
71.72797879512096
71.70110304907283
71.78490104964045
71.91156571472713
72.1318226262816
72.22615290123919
72.41917569474734
72.65162430575367
72.74644145261566
72.84357652913016
72.98910702905559
72.97310002520959
72.97100089044241
73.01338694453675
73.09274468454952
73.24193935692674
73.15679829990317
73.14590587083543
73.0549739876976
72.99765059310671
72.92685803869314
72.80255432717661
72.6443125695164
72.51691837399987
72.42534826988032
72.39441959864463
72.45505191574465
72.43812346160419
72.70511696021083
73.06491350277618
73.39791747012643
73.79604332164695
73.18692994280342
72.94684733429602
73.14853727856455
73.42473520991261
73.48806303855335
73.67182674338753
73.89262689798312
74.25116584655392
74.67142298097154
75.09528118196214
75.5430624660214
76.03444928217112
76.61770732302121
77.29402611896072
77.99719980942601
78.53071457299737
79.13657199799529
79.89081867864724
80.90432795018563
82.40311371654178
82.4040229365823
82.3369122211848
82.35570826428223
82.412190476085
82.40931002791177
81.81662689543639
81.51021246952318
81.45257428274317
81.39319227929892
81.39011724136647
81.28010714696129
81.14553446724184
81.06748764610172
81.10995066542368
80.90396399059573
80.95365040368587
81.08847383569153
81.1236672048661
81.23923022778229
81.35352508315867
81.41512176226247
81.41511315893361
81.55011032389469
81.60662307131935
81.65696381109034
82.39439549856344
83.08543702070747
83.37223315463174
83.89417108497311
84.03712655437785
84.08673959615152
84.09632758945446
83.95911414864564
84.19609526259242
83.96046318542751
83.85108951755988
83.88699395926429
83.8200976820781
83.84242702201527
83.99162704432672
84.20547813160283
84.23008725170327
84.44505899595505
84.96091304029976
85.25013202611882
85.70363911011756
86.21132438663106
86.1779590957001
86.49261224089979
86.70374945598108
85.9808043978315
85.99783558129731
85.94249506460295
86.1365050444732
86.18671718292063
86.28781521640975
86.40925032021087
86.42488032495288
86.4105161295736
86.4077202342538
86.36122180987164
86.24622658538709
86.23140212593701
86.21212425104055
86.31567028690309
86.36788070386957
86.36173301031467
86.83968512577766
86.88093165000954
87.1153216654552
88.55459632545598
89.1742466007844
89.87939015838408
90.50216756476367
90.95300378646866
91.07437072623914
91.21676599422119
91.2689222460502
91.4770419443192
90.90673705813165
89.31956187280083
89.33095158985435
88.74928279358728
88.22769117995637
88.08742774327318
87.47920976814189
87.14104779072598
87.10606451486812
87.07484996587542
86.87826426814311
86.98622801018166
87.3378610572365
87.40555466483644
87.42227637092445
87.48982111829524
87.53559229169034
87.21744386028114
86.91552988167366
86.72764047438669
86.92255703978782
87.71942146606577
87.7104983635926
88.07427202603454
88.549383627153
88.67850917922951
89.50136473263831
90.12856471714423
90.24508312378904
90.38962089942187
91.04503840248209
91.61116315772517
91.78112915271414
92.13444049471177
92.06936170456011
92.20834308121515
92.19829520692453
92.16048193709875
92.13807347585114
92.13883549831817
92.19609508897724
92.19433124068615
92.54715743242694
93.10830776339935
93.32508395876707
93.3526804015131
93.85799959110612
94.03113885284131
94.68152823579304
95.01313233285917
95.00766377498775
94.84921991026755
94.87585451359207
95.01380896918359
95.00906241952369
95.11230686232425
95.19239444253161
95.41771032258431
95.68992862070827
96.23791500876985
96.83701784499787
97.20274320152059
97.62909029758269
97.86970568629486
98.19094558030962
98.19830385372909
98.45652740238667
98.08598413956449
98.04267601122555
97.77949623592721
97.73856073731591
97.63810419112524
97.69872182429543
97.69282136815576
97.67527827313747
97.61023769522617
97.57128858846848
97.22903644985179
96.74931488857324
96.56136526956051
96.26123635463708
96.1652507911674
96.11910922797186
95.97032169323616
95.75614435146873
96.01675421268334
95.86380371002068
96.43100961410134
97.10667421057812
97.9432156513316
98.57782841460426
99.54566629721421
100.47075429583134
101.16219842502119
101.79886037376464
102.44913190801601
103.25269233001501
103.58904700914451
103.79662420353961
104.15090698602873
104.31962166471396
104.68011109287855
105.29003212049537
105.47555194407225
105.36065076556702
105.12183784941872
105.2328472946905
105.27178252753674
105.28884428983561
105.63884868469371
105.80935672183996
105.70238372934635
105.54809463922032
105.38184449935927
105.36493667153721
105.33710053305425
105.30307671151661
105.22693096367819
105.24078714663514
105.27599132398912
105.21387647255892
105.2263903766915
105.27041938719012
105.5032236814411
105.85451490781404
106.60083223235944
107.08268232640623
107.48527322634926
107.75764562619344
107.91277733038872
108.0566679473525
108.03173470925766
108.03266499559972
107.93489688221975
107.95755533371324
108.57912261256844
109.24932492112544
110.16125521997894
110.57025290157853
110.75090390089507
108.98669758994684
107.52304959555099
107.14812772879736
106.47867715885062
106.35004635224307
106.26373294707156
105.82194605431039
105.47006530462404
105.31742431887986
104.99736103426655
103.41940978844434
103.28987931607105
103.05785563856465
102.5264313744176
102.11554456530791
102.39915936132489
102.36693248911094
102.38017030161959
102.43304796399127
102.72911136029752
102.59179225496624
102.60899813523011
102.60899813523011
102.55534037918736
102.56350665690168
102.36977216882163
102.34052635704691
102.34163850460057
102.09507635363596
101.27366018827023
101.4370211476147
100.99341818334798
100.97436147332085
101.26804059423104
101.44756033834567
101.43011812125292
101.46870834493318
101.43380233113453
101.473176548174
101.51185090761444
101.34479199673842
101.48394450402897
101.50301089396245
101.55260799728562
101.60042764395418
101.72828185245606
101.1542386368677
100.78992903201143
100.65463529590103
100.60902321011767
99.43516504637768
97.1738898036369
96.52758834973251
96.00989087127098
95.55244712357434
95.30202840892706
95.15404786323575
94.72532551812732
94.70078182108396
94.82560278367566
94.78078222747712
94.91168281906326
95.18643386923956
95.6193852114286
96.3062983314771
96.4171804345973
96.29134623131999
96.12785987529914
95.78552601008734
95.78536294590667
96.19310060877952
97.99994146447884
98.20606351092133
98.48222793203003
98.83361505493178
99.07918461667384
99.44613058022159
100.86520049053732
101.23739677933366
101.56877972622979
101.86543527420434
101.9423429838952
102.13107740051404
102.48090951379609
103.12629109661684
103.1894562066292
103.22502246064836
103.12435667351937
103.08056938785307
103.11150972734889
102.8922620692409
102.49651735272789
102.09299610220619
101.85892355057423
102.20281993364235
102.13706656766128
102.38499988243512
103.16986679453393
103.48189791284992
103.63161095449142
104.0278448178452
104.63425939343307
105.16567249683118
105.87335896077026
106.22159389318844
106.71496281981685
107.16662963726903
107.20187536936827
107.44793195808847
108.18341765865327
108.09168039119712
108.3440673043473
108.52647897631898
108.65158824367805
108.90863913339015
109.22312070586233
109.4726874082579
109.76004072089722
110.22821105349684
110.73698093316926
111.79924195234967
113.06454651310953
113.8278264462799
114.55704060911862
115.11442461800833
115.777807081094
116.1126750673873
116.16350878697882
116.27457693835278
116.35017630180607
116.00999684801958
116.04367704461124
115.80762934670149
115.80501315578753
115.38166945826524
115.18506639235807
115.15000601969078
115.04972040476694
115.40751545747645
115.79928641645331
116.23549253713159
116.73480033248046
117.32406483664299
118.11107339626999
118.78155516402948
119.5447338431842
119.97249807012881
120.57917338433569
121.44423772882197
122.18715535508268
122.67664235136314
123.05379290330433
123.20083212630666
123.46262337335362
123.38544994729162
123.41248886796618
123.47072191135322
123.61628670295721
123.56377283104754
123.18668031498466
121.82903397179112
121.5680446553899
121.58202600911147
121.57586643842454
121.15206552271204
120.60876440574907
120.65864963191726
120.71402385291279
120.630474335808
120.45908081702594
120.31068027061934
120.10860405531554
119.92265492107146
119.65473270975593
119.68621558405216
119.77561531708415
120.23202059994391
120.93993124819907
121.59657279791381
122.77141203097858
125.42553550007527
127.47337489161205
128.98805970513175
130.21223399894612
130.61755025937296
130.87848212496863
131.2076724694544
131.7318946356855
132.11819323296365
132.59313189587408
133.16160693959299
133.27272826866763
133.33230138130048
133.3208372424204
133.28866726351382
133.18904109690126
133.46643982734025
133.83587451068115
134.11227506441563
134.6387679102228
134.92514150532017
134.87359138833602
134.92411225920637
134.90282571543824
133.73395529013789
133.4391916926641
133.1512012928199
133.15899298595534
133.12298726675343
132.91086158091312
132.97847632678926
132.61109174129257
132.19281545927498
132.14670835222384
132.14645383631589
132.1135347911546
132.20808143173417
132.2676350948839
132.01121955229374
132.15134099746902
132.31522080986645
132.26766976556567
132.2646791836435
132.25492323900286
132.92455487019836
133.13715998858618
133.11300305745033
133.0981439631597
133.09681457517314
133.12627373427156
133.0819528560414
133.4848749168142
134.02120991594055
134.04313534423926
134.05036679834737
134.0429753493495
133.75277482105784
133.70369018114795
134.41575354518332
134.67371305626128
134.91506737031014
135.23740911197532
135.2138125834992
135.24140091383813
135.4151823363845
134.85218447034603
134.72475568418795
134.72971832848913
134.6973076849016
134.62441360781708
134.81950210264029
134.85220055812525
134.88787109899175
135.08854597712607
134.9825626662404
134.96243689739438
135.05332640481043
134.95653279398692
134.94168959426364
134.80364812186625
134.7108797395098
134.69222993287775
134.66662329086438
134.07975974770645
134.0464836549695
134.3231019659053
134.59273295901664
134.63281496818465
134.81627054175223
135.43190516938253
135.67748514945313
135.84491380796214
135.85311162546506
135.94859364184805
135.81839010578463
135.8518856299285
136.00208841392484
136.50264018326533
136.95072791218576
138.16587044571594
139.531094938435
140.3873675477815
141.2104301177326
141.2794451275168
141.61887240970597
141.73608681242033
142.2856783934294
142.92704499839155
143.46239602420388
144.0975679387405
144.95089210311653
145.87038220464015
146.47500095527548
147.17752466249127
147.6963467611488
148.08418594119166
148.14060046776396
147.78775945920796
147.69984263109055
147.71258525558434
147.73792306016315
147.64112241758363
147.70181068133763
147.65316724457918
147.45130512931627
147.3030070285768
147.48453192046793
148.04712458014174
148.5119341620601
149.2309133259822
150.05719572806706
150.6412683978538
151.30024290536159
151.96360896083138
152.79705218661215
153.1351329630539
153.51193031953684
153.68803533307198
153.71054834165443
153.92041776703832
154.196488106895
154.4227879976631
154.66307123026945
155.1656007864656
155.519821505024
155.8528482811727
156.32763594649998
156.21162221104834
156.29735302976025
156.30688132330667
155.46811042720248
155.65699681320984
155.1645111981818
154.8797950396074
154.40346807627034
154.77608152155506
155.6185315224959
156.6492101803783
157.30657982414004
157.90248445622476
158.83749690068728
160.29977609978062
161.70009781819613
162.79502091967487
164.1700597048096
165.18298868856735
162.51358387903403
160.49080628156398
160.827352282633
159.33132503174255
158.59940833314172
157.3148560107146
155.36653411120875
151.23747769692568
150.2375341766882
147.89715331347307
142.48853486920396
141.86949614403377
137.05657411137898
135.9141070675745
134.30638702068495
133.56539274842143
131.64710512268718
129.25472086421956
128.91390353981063
128.8235330445972
128.80374418980662
128.58867419113224
129.71733515915824
130.0513448996795
131.25259301804059
132.11592277797834
132.53845455648363
131.7570125551282
131.52003228678618
130.93006789390165
131.97596907458907
131.6014960489974
132.95700689441958
133.11135081997105
134.10359218817172
135.0656325726197
138.21451202102523
142.9047610508662
144.7538481708788
147.43510026470736
148.36986657003263
150.9873658468208
151.75565331659809
152.8651898997222
155.5707154713305
158.17926782040678
161.78501712860083
162.3946523603034
163.47718731367965
164.3728325219378
165.48185571708646
166.6025159096922
166.84581614255737
167.49994966889034
167.5969016570616
167.54948963211322
167.70862245396023
169.5304724684818
170.14374535449133
171.49559610978847
172.3089198710119
173.31972577396493
176.03523064575884
176.61782611307518
176.9778635024807
178.83211681240866
179.48762532885783
179.74867370850473
179.78054388204026
179.55384757435436
179.19617500064464
178.73986410356414
176.86074044903452
177.49578255849343
178.04668403710107
178.22178743630107
177.82559530075883
177.63990636908855
177.15446920217974
177.2559754793928
176.79824343322218
176.83535310821742
177.6489468740441
178.55636500888946
179.59798016566583
180.8221892860772
181.39594023872198
182.04501175748646
183.42723941797638
183.57957455932632
184.28891548882106
184.4584658544938
183.86516924089193
185.4619895203201
187.59285837944097
189.75145015858158
191.11808141459804
192.44058846145703
193.3580705036513
194.73826457323
195.32686924797176
195.70317408010766
196.5433829176881
196.70965889140047
198.23126412804064
199.02347525411733
199.1006160844475
198.99907475948936
198.88486567754597
198.3051248236864
198.20601511222588
198.19919816306393
197.9723722990724
198.04542857203444
198.10954426267142
197.65968835131227
197.69432682563036
198.08631379621664
198.67442151784147
198.6881518201634
198.71165829214516
198.72064136694857
199.30916047233606
200.41402766451046
201.1095519990171
202.18741160394876
202.3973788385014
201.97590600179754
201.51735005083185
200.92916374757448
200.42551403670035
199.59996312193093
199.63612988440292
199.7843349326133
198.76611573595486
200.02745500438186
199.40499591768912
198.61838044702665
198.0837508611826
197.90113934503682
197.0446993955327
196.03337378852927
194.24729402639812
193.06217779442972
192.56598938021165
191.0849298705513
190.21614518480686
190.44120382826733
191.3972162046443
192.07204847887175
193.64737482039692
197.74280640540604
198.59375667743618
199.0615761522863
199.41631430709188
199.53507520995268
199.54285337408763
199.10617086196012
197.7260879956667
196.4287900920363
196.1866827875437
196.64094782583751
197.81563750831793
198.98552179750388
199.45913363940417
201.36008416314706
202.86333634636983
203.5610155178257
203.647091250115
204.42470287637417
202.8754401283416
201.76264933193193
200.986918709021
199.6920205575454
199.77380003611438
200.09384069582842
200.04894293544447
199.7684300268902
199.87171638465293
199.84396186212254
199.98743491810822
200.07298614367826
200.17876879084469
200.19317438524175
200.18836225858965
200.00172274643828
199.91302538926058
199.69044990960484
199.6931126840367
199.71257610910303
201.12753838879547
202.2871533433582
204.14872879083651
206.50700887179988
207.95359849778913
207.85158406449804
208.47916009703448
209.66134473125024
209.88276587555183
210.0312198816409
209.58245307953695
209.53062654472618
209.60888256339604
209.81019683508842
209.24307890637928
209.17553199355876
209.18040016788694
209.0093177422228
208.9718638848091
209.0048719218502
208.94932415800218
208.59753064241298
208.65932688630434
208.77196914639205
208.97964096929078
209.33567087522212
209.70577864295655
209.35379914416657
209.53869405988794
210.50144663052103
211.79034900110528
212.1233800728458
212.49324356896363
212.24390332120424
211.29920576709054
211.06362249230622
210.99251347686481
210.8421698582467
210.67062501410985
210.0151132797133
209.07507389691906
208.2907211187419
206.65180309917355
206.44226079290706
205.4117894608246
205.1846559867159
204.8530667054568
205.980691035497
206.47025454535506
207.03977308671486
208.11804303187398
210.09262431049774
212.06271391014118
215.30243541310284
219.50563268165126
223.4031963866937
225.60621151535506
228.08550643458923
230.12370214368553
231.02911182908
231.49263595566688
230.47066751778496
229.55705869377508
230.37577359560598
229.71056293048343
227.7391338058749
225.8390360245703
225.11729489841187
223.765542566074
223.52574519501002
223.30574463905492
223.42273360855663
223.70999944699648
224.15796845279505
224.61887221026473
225.29738993621837
225.8303087576508
226.08346528322528
226.05103730113692
225.96174762935624
225.9590601720506
226.38691888955748
226.47558602594674
226.52018232877418
226.38349703389937
227.28878233507527
227.89922444128572
226.30722091570718
226.58362886972418
225.8171972800226
225.07713637424894
223.89598770141316
223.31381333391866
222.876172082601
222.83320966209556
222.69980376418482
223.74885365395312
225.4926933672847
226.5680449006316
227.48959544346155
229.20828469246356
231.77910172053666
233.80937180109348
236.55996595163003
241.13187854350585
245.2125924109814
247.58696914178782
248.13278038420523
248.11400893305662
247.2621132444998
246.71054149016285
246.4049386789236
245.20302654366768
243.91591781657195
241.0081848857839
239.5826646243002
239.2695862945357
238.54226392447845
237.59228662174087
237.04869881701538
236.83838639207477
237.0979820442721
238.11420010897479
239.653763112127
239.92762830160697
240.0607475349512
240.18487073191966
240.27412113522863
240.25537744329338
240.19330152817653
240.14624987751904
239.97721139645932
239.8641622947237
239.7930840184238
240.80268639790563
241.04805696739356
240.48694084260612
240.76966069614494
241.7583158954196
242.61600102195905
243.1916066227523
243.900307143114
243.49679465133062
243.30473308210526
243.18951717622178
243.7952763769373
244.18502809104223
245.0207833639288
246.37777058457615
248.56031476957358
249.02740712370903
249.4011495113657
250.17010511428816
251.5186459383136
252.41018559084725
253.51419873316993
254.18266333435292
255.3258943764424
257.24098249493625
258.72112424024704
261.02718753995475
262.8081632013254
264.08188683658204
265.25774394669116
265.9720117974374
267.7402889772522
269.22968567400676
270.3831255315597
271.9150175863972
273.6565995018141
274.18730964119595
274.7098312027241
275.0002794279095
275.6023131536609
276.2833029076928
277.36622424063654
277.84305421252566
278.1347935821816
278.6208607214016
278.99130507562444
280.4205364064417
281.7490224474221
282.9377715443166
282.4574128226019
280.2381173100035
278.9204608436427
278.6979403086483
278.8681458189259
279.4221040443851
280.3482032753749
281.2075253500295
282.0114715290977
283.1160950668858
283.86517842875753
284.7422609235984
285.9829171331608
287.8994468111114
289.86631275484734
291.0707147717981
291.76064611171864
292.3594419217415
293.28757965434164
295.27568510687365
295.7510766842721
294.676236306181
293.9672733239414
293.84788586674847
293.80592556703783
293.8241521486056
293.03757851218205
289.12565939021624
286.3618155025819
283.5575695270103
282.7241276319236
280.87243542896977
280.23965216499244
280.12542743862673
280.07430616506525
280.04715522157
279.97768478604775
279.9079587487941
280.46720593513595
280.8006742953582
280.366259202047
279.55550296869245
278.8488978064007
278.34327960896667
277.5549200038066
277.0978664378231
277.06936779331323
278.564362033993
278.6858586350195
279.9625888326341
279.36609154584914
281.36078166026107
282.3999028030189
283.25266229689726
284.1621223146965
285.77219086929404
288.0459611510894
291.4034016214256
294.89833634508267
297.3952259884979
299.8046297312001
302.04096105847964
304.3037376655957
307.28954557591913
309.8741919148964
313.3857636542876
318.43920761527295
324.5188764867488
326.77803124240177
328.23341366057656
328.74830379671846
329.02760540714286
328.48150139630826
327.74753701305735
325.26277396369943
324.0052262776358
323.95727786833135
323.9265053591925
324.1616165216918
324.14726858972415
324.1345861460756
323.3376028183055
323.3035068655663
322.00992087565356
320.8486358358801
319.3134419277033
319.1122080155446
319.2267913592276
319.3771951932555
318.92643817507
318.6039425350547
318.4200648310784
318.5823690096234
318.92734230094896
320.3258575838132
320.7435610588218
317.6871963451196
314.4657591605109
311.7955143301867
309.8318541493043
308.1738694731993
307.179235610497
303.5689990983283
301.7222973935519
298.55503777893574
296.10125581737316
293.1838875349289
289.54991952221377
286.6033846923444
283.2816573557912
282.28516597748416
282.6131206970582
284.16396145328537
286.0337520235382
288.3074306493899
290.1331843658153
289.8712113633578
289.91812489759803
289.67749404092535
289.85289322492474
290.15471157888834
291.01749011742174
290.00504202248663
289.26478588826035
289.1370508937343
288.9130286960656
287.44599981857846
285.9609963194894
284.51057701259333
282.46132148874386
282.24539767098804
282.0797008184927
282.0554910901925
282.0582328997044
282.3171328990932
283.17586919109834
282.3703764777459
279.6640435166613
276.4136194410822
276.16988504404276
276.8245583530473
275.6495765495956
273.56509220707466
273.30865977636506
273.65211955235185
273.92180466893524
273.57505242954494
273.5878970092091
273.3105489954598
274.61642847415453
274.2674741234817
273.9999216469311
273.06911730401526
271.7816587600188
270.92649193083787
270.8114322108012
271.19878713416006
273.15158488038895
276.67866484139165
277.8670867270054
279.78632711703153
282.94688198646475
285.59315310391383
284.2479375423453
283.0465973275134
279.99905977954
277.05482588567907
275.40698704748513
273.91319288185656
271.7200568406738
268.3384268962706
266.58103613943234
263.4689053412219
263.48957114338816
264.3123314700076
263.61669415672696
264.26664820064536
266.4091533541066
269.1232444280048
269.2882387923664
270.0303038399865
267.95982352029176
266.41246126379167
262.84510081042504
258.63574457201315
256.40065845731675
254.49066371027698
253.7693659253743
251.04339984484304
248.30738090343127
245.7828885025549
244.90750773421883
243.99364575918378
243.7550076043063
244.84832141395458
245.00053301355973
245.90982132673855
246.61230551706882
249.11585785963135
249.70167875261222
250.08125921085383
249.95716944772167
249.9282713325108
250.25287945341086
249.78019433841064
245.8199250085548
243.03116478325995
241.7977127861254
240.21386964213266
239.3526780876993
239.50372528331312
238.82571339016621
238.77595239450483
238.8313919406765
238.82216518342165
238.66573190721485
238.79362135562843
238.87980181150903
239.53958664239192
239.88657901459592
240.05545126229563
240.49813786472862
240.7656569827242
240.7780358020389
240.84635997614805
242.77729775770615
244.48448746198068
245.05229592654425
246.91628852361637
248.75678663247191
249.4875066558763
250.3906102385467
250.49787400816936
250.58023422155543
249.50792043069967
249.45093248478787
248.04612785552644
246.70721440449017
246.1661475592639
245.9807034997049
244.92523026887457
243.94898521266185
243.3149917572899
243.25150866207287
244.5792730710816
245.84632853868322
247.6047379953289
248.85659067866433
251.03361497177576
252.74767495284084
254.47074594355283
256.1211190993157
259.1312746839635
262.63815327631823
269.6465058939578
271.27799262615326
271.6556590765125
269.1751882339664
266.52223623500777
263.97091668080657
260.73125854150356
257.6496203624591
253.98011523620784
250.19754332957328
247.82933344839472
246.02003823639535
245.23372271031386
245.28867264150094
243.83743822383667
243.04263711535694
241.42109709697115
240.41191735654127
239.5747939876828
237.75439115196258
235.60920933901133
234.46293553222102
233.94577018872948
232.3548046169242
230.71758240645056
230.0468890426732
228.96076111769568
227.25789798916537
226.77176599267912
226.78369814363367
227.10831819087414
227.52143468867115
227.9476763946395
229.05468185076552
226.7383770763335
225.12994690524212
224.75334792711385
223.59733143842175
223.62319031070686
223.6253693461241
223.52746332044123
223.4146601258369
223.41630722401226
223.14370830118796
222.70109744494354
221.98659952092075
220.70503342418814
220.9613997207515
220.46061997603593
220.01796206078353
218.39289028798612
215.51515874546422
214.16457225636816
214.03895567843932
214.41443645622323
214.2494348076277
214.05410550385326
213.99597961720556
213.9409620465973
213.87755254852857
213.86020189852405
213.8720689221726
213.89431390907146
214.19874730441964
214.76122250647506
214.6596752646488
215.27264586617457
215.38623108997797
215.79178651450908
215.90896649119657
218.04274727424385
222.56771817077305
226.19232788540458
228.61878059467998
231.1185189107498
236.1028500173719
236.30971589496127
236.13320756324285
236.0503466360492
236.14228729890084
236.8383492560956
237.27028726312554
237.1235774257887
237.08149635118244
237.0130412907072
235.6906339879456
234.60789859661202
233.76382252422027
232.63306817764513
232.3116422315502
231.96300325523316
231.81931788414502
229.34871298067193
225.38252125907923
222.76835153529362
220.96643834621858
219.6574618900235
219.76193640103074
220.93725076256143
222.75718363084275
223.42901816029976
223.60231459648654
223.2538798417064
223.32864739408421
223.50379550321836
223.37420782115535
223.3330278671488
222.68211530801088
222.35691712488492
222.31799969426103
221.95946975970037
221.14105862020244
219.66180771026768
221.57212504879612
223.661874532289
224.32166008219914
225.56939759364
226.42900085667566
227.24489823275036
227.43835575783606
227.87213490175526
229.864597301049
233.60068070600232
235.75653514868597
237.2420724443332
238.82126103660548
241.2581197580217
241.46820995347431
241.8037987689426
243.24723188432645
242.92623986437482
242.69364808828072
242.37764105889386
242.28755748289512
242.05832735433182
241.85924983316238
241.58996755391587
240.76008074855613
240.63602394368988
241.77749267293663
243.00281387491822
241.33109955260042
238.63893944597442
237.89617316384653
237.58485053584866
237.85312792145822
237.47779422064806
237.85205569539485
238.90661498591749
240.45773515030152
242.65531497768205
244.02455920319693
244.65968686202768
245.61696510395618
247.49158026914117
250.09663581219905
253.07353161107991
258.2917855870629
263.21708677075503
266.83601647963246
269.40075150545454
270.0190230508149
270.20446057007774
271.7743221370123
273.2347997448843
275.4401358828024
276.4684643111675
276.64717467338005
276.3828655519918
277.6050110690327
275.87760051125485
274.18048717965377
273.18234031605454
272.6571239847819
272.53119777689625
272.86622219992654
272.1688901242802
272.1410945455965
273.3300783483499
274.29718068108707
274.8258499630566
276.15667235380965
277.26910486931007
278.56590746779716
