nan
nan
nan
nan
nan
nan
nan
nan
nan
nan
nan
nan
nan
nan
nan
nan
nan
nan
nan
49.776963376593216
49.85562111312299
49.86227723023431
49.860158790843535
49.730488414768026
49.36236938769942
49.0116821191746
48.71133658412938
48.41581075088443
48.15859242187211
47.993322063307836
47.67241905703283
47.29002850026239
46.97044091619672
46.33822827639481
45.61246683339347
44.76142640649053
44.91205026078985
45.01241184611944
45.11005352459581
44.95788620963364
44.84180831911901
44.7290316972801
44.62500263832222
44.63456443509164
44.60266319697232
44.65051398734787
44.72142481335432
44.94846657762977
45.05991699159233
45.044455632979215
45.02259400197346
44.96279035296608
44.90045875298338
44.795919339893004
44.62853653756592
44.46161422241367
44.301595877393524
44.10489015991446
43.934240253039206
43.7017148441286
43.59919242416659
43.493913796117596
43.38889115680237
43.32289718895333
43.1633392711557
43.12299406276017
43.08761130592062
43.101679269555646
43.1184636795282
43.1227327692163
43.17730820509299
43.12778408776912
43.06222989074282
43.069307688474545
43.021450224851456
43.043742538703654
43.33145536097427
45.21988675216901
46.50594041445825
47.84685958056624
48.88053602684497
49.639405480432
50.2481137863158
50.74016921057916
51.05492016109069
51.14701186625263
51.239582619955826
51.418596595692506
51.4887871316227
51.475787128188855
51.484600506625135
51.53225210600799
51.308321151481856
51.140183604382244
50.7430135499428
50.20725409751921
49.37038339581061
49.388089598773234
49.41216784924749
49.20006143639528
48.97834833564776
48.84007464436552
48.66053858306249
48.55827299918241
48.5407490563137
48.52992685772839
48.591624968536834
48.66139265923425
48.737478881682925
48.71464115187141
48.66171167275766
48.38702369559752
48.22558426482642
48.0503277297715
47.93144933659617
47.80669681333615
47.68328234886047
47.636773464663804
47.62288936406487
47.42839281764953
47.23575705240033
47.1928492017117
47.19017059445894
47.22721505696868
47.158823619622595
47.1462419843456
47.13628813124068
47.156280949898594
47.17119029771579
47.01311036016481
46.85979495384732
46.80749456006446
46.82100584640541
46.812042429328606
46.94284355222776
46.92001286967162
47.08535138150147
47.30775542272966
47.27278397289753
47.32447661038676
47.35318445460203
47.357391187229325
47.35386189197768
47.40968910771911
47.56040849405722
47.64454138062811
47.71400803682832
47.871424645765906
47.9662506485616
47.898780417678424
47.8088259148414
47.897860782645225
47.87906312946687
47.882403432759006
47.88728663795331
47.92003736326667
47.97246825980571
47.97094217700506
47.927537919847985
47.96151908533253
48.557507294091415
49.26650078737939
50.00316767886782
50.09892237234832
50.01344116282637
49.923872605250445
49.81654128081681
49.69759146562787
49.403683656030985
49.219089432724495
49.01460026748793
48.65669298421143
48.420665644793544
48.096188381705716
47.73936424305259
47.268113134480686
46.675808573508704
46.02470088104579
45.47574626313456
45.06469848812794
45.16191800707856
45.15248818817052
44.74010070674183
44.75431701397734
44.75884283294254
44.71966967818893
44.716356311579275
44.57222784568952
44.71794160483818
45.11334872474493
45.712649085240315
46.24778377829811
46.67698796130013
47.20844225423354
47.5711809108705
47.82347273811268
48.058650870452944
48.23632921083583
48.44313878913477
48.660769948129136
48.89270199453161
49.09291912061683
49.15800646267618
49.305839813988584
50.76503340923816
52.22234024600376
53.1676713220051
54.053931967963486
54.6470950030322
55.055418967578014
55.548054888859745
56.13504947512435
56.67559961036293
57.15457889998675
57.62617204867695
57.8764029557501
57.949865498010475
57.924624154791786
57.80184837803577
57.607926985107035
57.392521311554994
56.992351288936824
56.1973225227185
54.901104064134465
54.920725961648095
54.91269589545308
54.96077949695556
54.943327768480636
54.95738277288692
54.92935238429784
55.14029874513287
55.31599742270074
55.29714396249427
55.622990580490665
55.81330669204641
56.04962720671698
56.119510408044256
56.222253478072886
56.197844358377516
56.174322963417396
56.229803912463424
56.33082898146772
56.41415827626936
56.40223388196305
56.40108571060456
56.43308261122176
56.52012566439244
56.50049202128433
56.522765120384534
56.68877606335508
56.80863377663359
56.819618663952625
56.763495873666294
56.71258242513972
56.74012226272563
57.11455171398171
57.345690469144174
57.483588634682334
57.559095063206044
57.7126936619083
57.66510675972549
57.67730107687068
57.72041023831844
57.8176171804364
57.836945769238994
57.63991036629568
57.346192974817214
57.03326654560905
56.636418100193794
55.99694069421546
55.690433748861444
55.51672383727871
55.240688337392065
54.811686035627716
54.57015092680696
54.63521130859421
54.74996210925285
54.83110269860238
54.77423955095352
54.7943382956839
54.606591005061226
54.609188160249275
54.706527500571625
54.77229506266322
54.79898977817031
54.836661325976614
54.812443558884006
54.76338436470695
54.810472010554314
54.768949528645315
54.10845614920986
53.58983503396456
53.579584872039334
53.60598491070878
53.60947577858981
53.59646400135658
53.52400984697206
53.52687108641993
53.426704864068974
53.40066730072309
53.4831323975329
53.693593855458595
54.07530513339325
54.491597738088416
54.61351036955975
54.76235098076657
54.914518382062
55.028008910027786
55.19306045316343
55.190700145046954
55.26095187117178
55.51811486775573
55.780964216430185
56.06459886525646
56.245641769379894
56.07563628834478
56.01011135501978
55.994930000969674
55.797228169710365
55.73554724899938
55.684505759836895
55.76138769125366
55.85996944682132
55.994233089153305
56.25452829686303
56.47419630535941
56.52236169402507
56.56920297443246
57.03581711167427
57.25183357944113
57.5523475792705
57.81158516147237
58.12091248051059
58.24956921384743
58.20322836093473
58.2794015753462
58.21446893916676
58.16187044600348
58.042752915913304
57.91743495957425
57.688434689027034
57.31793130444867
56.91006998268432
56.38369673798469
55.59288361051991
54.61370819845955
53.68524932505558
52.204234114644805
52.06244392458469
51.81134908260326
51.842507979224735
52.070838638827716
52.2277671181529
52.447388569045806
52.82523200849089
53.064898353495586
53.18645234041252
53.18454227001608
53.24161763975312
53.2407237358699
53.28560734031498
53.293813747043494
53.29283153319036
53.36056174811718
53.420086594896404
53.49699788920139
53.51149864742072
53.52468404489829
53.554141511333064
53.51973314407821
53.498077692939354
53.474654550725134
53.47186458211132
53.56934682647659
53.32836087884274
53.03929543611036
52.840239846415756
52.76100927998984
52.615923911845776
52.493104017300624
52.37645070595818
52.515628833202065
52.73468017668092
53.158102183090314
53.576862632239546
53.96927023728347
54.31572924205069
54.65706970737092
54.79168434867725
55.53700162400149
56.13035990575858
56.815945550044276
57.37610701962499
57.636155712945026
57.79050042980505
57.98604000086826
58.250579637917234
58.41923806275208
58.507379717768075
58.59695439545651
58.65224713235233
58.852581752736434
59.01470019647084
59.19866399236339
59.30905002450234
59.4253021502516
59.39393946911481
59.34325088413294
58.780474122144284
58.77113126864478
58.72258340097303
58.73997708753749
58.76278372423651
58.802558392938614
58.76933716453238
58.726718705992255
58.709231120937154
58.64866560734442
58.50682878632748
58.422614357089024
58.40266406779089
58.39467546544308
58.37533448462043
58.32615163383162
58.314487077610835
58.51762378695338
58.508898685181016
58.52786347960174
58.628830783649335
58.618101480621775
58.603524840079864
58.590353873582906
58.57283162371269
58.556059928002185
58.537638879271896
58.439267145679175
58.34794205900099
58.31804571328055
58.34417706929631
58.33934695983629
58.340480423582065
58.314227567648274
58.28289794733155
58.28024785011159
58.316590937170716
58.29907472614537
58.387402031571476
58.34182869517613
58.22349248356158
58.23935987329095
58.242486882593
58.226064924086074
58.20456370722493
58.18343616220624
58.146730175203686
58.77119621743005
59.68373288295955
60.316663876841595
60.73411332447885
60.996266106726786
61.18923203268829
61.36624962658024
61.49600267955236
61.57461511443442
61.62401224109236
61.63578149047412
61.82204738307063
61.949400035470234
61.98785606712423
61.87260584692341
61.79990520240813
61.70406367155257
61.62592904492562
61.521335475356366
61.39327515153164
61.447221964308675
61.4198335254395
61.44735953419499
61.4145865403452
61.46443712575621
61.539534012017114
61.68692344393725
61.71590321189867
61.72090005551103
61.71966599023073
61.70543628824538
61.6703539099798
61.81554480493446
61.91089162586035
62.14460378815915
62.400353222708056
62.66678902003609
62.87868512849234
63.091754966365926
63.24997498440145
63.66687100428051
64.00460713086318
64.29746892120737
64.5544864021903
64.7279096701388
64.88435252901479
64.99301401662919
65.03669085985635
64.84128074733154
64.58322176670853
64.42223911140621
64.10484711800777
64.0481691728994
63.857455976124385
63.8187263928156
63.82827981830378
63.81691687243547
63.81710331263295
63.8181284080981
63.80675988779033
63.706369740240284
63.598546381459876
63.49342296576382
63.48522004588812
63.59063164562655
63.85967055721987
64.64381667186869
65.0145853796727
65.21088433882147
65.24654750557538
65.24113825016782
65.26048368157795
65.28856137549751
65.29446179706203
65.29160026988156
65.34844912218104
65.37873756330619
65.49776401660935
65.55541640308931
65.57741793199803
65.53394999053782
65.53065395273441
65.51320899891007
65.52190701029625
65.55608859649993
65.58366805647451
65.29796399736624
65.15200286024334
65.20484343647841
65.19387222492948
65.13085145305305
65.12226246609491
65.1107832027093
65.13573463454557
65.04323284483617
65.09517610352414
65.09202435148843
65.07094833076162
65.08974214070138
65.09783861841059
65.13585267557832
65.17567770562837
65.18038816947502
65.24323055250446
65.2684473623189
65.30865640944391
65.36167787806426
65.40842665208656
65.50778477398788
65.62729257185316
65.78370945607236
65.83858945096931
65.92433247736848
65.98249372226704
66.06379161077963
66.1291751295001
66.16047863305562
66.14709163992036
66.14013902361674
66.11833694496922
66.12875920560245
66.13117931539722
65.98793211147976
65.9898229525591
66.16331425180483
66.7165124372356
67.23729591122216
67.61180576397399
68.04105892279608
68.44642194518862
69.03980669532456
69.50420210449931
69.85524446321492
70.10622707157414
70.35989134751325
70.56650997415244
70.74631352507986
70.92501709436443
70.92574487631539
70.83376256187418
70.76398585682102
70.73080368099845
70.39533139088415
70.04539835795562
69.83942553381246
69.8009084992417
69.80091716153139
69.79181785461938
69.92185697983297
70.11015834424462
70.32434151384602
70.40498424896244
70.54998727620068
71.13124524123623
71.74453208957176
72.31497009736174
72.76453997350421
73.06358791678586
73.11292557079736
73.11422111154201
73.1679674441616
73.20127188360783
73.0882951959619
72.97118737428248
72.85182902469441
72.75648642393774
72.67232244921604
72.57485199362736
72.60535057597599
72.60142091021594
72.66377772043442
72.66554932805863
72.80751722582896
72.72052110875528
72.57186299550608
72.19750345941522
71.81533267006037
71.43798986224284
71.40470290540718
71.41824371053642
71.51297491784749
71.7934815888092
72.33605127839478
72.94060295929826
73.38443439799369
73.95814184036341
74.5301764912376
74.93886797079504
75.23596188833146
75.64355658415273
75.95910262397052
76.12234072300124
76.14568721904747
76.12707367412982
75.93297167755875
75.78235208463917
75.45225921377784
75.2142930400934
74.98193614147398
74.64506072344192
74.49268401584604
74.54969112474588
74.55091042734189
74.57737777001174
74.57091554652719
74.53936531648074
74.3617785947668
74.2498947688435
74.16748500604128
73.96447272492682
73.7318388359365
73.6836129278349
73.65982160618965
73.66954865942449
73.70797736119832
73.93525500539829
74.3338244818129
74.46651895358744
74.53067519445608
74.56677264876731
74.73945634753034
74.68653159858039
74.89903998404068
75.0598395352785
75.33802309696888
75.47689835473577
75.68409995743961
75.82443587218692
75.93317905218518
76.01684865515729
75.97282564802609
75.91237715909008
75.86156025636872
75.8074252103718
75.7418942526827
75.74390131756385
75.71800057440134
75.74261433720154
75.72825674977666
75.70806216895218
75.95620371425697
76.16909580763135
76.41302756869888
76.63135102432493
76.82314348718576
77.18244780905385
77.55868959723163
77.93508357912513
78.24165307289311
78.53958156102333
78.848949701687
79.30587754547588
79.59588401635168
79.79608732119844
79.94108323177787
80.03195731922219
81.57307066754815
82.74115315398524
83.43146302661124
84.00426488164011
84.74893723610487
85.37917347023551
85.97637334615752
86.41583397034061
86.80957677488784
87.08271793302809
87.27293713725008
87.40955019903004
87.47229282956668
87.33297430828537
87.15879994643336
86.98428557959053
86.74842784941681
86.48018122980002
85.914672293955
84.86588652759883
84.87097782635715
85.0370883281316
85.03429188830567
85.07680946287984
85.10068981950033
85.38737319611634
85.40578713374829
85.31442553415135
85.1668075681132
85.1768833384675
85.42289349390785
85.7224663262152
85.93051268959162
86.05904957871694
86.63003640613279
86.97834956579656
87.17352643896666
87.31833261202844
87.44176952807709
87.5524746727007
87.64387787152658
87.72688665796092
87.82988998128108
87.91037750851464
88.02903624994481
87.81860422677836
87.67956313188043
87.9337673641671
87.99082952537846
88.25387381183309
88.4632604038485
88.70367241054555
89.26588585135435
89.39490434067906
89.9595365093967
90.44091029933465
90.82200567452477
91.49790234843947
92.1155731610902
92.59737289463811
93.0765218378796
93.88691256519125
94.49194051576369
94.6960861662432
95.31286769922298
95.65036098143517
95.60967552181621
95.62404056860653
95.61438772858263
95.54225045246618
95.98419575475639
95.97716441870269
95.98550481332674
95.93949516914985
95.95628284759695
96.11118533290666
96.18975022910553
96.28512028539868
96.25848411456703
96.25228037609777
96.47177837323383
96.72277365875354
96.76559799613331
96.88787574895944
96.56832934688599
96.39511902147221
96.5872667760623
96.64131463008172
96.85306798377952
97.10067793781629
96.8144031557452
97.05375251420584
96.87660959747528
96.65583185540235
96.54199590835557
96.61462844978625
96.56123312076903
96.55007647221153
96.44095732325893
96.81726196530585
97.71643742529487
97.5410477692765
97.64971699278966
97.73330888107878
97.71557213465651
97.87078946891867
97.815951415817
97.75193490529789
97.63514911859724
97.41173512150533
96.72677095222068
95.986137966201
95.66344405342528
95.61972268303062
95.44217808824773
95.35340688433504
95.98955534626184
96.62246984366813
97.17335897629691
97.49944231934305
97.51957770995963
97.46250120916129
97.38272718050844
97.39461585404815
97.72049060714744
97.39763505373864
97.29943516078546
97.30091678465823
97.32537925316602
97.16296178062338
97.14183748314397
97.26487151867256
97.41956035978042
97.91763933303754
98.24065746810125
98.63670540342703
98.7995186732528
98.89292704294769
98.89916498996308
98.97790546033917
99.20466930863026
99.28984284223127
99.36369312161042
99.55191646847902
99.77832011728573
99.7220014770091
99.94386191009815
99.82647194731244
100.16686797231661
100.82333598087163
101.57877996766214
102.22014539485518
102.47619042046485
102.8529363292556
103.08469249680662
103.33260479452893
103.46028879240593
103.61507015858861
103.46208346535124
103.31298062912323
103.27325548622356
103.28390866481966
103.29129284886137
103.18005356519821
103.17569516970842
103.02447159053325
103.25401525008394
103.27632346997561
103.32150321475638
103.19643911009621
102.98289571732202
102.64927851139794
102.68317960840673
102.72272282549535
102.89476337288906
103.00071305948073
103.67696559482594
104.55768736972753
105.2236376296094
106.0327661783219
106.55475195541463
106.85389339653985
107.51568065661736
108.48585775424415
109.15224832027565
110.48019882293832
111.12099310196312
111.35032881066212
111.18978758353168
111.16217478974144
110.91733647988539
110.77324823712763
110.76980383327958
110.76114176246584
110.78686967889804
110.73430870758264
110.94595360120707
111.09537637629438
111.07109313604158
111.2633785183915
111.15688918177966
110.8709679405398
110.81644863576174
110.82134996685485
110.89216285248558
110.40415297996769
110.15921722832263
110.21415558809407
110.28715076598989
110.5346427593612
111.21561553823177
111.8079043536996
112.40315458511337
112.77806259604091
112.76689879555902
112.72592261709667
112.65606845648783
112.68021199887266
112.94800769944838
113.22512270346647
113.7376087993339
114.26658012452864
114.48977558613701
114.77248399355315
114.59816602813862
114.76731614771487
115.03472570553551
115.38935296999796
115.7192211132148
115.94733061832135
116.21126455832045
116.45233485181238
116.87810284312205
117.19944463576918
117.24587738743155
116.98067538405036
116.46074490209138
116.19874734256209
116.12009677049166
117.32930353920354
118.0929515335994
118.08787309517726
118.30332357357125
118.21095447173154
118.19826809052608
118.13305501380484
117.9249359160791
117.57357681027054
117.25864024747175
117.67059112708301
117.18912153842115
116.6801448497166
116.0355689002406
115.30445589245576
114.18484103540364
113.53006763295939
112.91983046131986
112.53295316515911
111.78288967730013
112.50020832486774
113.06700207839293
113.06700207839293
113.04766026168178
112.63349422810809
112.25322892981119
112.16047461951558
112.12236219730373
111.86792489758474
112.05034112398563
111.96598025619389
111.88658288476725
111.85663980841743
111.89196077905997
112.45144097391018
112.8068836792842
113.26529357767426
113.89319885905101
113.95482409269513
114.06314985532501
113.5162088272362
112.96105595373471
112.84398922810786
113.01539203323195
113.21857183724698
113.19671738460448
113.33176066122799
113.26407029660186
113.30636400219468
113.33197639315381
114.01783483155202
115.38510983015216
115.44041091784563
115.36210848785987
114.74655189986315
114.13497033985225
113.30595122123691
112.26567408514417
111.63121814839845
110.79339669752551
110.63621758941741
110.17331702834886
109.39956619179559
108.33861497167688
106.91170246197994
106.69882069455309
107.07365468420734
107.45214119281609
108.19647472233454
108.61363760340974
109.0538995132908
108.45405862707389
108.90893664166657
109.02277237314574
108.92638555541978
109.16181574953708
109.12586954184872
108.24479935687478
108.25360282393783
108.43822024325263
108.46456426803198
108.48765655834111
108.50592211120471
108.40108969274687
108.23970774371519
108.35654217593917
108.4729763491661
108.78364198370718
108.87342917782075
108.98948896039526
109.47873707626692
110.35148222002601
111.19700328744226
112.15907571700389
112.7381789066897
113.36893242525865
113.93099895789692
114.09413238149145
114.37810117162275
114.68138800791091
114.7211542055923
114.63874017932085
114.82332744213366
114.95264125285279
115.36540638146977
115.65003733277105
116.0993707289419
116.99912484425478
117.70106859122794
118.00258240238188
119.17531942569741
119.5309326956527
119.9555217561029
120.38541279391961
120.5883617516196
120.76388033173532
121.05531399555069
121.44396013359497
121.72479035031176
122.03802059270964
121.87275969559956
121.5454548601815
121.49217477442322
121.32896021485598
121.3405764501069
121.25119453633765
121.42032587865762
121.71749249475947
121.91842385510425
122.26782449165097
122.92300409802534
123.56032380988096
124.5743713857204
125.28698742404644
126.94833084691055
128.440933821265
129.65899437703774
130.91728093800648
131.42848536649817
131.66071419389826
132.17850740183326
132.50519905716797
132.47493418679448
132.3109259628609
132.17144395096074
132.08826481404236
131.90050073968564
131.66182545599634
131.32176111151006
131.29484308852085
131.27535655000403
131.14420590651014
131.14316659195507
131.14737494817956
130.9275490151107
130.5355099418483
130.11627683742608
129.40471167961115
129.24222616187237
129.36631880000556
129.81796538733974
129.57995568030347
129.59697484538071
129.83413417192702
130.84793447728796
131.9382364792607
132.76335201603197
133.38397800865948
134.0975285938795
134.62092253990767
135.24732296424395
136.34339942368837
137.40834864948516
138.6042707387304
139.6517879559869
140.71638831450764
140.98698193301507
141.17807030819742
141.36342781243778
141.2165892202421
140.1464653849345
139.44062581029223
139.08894148505382
138.7887669776164
138.9394519989278
139.06452019436733
139.31032984988155
139.47710652398248
139.74880658393087
139.91886761584465
139.7733921448797
139.7732708768402
139.78669733696123
139.76516129273585
139.94333041715024
140.19395603444642
140.64555815849957
140.9021244517212
141.34472414212732
141.52523050286314
141.7058582505392
141.726408611664
141.73588682526628
141.7411730028235
142.43504342812383
142.55280659835154
142.58379626577386
142.62500512195484
142.542012122895
142.44313774770015
142.5275234290701
142.6659071600746
142.8101828927758
142.80729097638945
142.80554659093022
142.6354657581618
142.3479183241252
142.04736429476455
141.50878014253047
140.81065851424975
140.18577864081715
140.16232901373118
140.17131935151278
140.27707596754013
139.99044299357118
140.07183811932396
140.57299547770594
140.60885524338323
140.5911843872292
140.59072608262298
140.38704586222033
140.33812465593974
140.16579112165712
140.16386538818261
140.05463350682842
140.18802593238877
140.70622786448902
140.92131287060985
140.78424950657447
140.71929078895354
140.83993598662343
140.91559381771216
140.90019040722348
140.98960189377905
140.9188218750413
141.18381864244694
140.9342470013589
140.83128325842495
140.82369298648513
140.85558669735872
140.87249924013315
140.99780096775365
141.19812896204343
141.31945420597938
141.8434383103221
142.05256401813298
141.82367402243568
141.7174677553295
141.66131028366604
141.69835077950094
141.5791196501386
141.637770372298
141.9633770143114
143.06624092368028
143.6755164671008
144.3948988275517
144.83426746822943
145.35418606941303
145.91373128930243
146.17709751616437
146.5135167426367
146.86208692445973
147.4818905107654
148.0424082502418
148.72261178630524
149.37911565180977
150.0659123795322
150.82136036605107
151.5642730033416
151.75113089705752
151.62390536674081
151.72163208600753
151.78456957709162
152.41955389592073
153.00012630855574
153.6539125772281
153.9053219727815
153.84695555092483
153.78760397579612
153.69143200022432
153.42510734756706
153.25461779535985
153.18999843437294
152.98947515440327
152.9336520181481
153.13881363156224
153.72939922706027
154.63823999147564
155.1611574299446
155.54641437820473
156.1300777332939
157.0198791693304
157.74119163799833
158.4048359902841
159.27069804451185
160.0829960842162
160.52247033783283
160.77487706780747
161.44106724174847
161.59908697919357
161.68280518746027
161.681732700779
161.89575776602516
162.32839085606315
162.45894756924721
163.12486612141876
163.50806937528736
164.09696375140066
165.22245031557213
166.28558198882104
167.08851097757764
167.69121041542283
168.38192693867586
168.64539622281174
168.6521755652885
168.96914878913978
169.53936081863674
171.16337473719386
172.03864397951708
173.60511666253316
176.55288719242645
178.596000012962
181.44248648248225
183.90720294623245
187.11952997060465
188.86291689153086
190.27846707369548
191.30078981962168
192.561420969317
193.9785152996346
195.12150273310178
195.53122365607874
195.31790144938202
194.8079789582548
194.0119410276123
193.47001118936234
195.1534159378605
196.09919310808445
196.0186468628748
196.52767307616762
196.30259056822544
196.22414392825021
195.96646607189672
196.76852205893368
194.99046570124148
194.24984680859725
195.093464337339
193.22450257422796
193.0444238134257
190.12089201689815
187.04061157550643
183.61060670226217
181.4048953045589
180.30627919681558
178.67409542259173
176.4394659178051
176.25225556605275
175.23632580886775
172.8516650849824
171.83765656516428
168.79240820266253
166.82807746616228
165.6315451383406
167.87798805522334
168.37196905598725
170.1119334488718
171.67403245128983
172.71650474445963
175.18899377696715
177.56564960727502
180.23740817803923
182.86436773255608
183.48648742965835
181.98023955948534
182.64915323292982
182.41790113910125
183.32713507791658
183.14463641147995
183.33434912480814
184.19681113787547
184.2012861766187
183.52373510928072
182.41898525177027
183.35834904350517
184.1808128694258
185.13216778323797
185.9771439167026
186.9794848227297
187.61718434572387
187.75005033110966
188.00209889225482
188.50551067306256
189.3313784615671
189.0905282029049
189.69125525586026
189.5404039512467
189.62307933553106
189.36427385982415
187.84876898803023
187.66317364278422
187.707135581992
186.6788817227476
186.63037393872028
186.82932616942497
186.83545648417066
187.42215187632925
188.14782524349596
188.91013589643583
192.22225973407095
192.23921805185813
192.4093172446372
192.8122137233669
194.07440622512007
195.3210952178255
196.87253275094528
197.94302659580254
200.10675992371142
202.10364988250524
202.89305599460823
203.8796381039035
204.1460231302326
204.4828140708564
205.7690622026843
207.05399031770884
208.00576229100798
210.20342714965807
211.48308615912813
213.61653567138512
215.9578333836198
217.10101249384005
216.90314381782466
216.68555240489496
216.7659197450699
216.41141196578906
216.14992967945417
216.41473683057862
216.64413142341496
217.2518262250681
216.88161708231192
216.81134177998626
216.04173697059215
215.60752602762096
215.58538550246658
215.6069265222489
215.59613560419228
216.7598760918409
217.36298513191474
217.38080214211183
217.81062788403307
217.61857136693038
217.67245494387157
217.62531073316038
217.70567317436962
217.79168608171307
217.8055772614554
217.65984622671158
217.91034030404626
217.69635692406703
218.31183867317176
218.37897160306767
218.66744690235006
219.03458699224262
220.53361939147905
223.22309302163998
226.07164988813298
227.5588367407068
229.4604875502137
232.15703761049096
232.21587054284316
232.24466592187892
232.70388548474827
232.23354505665327
232.47400341092418
232.7936190646921
232.97924962709865
233.0118611432444
233.22430084860792
233.55662712699808
233.92370664498858
234.06082177832417
233.93000976529618
233.8230687866753
232.8958543269119
230.79479623276782
227.8917837343205
225.38995103284702
222.12062444718123
216.1061941439104
214.1442438108451
213.28942482427618
213.2596866694706
212.994926621102
213.50814912835378
215.12283151841095
218.10191340814188
220.80721149487778
222.63031855522974
223.85105351693593
224.60336426170159
224.6014807659727
224.8508684968263
224.37091864447012
224.0376661560716
224.18098582494775
224.1589100316233
223.9802989546805
224.76456078718576
225.103351034279
225.50708153511962
225.99697938141946
225.96719880421767
226.30315790036298
227.61905480625472
228.69056808101993
228.28628227257366
227.12903618475244
226.55456337290738
226.04701202526704
225.6262284625733
225.91282231885984
225.8986357272502
225.71327511733128
225.55497235243863
225.1935481983053
225.19388530180316
225.23542193777197
224.93945990222016
224.83084439834104
224.12926956121424
223.15898996853213
222.60640058668355
222.49341563032615
220.97284033021162
218.84765490253884
218.38823326995598
218.31878011835911
218.16454704253334
217.9983727838871
217.68911700935786
217.17780365319285
218.22692078844491
219.1284673350545
219.7405989776209
221.13168109810923
222.55213513862842
223.23512746779826
224.17867571992753
225.5034703341495
226.4496727474847
226.88402908358842
227.38135756586544
227.37032735475836
227.3542189156372
227.50219908581388
227.5453040480222
227.3645506839321
226.77264843541818
226.6066171805722
226.4507536234192
226.58909381014342
226.87079087597584
226.80837457800627
227.45448359344766
227.84282770034704
228.2153719951675
229.72188318024766
231.61992274614735
233.19827424258622
236.31519214008426
237.55273585015937
240.30620675499574
242.7153394356474
245.55692932725805
247.40530444790147
249.3067413042543
251.02222337324608
252.57195330601667
253.38637349223666
254.23128480812053
254.1885634272292
253.09036646385653
251.9688022094977
251.71078677566058
250.83149185642637
249.64929590318945
249.1178867671114
248.87636276259482
249.50733236014472
249.76594240485773
249.44522707578076
249.5324378629736
250.30886729275792
250.5819646468164
250.26270693264283
250.1334595091213
249.50425663604466
248.58925658164821
247.90326736800588
246.74200098024963
245.27603118099404
244.21612840008686
242.82161030792227
240.98169227994686
239.66653624265365
239.8469653233748
240.36725475101485
240.46094257453143
240.36808294149722
240.6894148895806
240.47481889192892
240.40950528543655
240.3252206556474
241.2767795870346
244.61578323468345
246.38637540273675
248.76480650415706
251.5878675930362
254.64101638794233
257.2391911216477
260.0448316405435
261.8757930234513
264.2551995927488
266.2081486043477
267.303307304102
268.4549561980012
269.8334041292924
270.2857155516771
270.5958982794633
271.0726274054495
270.9950328276668
268.69411938129883
266.2874045372608
264.8960264636809
264.62921454987685
264.64098526860346
265.14988168958223
265.34945301667307
265.3160558889475
265.64496692557066
265.70607620198274
266.9548094989818
266.7333296383951
265.7874083343705
265.1587309485684
264.59070745784896
263.38829611706666
262.52960677198774
260.6720115470365
258.57879458096664
256.01423157781437
255.43336718179145
254.98024825362302
254.60612505665455
254.0708739819589
254.0406186504566
254.02669511488986
254.17974652140674
254.48378408693912
255.1358346535185
255.94291299085356
256.7573096348092
257.99794065223534
259.73305885221805
260.7683382662574
261.2096833721585
262.1299981235488
262.8493922175797
263.88669236860477
265.7632059590209
267.3102663075432
268.9454819082508
269.9107218530431
271.4249709934304
272.98921572054377
273.99222758436923
274.3986833383365
276.6175910452363
278.6288492679312
280.59589220016494
281.6303530851239
282.8088146532933
283.64780077854874
285.08833581115493
286.3601072104716
286.81001848162623
287.314877346667
286.76681575594364
286.65484033871365
286.97011511654296
287.88126056991035
289.464993817797
290.0997165159119
290.39232055157913
290.72088142644816
290.74898998196215
290.3384078224046
290.5246990257963
290.94817660977594
291.31573009357487
291.92369392641723
292.39470307375245
292.4127796656134
292.48194883923213
292.6342097137168
293.02614245242654
293.86569870855527
294.195467011527
294.2429788953513
293.9872315074412
295.5305876656794
299.21888037066054
302.09653744737295
303.92705663959384
305.33585198380854
306.04089339213834
306.5957939170079
307.6134707437204
308.2855255412148
308.71289968409076
309.12681681050026
309.4177366349954
309.36208103578446
308.8225502592011
307.885683094762
307.2712804674597
306.99534754062506
306.91555197474287
307.161416317338
306.62230988824354
306.4569189211967
306.52575954342836
306.2497219153164
305.96510851801713
305.76206759702467
305.7698419920194
306.0014168491461
307.90633523868996
308.88217863804306
309.69542729916157
309.32387041495144
309.37255968821773
308.86334466117944
308.26756877719356
308.0786906611066
308.0198430694456
307.8133155801632
307.1920412512059
305.7817930883015
305.201324606009
306.0697393331093
308.1794976416591
310.2291051232868
311.6177250297052
313.52608585556834
314.9641391774113
316.3886369674289
317.55264236053824
321.3481471022852
324.3144161722487
329.1629123604008
331.7942232225514
335.19210159151237
338.4283435624777
341.6778831784676
344.1888137693778
346.1910414123872
347.1406016744728
347.09466597425325
347.5657755984162
348.4073728322764
349.0490413829266
349.91426465374025
350.09945588892464
350.565807474752
350.44923390430614
348.5657881122661
345.2431199732122
344.4579642409967
343.5355804800484
343.521691320469
343.3643898321149
343.6054920118949
343.88845541858325
345.0302192003631
345.30076737470796
345.1417181033483
345.0744895138544
345.06938018240976
346.0947297012915
346.3754114125182
346.39939364165537
345.9474880074806
345.819073875323
345.2333587930262
344.4485545322577
343.395790641682
342.833209251124
342.3608052950258
344.0885642663363
344.8730594180702
346.19293870896064
346.95463660561103
347.29266502326976
347.06814876384306
346.9324460212563
348.1348098804663
349.247247431286
350.0114925057508
349.1481507335082
348.3641371185975
348.351770248878
348.97700615069516
349.35370968652626
350.40596991149397
351.2017501640721
351.55011820237576
351.46708487231746
350.581618969765
348.50734410905255
345.04983463286743
340.51087832637927
335.8540378142928
331.4502476102508
326.5775699609616
323.19681441348155
321.94578692765776
321.104873149277
320.0365043721606
318.89010604265343
318.2112857355648
315.7595087839454
315.79595895407584
315.01621386759905
314.9259495945469
314.7669731349891
315.1470025007575
315.8220053894949
316.40742530674265
317.6346807085218
317.63860501455883
317.55130198912445
316.6285115953543
315.0227699079128
313.90686917610213
311.29413508136264
310.96062632987133
310.96395941302615
311.70438287825374
310.3421175194338
307.1254446987105
306.06942674630284
306.29391047847224
305.7653422988302
304.8138838656169
304.11619887110385
305.4329492794394
306.5431057984081
308.4544534459465
309.070574089322
310.3705294165574
311.2750814048267
313.3968861139535
316.7303438034578
318.95250892365436
320.306567056777
321.8752149410352
323.52841695066576
323.50433686759277
323.4159149819789
323.07467446988255
321.60411899009773
319.8398486050706
320.67606453285
321.2004027945569
322.70893887768653
323.6621724053366
323.9240096566165
323.64780260154185
323.97293937514655
324.3475685871278
323.80896019845824
322.8730898980359
319.63342385172905
316.38766547823457
314.00430193702306
310.85934667240156
305.3978412747997
300.593750811253
298.2137570572429
294.8076935965369
293.6391724513879
293.6105337313255
295.02689320812965
296.0092505451743
296.37333751436296
296.38133336003557
295.25463309806315
294.75260082654376
294.721619951061
295.09911222986693
293.9674922657812
293.8213536304646
291.9899905646391
288.52367565635797
287.94346417882304
285.7741752552927
284.13569252980614
280.0921377458375
278.7733151438722
277.79573358699776
278.71182469290335
278.83172317432513
278.9311171286204
279.16780218258543
281.24207145140616
282.32983222601734
282.05728294141363
282.7301260243713
283.0423170294882
283.00927062733143
282.93528361911115
282.90904363821
283.37160641137433
283.2798352438245
281.76027059522653
280.4713826116567
278.82619947022926
276.6664146393464
275.6024239761267
275.1795508739349
274.32686366115024
273.7843445431547
273.7439658459103
273.74364093937925
272.8587038292079
272.11051375872245
272.0387059655456
271.10271324640314
270.4502156258289
270.5724939544753
270.84038951731264
270.8831257476901
269.9137629708274
269.68707468648785
270.97006055720436
273.98986457611414
277.71977839336137
280.1038475579236
281.4862917395529
284.16776594694574
286.66901100315846
288.8280044585304
290.4724873096068
292.0077218630004
294.38466663953943
295.9202559011555
298.18740346196074
299.9323792909195
301.53631857743255
302.7182494177753
303.60087797099675
303.1697232408412
301.55484599125987
297.0004942281125
296.0740093269717
295.94034312075314
297.1558145736508
298.53076669467976
299.89708563852935
301.0367437778323
301.7933819568769
302.7778864727765
303.85345764698917
303.8006683826599
302.54596212981556
301.0762779000378
298.4953269922882
295.79856183719846
292.54436392224073
289.57190369648583
286.0380826434588
282.7122070499148
281.00260958045925
279.3987908440941
277.06406336914614
273.4882279191807
272.01519355202106
270.77041503007285
269.2511090042018
267.94023680710905
266.8930999356393
265.84723272558256
265.3983010629093
264.184681076704
262.5985650061531
259.15032470399336
254.30331985821886
253.9616244495454
252.92305449856647
252.18565353772988
251.723669232965
250.99880981136343
250.60163108112198
250.45253698473456
250.0823399962334
250.50069259288227
251.75329182088237
253.6209026771268
253.36040060114956
253.56696669788218
253.60760052338912
253.24738020706954
251.6190374509352
250.33411013925996
249.95784235316862
250.0234282319131
250.0110443215607
249.98156268928457
250.0225637885637
251.09189211577566
253.0050183075991
253.46203630545347
253.8724459255925
254.41479657559705
254.95592942987818
254.8436850533309
254.0192519631585
252.8937762728218
254.62132296533167
256.0823529131223
256.5577676282837
256.9722118985768
259.5520320439597
260.87725089470143
260.42928042541837
259.6856704666462
258.98421775737086
258.03447944130096
255.33914827364373
255.376282640195
256.09279036156187
257.7126523263531
259.1457116635015
259.1776495842364
259.04671255376894
259.11642196385975
259.13350303846596
259.1419574885897
259.5253648523864
259.73209926715754
260.0961765602524
260.6469306016517
259.55535605946545
258.41699552406374
257.01668065101126
257.37728647001165
259.062478435745
259.73264791539
259.5065612265353
259.1585384761874
257.38006494174266
254.36374868812217
250.74481527052444
249.20698190073537
248.14568497626735
247.6421193038014
247.40935156831813
247.0492043747113
247.56379114124698
247.7929715835348
249.54788347128599
251.23608214269322
251.44500079402022
252.60252975201837
254.73794070841086
259.7671916183456
261.46087513430933
262.55512528460554
265.939339978836
268.4796029556764
270.4049987771134
272.0481025607067
275.0636461952889
277.8118677837916
279.1704063610604
278.4563230781773
278.08446826928275
277.6079306074246
276.97574213722265
275.9548837820173
275.86679370863504
275.73120489316676
274.9587709232908
275.1257636146291
275.1943554517584
274.57936119940695
274.5214436767729
274.48867429361735
273.30175175375166
272.13003366678726
271.45692059421725
270.6629766056265
268.4685079984501
266.5701856978357
268.9299005084347
273.35006049299045
275.5098281178918
277.9321508069248
279.74187482512383
282.40620846489884
285.16694760050353
286.7343884320512
287.76426954940547
288.9906902713414
290.91544476408825
293.58131655594104
295.66003990092656
297.0884246136714
297.5473690095783
298.49847308862707
297.3602209436988
295.3259186003387
293.9769870604066
293.8522514242329
294.22798012301325
294.9795421154691
295.0236789616205
295.030202696522
294.2068642392679
293.98853642125437
293.9298242279872
294.0981342038675
294.8899870999127
299.04939533835454
303.0675108672212
305.79165870738296
308.1348743062337
309.98280063618967
311.7547769455812
314.35710780052443
316.3109013040129
317.53891884403293
319.4538172437176
320.9521468631152
321.90432312958876
322.85789098029926
323.89808789353094
