145.5399932861328
147.67711314979596
147.5698748998953
147.71205403404355
148.4256426458258
148.32219996402338
148.89518210069116
150.1927033159896
152.52248971235926
146.11476236539386
150.52657074680954
152.69844934519102
155.21980006465674
151.01411444516518
146.82793429683755
147.85130803425452
147.28804995045388
143.17264175343902
138.0603104490631
139.1242788831291
141.23055720744543
147.32570423292628
153.55916762070083
151.67966423679286
147.42034940478612
144.631454446562
141.65709529444436
146.2946226258575
144.75368173436013
141.27380067828474
138.61470046855922
136.96759656976704
134.22691916730673
136.2685640028898
138.25991585809604
141.5494146617208
144.54464417423705
142.198011235719
140.05871795914769
138.62543822495266
141.99371348596026
145.32003095940362
148.83951627006599
150.9553367499251
152.56758575340845
154.98815833757095
155.80542204354518
150.21759984540807
152.9444722198366
158.15138307158475
154.95841769491784
158.0870810559897
151.8444954865179
150.5467962819621
154.72805645347987
150.61304265253878
147.3710821831775
146.56948918010153
149.79546077844626
153.16432040905048
152.47047974309592
152.33251213385608
149.52516971549863
153.29295263567403
153.8191656213296
157.10121429254426
156.16831717873708
152.92909023940993
155.12319342261299
159.27121109751454
161.19679314631162
161.9452219932887
160.68564720022155
160.95380776750122
158.1519611446131
157.0384521034699
163.0328792425868
160.82773750768152
160.69739052449373
163.76301123390888
157.77345447553347
152.80077297442043
153.3925097430571
155.2723540371805
151.52453703313586
153.7695417318456
154.82343059279387
159.3433259909123
155.86582301415123
150.46393512587363
148.80947678216725
145.2430720117984
144.8894936946031
138.98152907555738
138.87576524389758
141.24788865829763
140.17410636641412
142.34978239405282
139.979314722862
137.3345572552893
135.3444750732657
135.55325340981142
135.1286497889067
138.062204963057
136.42149203537983
137.45614086708576
140.0960103524977
139.61083502491047
138.36818220520922
137.71708743269494
134.00181277879574
134.64640555020216
139.95712682502236
144.32188712620047
144.153237213945
143.35006369893526
143.74777093258115
141.9873307162438
142.98091518715842
144.85113901442423
143.14370577234592
144.12030015801278
144.146459338664
141.20664087055897
142.43697883841898
140.08515556038614
140.99706960059206
141.08253678358923
143.35353538314232
144.14127297294692
145.04263981569244
148.8000674950222
146.05731755090505
144.04662364318364
144.36413161457935
149.98001350921064
150.8614172696474
150.50190490347697
152.74553937329165
155.3813340626023
157.7095022008496
154.21966248618557
151.37778200179704
154.5387189049157
151.67616363620402
149.88561430035952
147.67608423991538
146.87140150424634
141.45088889197322
138.2116173421059
140.838288034088
140.94269703200865
141.80253045987445
143.4513756195844
142.54126911919994
144.06572403759594
139.78448573213808
137.4457616886948
137.32249240138304
138.54018491387382
142.13358924529678
144.9285568328629
147.50549171383136
149.1514055492916
151.25483000752965
149.86848792423416
143.42596301822957
147.55029746488248
150.39290710975774
148.31164506441613
142.0660887678233
145.0578264191627
146.85799901437164
145.85474011102428
146.866038723919
147.37955129433743
150.8973628266007
150.06804850985577
151.74214103472212
154.87169090790422
156.48428688026604
157.98992839789435
158.87433349328847
156.41322728736415
157.27609198966624
155.99613429208713
155.46807800874265
156.386203906819
154.1887750955792
153.52956422623376
151.14128570515828
150.555006358643
148.29681401536686
153.45427545921476
155.36006911476395
153.56127426888955
151.00591991191476
150.01627727033764
149.089531709682
151.38990821661778
153.1923449424323
152.0588558534892
150.32317554557764
150.27746536431442
152.31219820988414
151.10777944006364
146.91468220768985
147.59594089560565
151.90627931285405
147.9734667205321
151.9969499947752
153.8696524920192
151.4605206960672
153.1912254715828
157.1387797897851
158.84093288256133
160.23353873308972
163.80854688672704
163.9085211432214
160.58020579556285
166.07084347888838
169.99165208485587
173.73889365709894
171.52994296538856
168.91133148323274
169.17122063170837
169.76467740633822
167.89405794306836
162.34831531360913
163.4492903010857
162.0040671272851
159.93262805395568
162.58565248258665
156.07191907991424
156.26234335200706
154.47476185411165
157.68588370391512
157.01488479755105
153.20048219905425
155.02779421947858
150.16685326752022
154.06585586190997
155.60093829331626
154.26558901785071
157.8747077166471
158.00906179417473
161.9264130794638
165.34892247712145
161.9620638486026
168.77845917673787
163.4738758572809
163.27270960960925
161.9808429057258
161.05718592931794
158.04130935212692
162.16061895728322
158.2863198840109
158.68655576085618
157.1654320073643
157.49373356054053
153.56220078604997
151.08349215076382
147.54863074153616
145.87742371003483
150.689403589028
152.17657508266336
149.45166751901607
147.6080444370343
150.55265793333885
148.7766235504881
152.2786882386667
157.67133202931444
163.07445572085243
161.08066241119715
157.42314990789475
158.07204315810063
163.15690642723305
161.9100273330135
163.24953054475674
163.60051227267064
169.16053903298652
167.9361628841658
173.38662605566446
171.60948597721247
174.23088967586406
169.2074327182441
167.4043453465013
165.42298794105707
169.22925542844308
164.52855207322196
163.7205768114626
160.30578866493246
