46.7599983215332
46.33000183105469
45.650001525878906
46.22999954223633
47.59000015258789
47.189998626708984
46.599998474121094
46.36000061035156
45.959999084472656
45.47999954223633
46.2400016784668
46.38999938964844
45.91999816894531
47.130001068115234
47.18000030517578
47.0099983215332
42.65999984741211
41.189998626708984
42.0099983215332
40.400001525878906
41.279998779296875
41.599998474121094
41.84000015258789
42.45000076293945
42.40999984741211
42.36000061035156
42.599998474121094
42.380001068115234
43.09000015258789
43.869998931884766
43.58000183105469
43.529998779296875
43.5
43.86000061035156
44.150001525878906
44.09000015258789
43.9900016784668
44.060001373291016
43.849998474121094
43.880001068115234
43.279998779296875
43.060001373291016
43.11000061035156
42.36000061035156
42.849998474121094
42.029998779296875
41.97999954223633
41.02000045776367
41.380001068115234
41.560001373291016
41.70000076293945
42.5
42.290000915527344
42.880001068115234
42.86000061035156
42.900001525878906
41.459999084472656
41.209999084472656
40.970001220703125
40.959999084472656
40.65999984741211
40.720001220703125
40.290000915527344
41.54999923706055
41.529998779296875
41.41999816894531
41.47999954223633
41.720001220703125
41.7599983215332
41.650001525878906
42.2599983215332
42.15999984741211
41.619998931884766
42.90999984741211
42.63999938964844
42.9900016784668
43.34000015258789
47.869998931884766
48.029998779296875
49.15999984741211
49.060001373291016
48.63999938964844
48.65999984741211
48.2400016784668
47.599998474121094
46.279998779296875
46.70000076293945
47.75
47.369998931884766
47.349998474121094
47.630001068115234
48.720001220703125
48.29999923706055
48.0099983215332
47.58000183105469
47.58000183105469
47.41999816894531
46.900001525878906
46.59000015258789
47.61000061035156
47.45000076293945
46.86000061035156
47.22999954223633
46.91999816894531
46.849998474121094
46.36000061035156
46.13999938964844
45.72999954223633
45.650001525878906
46.61000061035156
46.439998626708984
45.970001220703125
45.47999954223633
45.83000183105469
45.970001220703125
46.720001220703125
46.099998474121094
46.22999954223633
45.90999984741211
45.63999938964844
45.650001525878906
45.2599983215332
44.369998931884766
44.150001525878906
44.45000076293945
44.400001525878906
44.38999938964844
44.29999923706055
44.2400016784668
44.52000045776367
44.61000061035156
45.540000915527344
45.619998931884766
45.7599983215332
46.65999984741211
46.619998931884766
46.91999816894531
47.279998779296875
45.540000915527344
46.11000061035156
45.939998626708984
45.349998474121094
45.34000015258789
46.290000915527344
46.880001068115234
46.70000076293945
46.810001373291016
47.540000915527344
47.58000183105469
46.619998931884766
46.7400016784668
47.33000183105469
46.40999984741211
46.7400016784668
46.72999954223633
47.0
47.31999969482422
47.27000045776367
46.61000061035156
45.65999984741211
43.06999969482422
41.68000030517578
40.470001220703125
42.709999084472656
43.900001525878906
43.93000030517578
43.52000045776367
41.81999969482422
43.36000061035156
43.5
42.61000061035156
43.88999938964844
43.06999969482422
43.290000915527344
43.47999954223633
43.040000915527344
43.97999954223633
44.29999923706055
44.25
43.47999954223633
44.11000061035156
43.900001525878906
43.869998931884766
43.90999984741211
43.939998626708984
43.290000915527344
43.439998626708984
44.2599983215332
44.61000061035156
45.56999969482422
46.630001068115234
46.75
46.79999923706055
47.45000076293945
47.11000061035156
47.0
46.88999938964844
46.68000030517578
47.0099983215332
47.5099983215332
47.619998931884766
47.77000045776367
47.20000076293945
48.029998779296875
52.869998931884766
54.25
53.689998626708984
53.97999954223633
53.36000061035156
52.63999938964844
53.2400016784668
54.150001525878906
54.400001525878906
54.380001068115234
54.91999816894531
54.15999984741211
53.5099983215332
53.650001525878906
53.31999969482422
52.84000015258789
53.77000045776367
52.970001220703125
53.849998474121094
53.939998626708984
54.189998626708984
54.189998626708984
54.25
53.689998626708984
53.93000030517578
54.349998474121094
55.220001220703125
55.209999084472656
54.20000076293945
55.90999984741211
55.810001373291016
55.790000915527344
54.97999954223633
55.27000045776367
54.060001373291016
55.13999938964844
55.20000076293945
56.130001068115234
55.70000076293945
54.130001068115234
54.83000183105469
55.349998474121094
55.81999969482422
55.66999816894531
55.95000076293945
56.54999923706055
56.310001373291016
55.47999954223633
54.79999923706055
55.04999923706055
54.04999923706055
52.16999816894531
52.33000183105469
52.29999923706055
52.779998779296875
51.63999938964844
53.11000061035156
50.9900016784668
50.560001373291016
50.790000915527344
50.47999954223633
52.290000915527344
51.790000915527344
52.16999816894531
51.220001220703125
52.060001373291016
55.09000015258789
54.709999084472656
53.0
52.15999984741211
52.0
50.15999984741211
49.40999984741211
49.279998779296875
49.709999084472656
49.689998626708984
50.5
51.09000015258789
52.41999816894531
52.189998626708984
51.81999969482422
52.650001525878906
51.18000030517578
51.36000061035156
52.099998474121094
51.29999923706055
50.880001068115234
52.58000183105469
52.95000076293945
52.349998474121094
52.029998779296875
51.029998779296875
51.650001525878906
52.84000015258789
52.04999923706055
53.06999969482422
53.16999816894531
53.59000015258789
54.349998474121094
54.65999984741211
53.4900016784668
53.86000061035156
54.06999969482422
53.970001220703125
54.209999084472656
53.540000915527344
54.709999084472656
55.04999923706055
55.22999954223633
55.56999969482422
55.43000030517578
54.560001373291016
55.119998931884766
54.459999084472656
54.41999816894531
54.310001373291016
54.650001525878906
55.349998474121094
55.36000061035156
55.650001525878906
56.459999084472656
56.38999938964844
55.59000015258789
55.779998779296875
51.779998779296875
52.11000061035156
51.439998626708984
50.939998626708984
49.900001525878906
49.869998931884766
50.61000061035156
49.779998779296875
49.869998931884766
49.939998626708984
50.38999938964844
50.06999969482422
51.02000045776367
51.04999923706055
51.5099983215332
51.08000183105469
51.83000183105469
50.5099983215332
50.810001373291016
50.31999969482422
50.619998931884766
50.029998779296875
51.59000015258789
52.119998931884766
51.88999938964844
52.31999969482422
53.0
52.849998474121094
52.47999954223633
51.790000915527344
52.130001068115234
52.099998474121094
52.040000915527344
51.619998931884766
51.47999954223633
50.13999938964844
49.83000183105469
49.689998626708984
50.38999938964844
50.130001068115234
50.06999969482422
51.189998626708984
50.9900016784668
51.90999984741211
49.83000183105469
48.43000030517578
49.439998626708984
50.540000915527344
51.16999816894531
51.15999984741211
51.16999816894531
51.380001068115234
51.380001068115234
52.29999923706055
52.59000015258789
53.209999084472656
53.5099983215332
53.7400016784668
53.70000076293945
53.959999084472656
53.09000015258789
55.90999984741211
55.79999923706055
56.56999969482422
56.72999954223633
56.7599983215332
56.189998626708984
56.209999084472656
56.68000030517578
56.58000183105469
56.58000183105469
56.970001220703125
57.38999938964844
57.959999084472656
58.060001373291016
58.20000076293945
58.02000045776367
58.29999923706055
57.939998626708984
58.119998931884766
57.439998626708984
57.560001373291016
57.599998474121094
57.619998931884766
57.66999816894531
57.88999938964844
57.95000076293945
58.16999816894531
58.029998779296875
58.099998474121094
57.88999938964844
57.459999084472656
57.59000015258789
57.66999816894531
57.61000061035156
57.65999984741211
57.43000030517578
56.209999084472656
57.04999923706055
56.529998779296875
56.2599983215332
57.189998626708984
57.25
56.93000030517578
56.810001373291016
57.7599983215332
57.81999969482422
57.43000030517578
56.900001525878906
57.95000076293945
58.029998779296875
57.400001525878906
57.599998474121094
57.41999816894531
57.2400016784668
57.63999938964844
57.7400016784668
57.79999923706055
58.040000915527344
57.189998626708984
57.11000061035156
56.91999816894531
57.41999816894531
57.220001220703125
57.65999984741211
57.529998779296875
57.25
59.65999984741211
61.0
60.9900016784668
60.630001068115234
60.099998474121094
59.869998931884766
59.91999816894531
59.79999923706055
59.43000030517578
59.209999084472656
58.709999084472656
60.41999816894531
60.470001220703125
60.16999816894531
58.70000076293945
59.02000045776367
58.119998931884766
58.869998931884766
59.650001525878906
60.63999938964844
60.349998474121094
60.86000061035156
61.119998931884766
60.400001525878906
60.529998779296875
60.61000061035156
61.09000015258789
60.2599983215332
59.20000076293945
59.25
60.220001220703125
59.95000076293945
61.369998931884766
61.0099983215332
61.970001220703125
62.16999816894531
62.97999954223633
62.68000030517578
62.58000183105469
62.29999923706055
63.619998931884766
63.540000915527344
63.540000915527344
63.54999923706055
63.2400016784668
63.279998779296875
62.9900016784668
62.900001525878906
62.13999938964844
62.58000183105469
62.29999923706055
62.29999923706055
62.84000015258789
62.63999938964844
62.619998931884766
63.189998626708984
62.61000061035156
62.70000076293945
62.529998779296875
62.5
62.29999923706055
62.7400016784668
62.959999084472656
63.52000045776367
63.68000030517578
64.2699966430664
65.77999877929688
65.12999725341797
64.6500015258789
63.58000183105469
63.16999816894531
63.68000030517578
63.63999938964844
63.43000030517578
63.34000015258789
64.05999755859375
64.0
64.72000122070312
64.56999969482422
64.52999877929688
64.5199966430664
64.62000274658203
64.48999786376953
64.36000061035156
64.62000274658203
64.62000274658203
64.2300033569336
63.97999954223633
64.94000244140625
64.01000213623047
64.25
64.2699966430664
64.4000015258789
64.98999786376953
64.7300033569336
64.93000030517578
64.70999908447266
64.41000366210938
64.75
64.63999938964844
64.87000274658203
64.93000030517578
64.20999908447266
65.02999877929688
64.87000274658203
64.9800033569336
65.0999984741211
65.29000091552734
65.47000122070312
65.70999908447266
65.86000061035156
65.55000305175781
65.7300033569336
65.55999755859375
65.7300033569336
65.68000030517578
65.52999877929688
65.4800033569336
65.2300033569336
64.94999694824219
65.4800033569336
65.38999938964844
65.04000091552734
65.5
66.4000015258789
67.52999877929688
67.91999816894531
67.83000183105469
68.2699966430664
68.45999908447266
69.41000366210938
69.30000305175781
69.08000183105469
68.80999755859375
69.0
68.94000244140625
69.04000091552734
69.30999755859375
68.45999908447266
68.37999725341797
68.43000030517578
69.41000366210938
67.4800033569336
67.70999908447266
67.69000244140625
68.44999694824219
68.68000030517578
68.7699966430664
69.62000274658203
69.95999908447266
70.41000366210938
69.83999633789062
70.0999984741211
71.76000213623047
72.27999877929688
72.5199966430664
72.38999938964844
71.94999694824219
70.31999969482422
69.77999877929688
70.6500015258789
70.2699966430664
69.9000015258789
70.0
70.87000274658203
69.91000366210938
70.2699966430664
70.26000213623047
71.20999908447266
70.52999877929688
69.20999908447266
69.80000305175781
68.48999786376953
68.93000030517578
68.16999816894531
69.08000183105469
68.56999969482422
69.45999908447266
69.9800033569336
69.98999786376953
71.1500015258789
71.7699966430664
72.77999877929688
73.3499984741211
73.30000305175781
73.86000061035156
74.22000122070312
73.79000091552734
73.5999984741211
74.19000244140625
74.05000305175781
73.16000366210938
73.04000091552734
72.69999694824219
72.58000183105469
72.26000213623047
72.1500015258789
72.68000030517578
72.4000015258789
72.79000091552734
72.47000122070312
71.41000366210938
72.5
73.58999633789062
73.22000122070312
73.6500015258789
72.4000015258789
72.48999786376953
72.1500015258789
73.16000366210938
72.72000122070312
72.69000244140625
72.81999969482422
72.83000183105469
73.05000305175781
74.01000213623047
74.7699966430664
73.94000244140625
73.61000061035156
73.4000015258789
74.33999633789062
73.9800033569336
74.76000213623047
74.68000030517578
75.20999908447266
74.7699966430664
75.30999755859375
75.16000366210938
75.44000244140625
74.94000244140625
74.20999908447266
74.41000366210938
73.26000213623047
73.26000213623047
73.8499984741211
73.87000274658203
74.48999786376953
74.61000061035156
74.26000213623047
74.69000244140625
75.97000122070312
76.0
76.29000091552734
76.29000091552734
76.41999816894531
77.12000274658203
77.48999786376953
77.6500015258789
77.58999633789062
77.61000061035156
77.91000366210938
78.80999755859375
78.83000183105469
78.86000061035156
78.62999725341797
78.76000213623047
83.80999755859375
83.88999938964844
83.18000030517578
83.18000030517578
84.05000305175781
84.13999938964844
84.47000122070312
84.2699966430664
84.55999755859375
84.08999633789062
83.87000274658203
83.93000030517578
84.05000305175781
82.9800033569336
83.19999694824219
82.4000015258789
82.52999877929688
83.72000122070312
83.11000061035156
83.26000213623047
83.87000274658203
84.87999725341797
83.33999633789062
84.16999816894531
84.26000213623047
81.08000183105469
81.58999633789062
82.77999877929688
82.48999786376953
84.16000366210938
85.2300033569336
85.58000183105469
85.3499984741211
84.69000244140625
86.8499984741211
86.37999725341797
85.83000183105469
85.5199966430664
85.5
85.51000213623047
85.4000015258789
85.70999908447266
85.72000122070312
85.54000091552734
85.94999694824219
86.3499984741211
87.11000061035156
88.19000244140625
88.27999877929688
88.22000122070312
87.81999969482422
88.08000183105469
89.5999984741211
88.3499984741211
90.13999938964844
90.0999984741211
90.0
91.61000061035156
91.9000015258789
91.81999969482422
92.33000183105469
94.05999755859375
93.91999816894531
92.73999786376953
95.01000213623047
94.26000213623047
91.77999877929688
88.0
91.33000183105469
89.61000061035156
85.01000213623047
88.18000030517578
89.12999725341797
89.83000183105469
90.80999755859375
92.66000366210938
92.0
92.72000122070312
91.48999786376953
91.7300033569336
94.05999755859375
95.41999816894531
94.19999694824219
93.7699966430664
92.8499984741211
93.05000305175781
93.63999938964844
93.31999969482422
93.86000061035156
94.43000030517578
96.54000091552734
96.7699966430664
94.41000366210938
93.8499984741211
94.18000030517578
94.5999984741211
92.88999938964844
93.12999725341797
92.4800033569336
89.79000091552734
87.18000030517578
93.77999877929688
89.47000122070312
89.38999938964844
91.2699966430664
88.5199966430664
89.70999908447266
92.33000183105469
92.37999725341797
90.2300033569336
90.7699966430664
92.87999725341797
91.86000061035156
93.58000183105469
93.08000183105469
94.16999816894531
96.06999969482422
96.44000244140625
96.11000061035156
95.0
95.3499984741211
93.12000274658203
92.30999755859375
94.26000213623047
95.81999969482422
93.5199966430664
95.0
93.51000213623047
94.06999969482422
95.16000366210938
96.22000122070312
95.80999755859375
96.94000244140625
97.91000366210938
97.69999694824219
98.02999877929688
97.31999969482422
97.1500015258789
96.18000030517578
96.36000061035156
97.5999984741211
97.5
98.66000366210938
98.30999755859375
98.36000061035156
98.01000213623047
98.94999694824219
98.83999633789062
100.79000091552734
101.66999816894531
102.19000244140625
102.48999786376953
100.87999725341797
101.62999725341797
101.05000305175781
101.30999755859375
100.8499984741211
101.41999816894531
100.12999725341797
100.86000061035156
100.86000061035156
101.87000274658203
101.13999938964844
100.41000366210938
98.38999938964844
99.08000183105469
97.54000091552734
98.62999725341797
98.61000061035156
100.01000213623047
99.05000305175781
99.76000213623047
101.16000366210938
101.8499984741211
102.12000274658203
101.9800033569336
104.19000244140625
105.43000030517578
104.91000366210938
105.94999694824219
105.12000274658203
104.4000015258789
106.2699966430664
107.97000122070312
107.66000366210938
110.83000183105469
109.62000274658203
107.68000030517578
105.37000274658203
106.08000183105469
106.27999877929688
107.56999969482422
108.04000091552734
108.12999725341797
108.87999725341797
109.48999786376953
109.66999816894531
109.0
108.20999908447266
109.55999755859375
107.66000366210938
107.63999938964844
107.58000183105469
106.87000274658203
105.9800033569336
107.05999755859375
107.55999755859375
108.4000015258789
109.5999984741211
110.26000213623047
112.0199966430664
111.94999694824219
112.33000183105469
111.70999908447266
108.48999786376953
108.73999786376953
108.20999908447266
109.37999725341797
111.23999786376953
111.70999908447266
112.91000366210938
113.37000274658203
112.13999938964844
113.20999908447266
111.69999694824219
113.56999969482422
114.26000213623047
114.66999816894531
114.44999694824219
113.9800033569336
114.41000366210938
114.37000274658203
115.61000061035156
115.1500015258789
115.16999816894531
112.79000091552734
112.12999725341797
110.8499984741211
112.26000213623047
106.16000366210938
105.91000366210938
109.56999969482422
107.5999984741211
111.0
110.70999908447266
108.5
108.66000366210938
109.62999725341797
108.0999984741211
102.31999969482422
108.30000305175781
106.95999908447266
103.8499984741211
103.7300033569336
106.80999755859375
105.91999816894531
106.16000366210938
107.51000213623047
107.72000122070312
111.95999908447266
111.75
109.56999969482422
106.87000274658203
106.94000244140625
104.97000122070312
107.27999877929688
108.29000091552734
104.62000274658203
101.70999908447266
103.11000061035156
103.06999969482422
106.47000122070312
107.13999938964844
111.12000274658203
110.19000244140625
110.88999938964844
112.08999633789062
108.5199966430664
109.19000244140625
104.81999969482422
107.58999633789062
108.58999633789062
109.08000183105469
109.44999694824219
106.02999877929688
102.88999938964844
103.97000122070312
103.69000244140625
101.51000213623047
98.2300033569336
94.12999725341797
100.55999755859375
101.18000030517578
100.38999938964844
101.56999969482422
101.12000274658203
97.4000015258789
101.93000030517578
102.05999755859375
102.80000305175781
104.2699966430664
103.5999984741211
102.80000305175781
102.05000305175781
105.01000213623047
105.37999725341797
106.12000274658203
107.70999908447266
105.68000030517578
106.70999908447266
106.19999694824219
107.16999816894531
105.08000183105469
102.94000244140625
106.37999725341797
104.43000030517578
102.77999877929688
105.73999786376953
107.22000122070312
106.02999877929688
105.2699966430664
105.66999816894531
105.25
106.88999938964844
106.80999755859375
106.9000015258789
108.22000122070312
108.16999816894531
107.1500015258789
109.41000366210938
110.97000122070312
111.58999633789062
112.36000061035156
112.16999816894531
112.02999877929688
112.52999877929688
112.26000213623047
111.69999694824219
111.75
110.38999938964844
110.51000213623047
112.83000183105469
113.62000274658203
114.5
114.58999633789062
115.91000366210938
117.56999969482422
117.6500015258789
117.5199966430664
120.22000122070312
117.05000305175781
117.66000366210938
117.91000366210938
116.7699966430664
116.93000030517578
117.94000244140625
119.0199966430664
119.19000244140625
119.97000122070312
119.36000061035156
119.88999938964844
119.93000030517578
119.27999877929688
120.19000244140625
120.33000183105469
120.94999694824219
121.05000305175781
120.7699966430664
121.7699966430664
123.37000274658203
123.76000213623047
125.44000244140625
125.01000213623047
129.14999389648438
129.88999938964844
129.77000427246094
130.60000610351562
127.87999725341797
126.20999908447266
128.89999389648438
128.14999389648438
125.5199966430664
125.51000213623047
125.5
127.12999725341797
123.3499984741211
124.7300033569336
126.0199966430664
128.92999267578125
128.07000732421875
126.22000122070312
126.9000015258789
127.66999816894531
126.18000030517578
126.23999786376953
126.16000366210938
124.94000244140625
125.7300033569336
123.68000030517578
119.83999633789062
123.16000366210938
125.83000183105469
127.81999969482422
131.39999389648438
132.60000610351562
132.10000610351562
131.49000549316406
132.32000732421875
132.4499969482422
132.85000610351562
135.16000366210938
135.69000244140625
136.9499969482422
136.97000122070312
137.77999877929688
133.42999267578125
133.92999267578125
134.14999389648438
133.9600067138672
135.67999267578125
136.5800018310547
137.4600067138672
137.05999755859375
136.9600067138672
136.4600067138672
137.85000610351562
138.39999389648438
138.89999389648438
138.89999389648438
137.0800018310547
136.27000427246094
136.4199981689453
136.6199951171875
138.42999267578125
139.2899932861328
140.72000122070312
140.19000244140625
141.33999633789062
141.02999877929688
140.35000610351562
136.27000427246094
138.05999755859375
136.89999389648438
132.2100067138672
134.69000244140625
135.27999877929688
138.88999938964844
137.7100067138672
135.7899932861328
138.60000610351562
133.97999572753906
133.67999267578125
136.1300048828125
138.41000366210938
137.25999450683594
138.7899932861328
137.77999877929688
133.38999938964844
135.4499969482422
135.74000549316406
135.55999755859375
138.1199951171875
137.86000061035156
136.0399932861328
137.6300048828125
140.0500030517578
139.10000610351562
137.52000427246094
136.0800018310547
136.1199951171875
137.52000427246094
137.32000732421875
136.3300018310547
137.38999938964844
138.52000427246094
141.07000732421875
139.44000244140625
139.13999938964844
137.3800048828125
139.36000061035156
139.5399932861328
137.72999572753906
139.02999877929688
137.07000732421875
134.64999389648438
136.27999877929688
138.1199951171875
137.1199951171875
135.6699981689453
138.24000549316406
139.10000610351562
139.67999267578125
139.5500030517578
141.57000732421875
140.41000366210938
139.69000244140625
137.41000366210938
138.42999267578125
136.3699951171875
137.24000549316406
139.94000244140625
140.72999572753906
144.19000244140625
142.8300018310547
144.61000061035156
143.3699951171875
143.72000122070312
144.5500030517578
144.4600067138672
144.05999755859375
144.25999450683594
145.9600067138672
146.11000061035156
147.07000732421875
147.30999755859375
148.05999755859375
149.97000122070312
150.33999633789062
150.38999938964844
149.6199951171875
149.47999572753906
149.58999633789062
151.22999572753906
152.02999877929688
152.32000732421875
151.3800048828125
149.5500030517578
149.30999755859375
149.85000610351562
149.92999267578125
151.75
151.36000061035156
151.1300048828125
151.6999969482422
153.24000549316406
154.52999877929688
155.52999877929688
154.69000244140625
154.3699951171875
155.7100067138672
157.41000366210938
157.41000366210938
157.3800048828125
158.6699981689453
158.9600067138672
157.58999633789062
157.6999969482422
160.6199951171875
158.6199951171875
159.02999877929688
157.5800018310547
160.08999633789062
162.08999633789062
161.33999633789062
163.27999877929688
162.1300048828125
163.17999267578125
166.1699981689453
167.10000610351562
166.5
165.6999969482422
166.72000122070312
165.0399932861328
162.27999877929688
165.4600067138672
168.0399932861328
172.77999877929688
170.22999572753906
174.3800048828125
180.1199951171875
179.89999389648438
183.6300048828125
183.88999938964844
188.6999969482422
184.44000244140625
184.7100067138672
183.7100067138672
185.35000610351562
187.22999572753906
187.27999877929688
184.4199981689453
178.58999633789062
170.88999938964844
168.07000732421875
170.1699981689453
158.17999267578125
162.00999450683594
172.7899932861328
164.50999450683594
170.5500030517578
166.27000427246094
161.57000732421875
150.6199951171875
160.9199981689453
153.6300048828125
139.05999755859375
158.8300018310547
135.4199981689453
146.57000732421875
140.39999389648438
142.7100067138672
137.35000610351562
135.97999572753906
148.33999633789062
146.9199981689453
156.11000061035156
149.6999969482422
160.22999572753906
157.7100067138672
152.11000061035156
155.25999450683594
153.8300018310547
165.27000427246094
163.49000549316406
165.1300048828125
165.13999938964844
165.50999450683594
173.6999969482422
171.8800048828125
177.0399932861328
178.60000610351562
175.05999755859375
167.82000732421875
173.52000427246094
171.4199981689453
174.5500030517578
174.0500030517578
169.80999755859375
177.42999267578125
179.2100067138672
174.57000732421875
178.83999633789062
180.75999450683594
182.5399932861328
183.60000610351562
184.67999267578125
186.74000549316406
182.50999450683594
179.75
180.52999877929688
183.16000366210938
184.91000366210938
183.6300048828125
185.66000366210938
183.42999267578125
183.50999450683594
181.57000732421875
181.80999755859375
181.39999389648438
183.25
182.8300018310547
184.91000366210938
185.36000061035156
182.9199981689453
187.1999969482422
188.36000061035156
189.8000030517578
196.83999633789062
186.27000427246094
187.74000549316406
188.94000244140625
193.57000732421875
194.24000549316406
196.32000732421875
195.14999389648438
200.57000732421875
201.91000366210938
197.83999633789062
200.33999633789062
196.3300018310547
198.44000244140625
203.50999450683594
204.6999969482422
206.25999450683594
210.6999969482422
208.25
212.8300018310547
214.32000732421875
213.6699981689453
207.07000732421875
208.35000610351562
208.0399932861328
203.9199981689453
202.8800048828125
211.60000610351562
208.75
211.75
202.5399932861328
201.3000030517578
203.85000610351562
202.02000427246094
204.05999755859375
203.89999389648438
205.00999450683594
216.5399932861328
213.2899932861328
212.94000244140625
216.35000610351562
212.47999572753906
208.25
203.3800048828125
209.19000244140625
208.6999969482422
208.89999389648438
210.27999877929688
211.49000549316406
209.6999969482422
214.5800018310547
213.02000427246094
213.69000244140625
216.47000122070312
221.14999389648438
226.5800018310547
228.91000366210938
225.52999877929688
227.27000427246094
231.64999389648438
217.3000030517578
214.25
202.66000366210938
211.2899932861328
205.3699951171875
204.02999877929688
205.41000366210938
208.77999877929688
205.0500030517578
202.91000366210938
200.38999938964844
202.5399932861328
207.4199981689453
200.58999633789062
203.19000244140625
207.82000732421875
209.44000244140625
207.25999450683594
210.3300018310547
212.4600067138672
206.19000244140625
210.3800048828125
205.91000366210938
209.8300018310547
210.5800018310547
215.80999755859375
221.39999389648438
222.86000061035156
220.86000061035156
219.66000366210938
219.66000366210938
214.22000122070312
214.64999389648438
214.8000030517578
214.88999938964844
216.22999572753906
210.0800018310547
213.25
202.67999267578125
204.72000122070312
202.47000122070312
202.3300018310547
206.42999267578125
216.38999938964844
223.2899932861328
223.72000122070312
218.38999938964844
211.00999450683594
216.5500030517578
215.44000244140625
216.50999450683594
217.22999572753906
214.4600067138672
211.0800018310547
212.4199981689453
210.38999938964844
210.11000061035156
213.86000061035156
213.8699951171875
215.22999572753906
214.07000732421875
216.2100067138672
215.3699951171875
214.24000549316406
214.36000061035156
214.2899932861328
216.00999450683594
211.8000030517578
210.52000427246094
213.25999450683594
214.1999969482422
214.1300048828125
219.27999877929688
219.4199981689453
218.58999633789062
222.58999633789062
223.94000244140625
221.02000427246094
222.75
224.9600067138672
224.14999389648438
221.67999267578125
222.4199981689453
217.69000244140625
217.89999389648438
212.25
218.2899932861328
219.6199951171875
217.49000549316406
214.92999267578125
216.33999633789062
213.02000427246094
212.64999389648438
216.44000244140625
224.33999633789062
224.97000122070312
225.9499969482422
229.52999877929688
232.3300018310547
232.89999389648438
238.92999267578125
231.9600067138672
239.64999389648438
239.50999450683594
243.0
242.00999450683594
242.1999969482422
242.47000122070312
243.77000427246094
242.82000732421875
244.49000549316406
244.99000549316406
243.6999969482422
244.1999969482422
243.7899932861328
240.97000122070312
234.50999450683594
233.27000427246094
234.5500030517578
228.99000549316406
232.3800048828125
236.94000244140625
233.8699951171875
227.55999755859375
226.72999572753906
231.60000610351562
227.38999938964844
233.77999877929688
232.4199981689453
237.1300048828125
235.75
234.80999755859375
237.7100067138672
237.0399932861328
230.72000122070312
230.35000610351562
235.99000549316406
237.5800018310547
235.4600067138672
232.33999633789062
236.47999572753906
235.24000549316406
231.85000610351562
235.77000427246094
242.35000610351562
249.07000732421875
247.86000061035156
249.89999389648438
253.25
255.85000610351562
255.91000366210938
258.489990234375
255.58999633789062
259.5
260.739990234375
258.739990234375
258.260009765625
260.5799865722656
257.1700134277344
261.1499938964844
261.54998779296875
261.9700012207031
254.55999755859375
252.50999450683594
252.17999267578125
251.86000061035156
247.7899932861328
246.47000122070312
249.72999572753906
252.4600067138672
247.17999267578125
246.22999572753906
239.0
243.02999877929688
248.14999389648438
245.17999267578125
243.0800018310547
243.1199951171875
246.47999572753906
245.1699981689453
250.77999877929688
251.72000122070312
251.49000549316406
249.30999755859375
249.67999267578125
247.39999389648438
247.3000030517578
245.7100067138672
250.7899932861328
253.80999755859375
252.57000732421875
253.58999633789062
257.239990234375
257.8900146484375
259.8900146484375
258.3599853515625
257.3800048828125
260.8999938964844
259.42999267578125
262.6300048828125
265.510009765625
265.2699890136719
266.69000244140625
265.0199890136719
268.7200012207031
271.3999938964844
270.8999938964844
271.6000061035156
277.6499938964844
277.6600036621094
279.92999267578125
277.4200134277344
277.94000244140625
277.32000732421875
280.9800109863281
282.510009765625
281.0299987792969
280.75
277.010009765625
279.32000732421875
281.3999938964844
286.1400146484375
289.6700134277344
289.04998779296875
286.5400085449219
286.2200012207031
286.5
284.9100036621094
284.82000732421875
287.1199951171875
286.510009765625
289.5199890136719
289.4599914550781
288.3299865722656
286.44000244140625
286.95001220703125
289.80999755859375
292.8500061035156
294.6000061035156
293.0799865722656
290.7300109863281
296.7699890136719
304.3599853515625
304.6499938964844
302.6199951171875
302.010009765625
299.0899963378906
299.7200012207031
303.5899963378906
301.8800048828125
301.8299865722656
301.1499938964844
301.1400146484375
300.17999267578125
300.2099914550781
297.25
295.7099914550781
296.989990234375
299.7900085449219
304.82000732421875
305.2200012207031
299.8699951171875
294.29998779296875
294.79998779296875
298.5799865722656
299.55999755859375
299.3500061035156
294.1700134277344
283.5199890136719
284.0
281.9200134277344
289.1000061035156
283.1099853515625
288.760009765625
293.1099853515625
294.8500061035156
294.8500061035156
294.2300109863281
292.8800048828125
296.30999755859375
302.75
304.2099914550781
307.2900085449219
308.2300109863281
307.4100036621094
310.760009765625
309.1600036621094
308.1300048828125
310.1099853515625
323.1700134277344
324.3500061035156
331.6199951171875
329.3699951171875
333.1300048828125
334.0
336.44000244140625
336.05999755859375
336.989990234375
335.95001220703125
330.79998779296875
332.42999267578125
336.7200012207031
336.07000732421875
339.510009765625
339.1199951171875
341.2699890136719
343.1099853515625
339.8299865722656
337.67999267578125
337.9100036621094
329.67999267578125
336.6300048828125
330.5899963378906
330.0799865722656
329.489990234375
323.010009765625
326.19000244140625
334.9200134277344
334.9700012207031
333.1000061035156
342.5400085449219
339.3999938964844
328.3399963378906
334.6499938964844
324.8999938964844
323.79998779296875
319.9100036621094
327.2900085449219
333.20001220703125
334.69000244140625
342.45001220703125
341.25
341.95001220703125
339.32000732421875
336.32000732421875
334.75
329.010009765625
316.3800048828125
313.8800048828125
314.0400085449219
314.2699890136719
314.9800109863281
318.2699890136719
304.79998779296875
310.20001220703125
302.6499938964844
303.3299865722656
301.6000061035156
296.0299987792969
296.3699951171875
288.489990234375
296.7099914550781
299.8399963378906
308.260009765625
310.9800109863281
308.760009765625
313.4599914550781
301.25
305.94000244140625
300.95001220703125
304.55999755859375
311.2099914550781
302.3800048828125
295.0400085449219
295.0
300.4700012207031
299.5
290.7300109863281
287.92999267578125
287.7200012207031
280.2699890136719
294.5899963378906
297.30999755859375
298.7900085449219
294.95001220703125
300.19000244140625
295.9200134277344
289.8599853515625
278.9100036621094
275.8500061035156
288.5
285.5899963378906
280.07000732421875
276.44000244140625
287.1499938964844
294.3900146484375
295.2200012207031
300.42999267578125
299.1600036621094
304.05999755859375
299.489990234375
304.1000061035156
303.67999267578125
310.70001220703125
315.4100036621094
313.8599853515625
308.30999755859375
309.4200134277344
314.9700012207031
310.8800048828125
299.5
301.3699951171875
296.9700012207031
285.260009765625
282.05999755859375
287.6199951171875
279.8299865722656
280.5199890136719
285.29998779296875
286.3599853515625
280.80999755859375
274.0299987792969
280.7200012207031
270.2200012207031
283.2200012207031
289.6300048828125
277.5199890136719
284.4700012207031
281.7799987792969
289.9800109863281
277.3500061035156
274.7300109863281
264.5799865722656
269.5
260.54998779296875
255.35000610351562
261.1199951171875
261.5
266.82000732421875
254.0800018310547
253.13999938964844
252.55999755859375
260.6499938964844
259.6199951171875
262.5199890136719
265.8999938964844
273.239990234375
271.8699951171875
272.4200134277344
274.5799865722656
270.0199890136719
268.75
272.5
270.4100036621094
264.7900085449219
252.99000549316406
242.25999450683594
244.49000549316406
251.75999450683594
244.97000122070312
247.64999389648438
253.74000549316406
253.1300048828125
258.8599853515625
267.70001220703125
264.8900146484375
256.4800109863281
260.260009765625
256.8299865722656
259.5799865722656
262.8500061035156
266.2099914550781
268.3999938964844
267.6600036621094
264.510009765625
253.6699981689453
252.72000122070312
254.0800018310547
256.7200012207031
254.25
259.5299987792969
262.2699890136719
264.8399963378906
260.3599853515625
258.8299865722656
251.89999389648438
268.739990234375
276.4100036621094
280.739990234375
278.010009765625
274.82000732421875
282.4700012207031
283.6499938964844
282.9100036621094
280.32000732421875
282.29998779296875
289.1600036621094
287.0199890136719
291.9100036621094
293.4700012207031
292.7099914550781
291.32000732421875
290.1700134277344
286.1499938964844
277.75
276.44000244140625
275.7900085449219
278.8500061035156
268.0899963378906
265.2300109863281
262.9700012207031
261.4700012207031
260.3999938964844
256.05999755859375
253.25
258.0899963378906
258.5199890136719
264.4599914550781
266.6499938964844
251.99000549316406
252.22000122070312
245.3800048828125
244.74000549316406
244.52000427246094
242.4499969482422
238.9499969482422
240.97999572753906
237.9199981689453
237.4499969482422
236.41000366210938
241.07000732421875
237.5
232.89999389648438
240.74000549316406
248.8800048828125
249.1999969482422
246.7899932861328
234.24000549316406
229.25
225.41000366210938
225.75
234.24000549316406
228.55999755859375
237.52999877929688
238.5
236.47999572753906
236.14999389648438
242.1199951171875
247.25
250.66000366210938
231.32000732421875
226.75
235.8699951171875
232.1300048828125
228.1699981689453
220.10000610351562
214.25
221.38999938964844
227.8699951171875
228.8699951171875
224.50999450683594
242.97999572753906
247.11000061035156
241.5500030517578
241.97000122070312
241.72999572753906
241.67999267578125
241.22000122070312
242.0500030517578
245.02999877929688
247.5800018310547
247.49000549316406
241.75999450683594
240.3300018310547
255.13999938964844
254.69000244140625
255.02000427246094
250.1999969482422
245.1199951171875
244.3699951171875
247.39999389648438
245.4199981689453
252.50999450683594
256.9200134277344
257.2200012207031
249.00999450683594
244.69000244140625
240.4499969482422
241.8000030517578
244.42999267578125
238.19000244140625
238.72999572753906
236.9600067138672
234.52999877929688
241.00999450683594
239.82000732421875
239.5800018310547
229.10000610351562
222.30999755859375
224.92999267578125
227.1199951171875
228.85000610351562
235.77000427246094
238.50999450683594
239.22999572753906
240.35000610351562
235.80999755859375
231.92999267578125
240.22000122070312
242.5800018310547
242.0399932861328
240.61000061035156
248.0
248.16000366210938
242.7100067138672
247.80999755859375
252.75
264.6000061035156
258.3500061035156
256.7699890136719
267.55999755859375
266.7300109863281
263.6199951171875
263.1000061035156
271.32000732421875
272.1700134277344
269.32000732421875
262.1499938964844
258.05999755859375
252.6699981689453
251.50999450683594
254.77000427246094
249.22000122070312
250.16000366210938
249.4199981689453
246.27000427246094
251.11000061035156
255.2899932861328
256.8699951171875
254.14999389648438
253.6999969482422
252.32000732421875
248.58999633789062
253.9199981689453
260.7900085449219
265.44000244140625
276.20001220703125
279.42999267578125
272.2300109863281
273.7799987792969
272.2900085449219
277.6600036621094
280.57000732421875
276.3800048828125
275.2300109863281
280.510009765625
284.04998779296875
288.29998779296875
287.2300109863281
287.17999267578125
284.3399963378906
291.6000061035156
289.3900146484375
282.8299865722656
283.489990234375
289.8399963378906
286.1400146484375
288.79998779296875
288.3699951171875
288.45001220703125
286.1099853515625
285.760009765625
281.7699890136719
275.4200134277344
295.3699951171875
304.8299865722656
307.260009765625
305.55999755859375
305.4100036621094
304.3999938964844
305.4100036621094
310.6499938964844
308.6499938964844
307.0
312.30999755859375
310.1099853515625
308.9700012207031
309.4599914550781
311.739990234375
