46.7599983215332
46.5378334681193
46.22194805660763
46.224166534302455
46.53492675066914
46.66308124422653
46.65217066816848
46.60658164455947
46.514150792501106
46.37706818900494
46.36005670069291
46.36356391114229
46.31420567687879
46.40092897551174
46.48042619939101
46.5325098402816
46.16411135583882
45.70497232957408
45.373126961096695
44.937509325572236
44.62435905441835
44.37076940483099
44.162591578677805
44.02417198077937
43.89580059183454
43.775468335072595
43.684625337521545
43.58507190677251
43.54773419598381
43.57177688204079
43.57238437837478
43.569282751586286
43.56425641679045
43.58554114888285
43.62586483450933
43.65879362516332
43.682141550984404
43.70861984725826
43.71847210676785
43.729670676728425
43.698644881952546
43.65477724818894
43.61751270520407
43.531827750304714
43.485536626458284
43.387048994811764
43.292141051555284
43.13932979519966
43.02133045301128
42.92356788210989
42.84190618201604
42.819137780783244
42.7839742267188
42.79034330160763
42.79495504466351
42.80189803511771
42.71334571343164
42.614285442452534
42.50608734001934
42.404481491393874
42.2899752466781
42.187039125531115
42.062789263226485
42.02923607973918
41.99659959661614
41.958937872121254
41.92768020778842
41.91413628097025
41.904091095935875
41.887542877144014
41.911785148513324
41.92793164545937
41.90791115909872
41.973030202440015
42.0163518310065
42.07956566452563
42.16136546467486
42.53170345795303
42.88826875671377
43.294855674073276
43.66848470974984
43.990585809257134
44.29303138286163
44.548617791917565
44.74616301148017
44.84544076559791
44.9654523591604
45.145609745321515
45.28949914204473
45.42276418008442
45.565496797847445
45.76945466111351
45.93304683847292
46.06729799913785
46.165065032011384
46.25650284633477
46.33168364186719
46.36840257753333
46.38271862278986
46.46199875144897
46.52581660618368
46.54740084399548
46.59148528647981
46.61270029217238
46.62802378931473
46.61071724620671
46.58032416092873
46.525423629380484
46.468905415792285
46.47801426706687
46.47556014913038
46.44292483374934
46.38076746288452
46.34521645480473
46.32099771388974
46.3467511228605
46.3308250905195
46.324317729362235
46.297577982999066
46.255139363198744
46.21608599296371
46.15438485720007
46.039231653331825
45.91731460907848
45.82262650970703
45.73082367339472
45.64430073652599
45.557554589975226
45.47253557364597
45.41107114299278
45.359380871490636
45.371035528579654
45.3870999414723
45.41116106506954
45.49174122035803
45.5645404169825
45.65199871821675
45.75704155756067
45.74303761633682
45.766714734675226
45.777895262295026
45.75028688879701
45.723814867024394
45.76034546456981
45.83258587079387
45.888551427278706
45.948003095630476
46.05071794131849
46.149386188826334
46.179749674682334
46.21589649475798
46.28777710370248
46.29566273401176
46.32433075577615
46.350503783714245
46.39240803575465
46.45225435613672
46.505013568842934
46.51178709446713
46.456831802623604
46.23832175947055
45.944230529004976
45.59104773159133
45.40517032025698
45.30806104081208
45.21915251310701
45.10952820409144
44.897297668271634
44.798115949445894
44.714365535288
44.578598542690955
44.53417232755903
44.43970865545372
44.36553328557402
44.3084015885393
44.226568633446064
44.210660831282134
44.21642463968449
44.218590806127054
44.17093946536304
44.16700790383245
44.14978159368538
44.13173100898264
44.11742570573651
44.10597874724651
44.05333480034323
44.01376457286486
44.02965067816181
44.0670927349378
44.16405477872379
44.32314855500762
44.47972004618741
44.62941586264006
44.81138951958822
44.95968734290569
45.091320694558064
45.2073647097794
45.302373632835064
45.412543157385315
45.5478630634782
45.68154945008738
45.81628841480812
45.90556029698718
46.04262101340128
46.48309751672895
46.98418854076732
47.416821886692226
47.8402531034315
48.196366160715456
48.483052412639466
48.78995260277004
49.13576246105462
49.47539101782231
49.79181767314657
50.122668223796005
50.38314137618369
50.58487418696486
50.782624433809524
50.946326137854975
51.06849870680982
51.242789211585645
51.35422228583892
51.51524016040965
51.67167624136433
51.83414870274722
51.98613906367562
52.13219464683756
52.23269815443978
52.3422015445152
52.47173685852799
52.64904427288324
52.81426719546675
52.903669377061846
53.09762621397486
53.27261818706153
53.43502999971867
53.534705467695126
53.646659997494815
53.673327186219055
53.7679512099291
53.86034151334057
54.00677117637127
54.116011804864286
54.11691433805458
54.162919986451534
54.23950570107564
54.34147306266305
54.4271843654665
54.525430590688835
54.656047930213084
54.76275460969202
54.80902847863311
54.80844594689137
54.824030030813425
54.774092558194326
54.60608646209961
54.45924228706805
54.31993627914999
54.220585469577635
54.05409604015897
53.99318665591132
53.799432781401165
53.59043720164143
53.40976388878158
53.22074683017439
53.16069870546258
53.0722665883487
53.01405572157442
52.89831026803346
52.84422582239314
52.98911449090788
53.100139304865856
53.09367870447191
53.03344135815722
52.96676772142441
52.78568592126494
52.56789972088606
52.35577707761095
52.18508172179799
52.024108617639
51.925779028689924
51.871857810510456
51.90722170482785
51.925465377315774
51.91866113969782
51.96584439066475
51.91514477199926
51.87932901947176
51.89356575854205
51.85527114410028
51.79235049380211
51.84316670928599
51.9145753581418
51.942667172161705
51.94830146941232
51.889056134407895
51.873633256399735
51.935979507912464
51.94333561948649
52.0160236244957
52.09047359524784
52.187217244281705
52.32675151740828
52.47728366796698
52.542620313901445
52.62761259120832
52.72066982381904
52.801271849521186
52.8921574776846
52.93395382855705
53.04853739356739
53.17766396423401
53.31007271131573
53.455874452304506
53.58323741065009
53.64625444054224
53.741334730368884
53.78770017259769
53.8284935917404
53.8595586099217
53.91055492710594
54.003422252763635
54.09094343716277
54.19152783002469
54.33788081423914
54.47027556108757
54.54251585733781
54.62235346523138
54.438975743503946
54.28871928325899
54.10493085375658
53.900741677768586
53.64262940984627
53.3992338950875
53.21928336055274
52.99739403268863
52.79562660679532
52.611392543534045
52.46807685616483
52.31336220057249
52.229919507476964
52.15379561905354
52.11226030953127
52.04566298833199
52.031749365280426
51.93357187857771
51.86108345887534
51.761658699896024
51.68800323098633
51.58103520183728
51.58161358575671
51.6163481242188
51.63400304457016
51.67826089297612
51.7635343837563
51.83362884120262
51.875330176755085
51.86982506312725
51.88661061183682
51.90037757069439
51.90938552842586
51.89071542542259
51.86421762650654
51.75297774025444
51.62891477836726
51.50382341374101
51.43196379928174
51.347966203720766
51.265516751532196
51.26064461444673
51.24318377986707
51.28620417132231
51.19225563323905
51.01404561207106
50.91249419365921
50.888462369263294
50.906625969243
50.92297267106055
50.938909799956505
50.96736730112831
50.99398883448255
51.07824757013347
51.175779994808735
51.30701993607837
51.44914757385065
51.59694461285912
51.73262565480062
51.876327166393196
51.95462864937392
52.209813887958326
52.441438749191825
52.707797519878966
52.96729442454826
53.21198499854823
53.40411491004317
53.585139695490845
53.784808121922765
53.965143199931816
54.133843756778916
54.31682165767773
54.51509118877309
54.73734331107679
54.95170834734914
55.161275599968285
55.34570946176188
55.53630880210405
55.69138556498204
55.848070298330846
55.950775351774745
56.05459638542109
56.15429974598251
56.24886098378277
56.34054725379335
56.440511907719596
56.53789828547581
56.643195052151356
56.73266626035437
56.820881241887776
56.88985660625948
56.92663999195067
56.96943742166923
57.01463488923545
57.05304558092039
57.09220392069407
57.113997235821934
57.05567477444453
57.055308610742344
57.02141765387488
56.97229382598184
56.986339296996505
57.00334966493222
56.99861744817374
56.98644866914904
57.03635509833513
57.086912814237664
57.10904749107239
57.095560654608285
57.15068582288773
57.20741569104317
57.21984058361321
57.24436689912986
57.25569794879537
57.25468528619353
57.279544260609974
57.30925119079429
57.34091235506954
57.386014842841014
57.373368635348626
57.35637714986494
57.32822366722496
57.33414460281982
57.326780513651
57.34827853518398
57.36000242190094
57.352905491455715
57.501750288614204
57.72744381838104
57.937931422257556
58.11161333489354
58.239896247101775
58.345064162249066
58.446672807842376
58.533984190372585
58.591791681650214
58.6316760302194
58.636729130493805
58.75177874587777
58.862631808769734
58.946978025555254
58.9310440086123
58.936783134364
58.88408737936534
58.88317844726982
58.932650903954276
59.04280241916035
59.12713764851266
59.23893525895388
59.360294205594585
59.427372097225835
59.49850930252074
59.57021841915498
59.66826885357001
59.706444948277316
59.67377112986842
59.64643105697369
59.68343558366591
59.700633337167424
59.808334343278226
59.88586105155274
60.020321707626955
60.159010511582984
60.341009803883196
60.491912416869816
60.626627862946265
60.73458730643751
60.92074289517604
61.0897272835858
61.247809453388484
61.39633782652862
61.51528388149238
61.629136455544284
61.71693421186187
61.79326113534684
61.81563134530178
61.864945570189064
61.893013548696906
61.91927068988166
61.978672590701414
62.02133883579477
62.05996206780058
62.13286765224628
62.16365042373695
62.19825367142743
62.219656581612554
62.23774325376659
62.24175976881781
62.27390440815
62.318168580815986
62.395706121264226
62.47856381054884
62.59414012232417
62.799679390515955
62.95002247844512
63.059698546021494
63.093266499894604
63.09821693015594
63.135751341447545
63.16828347358954
63.18516843046607
63.195157573828766
63.250953701878124
63.29927926949889
63.39093875022174
63.46700719826062
63.535587300262954
63.599097580443825
63.6649624298721
63.718190522381605
63.75959762483128
63.81510763268617
63.86703634971171
63.89045357598409
63.896230735097134
63.96357084518159
63.96656641234604
63.984852450259204
64.00324884979516
64.02884579663927
64.09085560742187
64.13209094610005
64.18356896926623
64.21753220250535
64.2299497160282
64.26350134725219
64.28779154353582
64.32535355663558
64.36436302428334
64.35440406042459
64.39799081648087
64.42844319906804
64.46402772538195
64.50505809626834
64.5556995684786
64.61468677184793
64.68535208233985
64.76113585834061
64.81203051598042
64.87125457023546
64.91568960174246
64.96822597304511
65.0141468976987
65.04742766425342
65.07533577345859
65.08531432723117
65.07658417374802
65.1026112178245
65.12115239020024
65.11591681118908
65.14069637175753
65.22194186557181
65.37084876323149
65.53531001521303
65.68335464849314
65.85023477717529
66.01860666796867
66.23740647404227
66.43499335002393
66.60563905847754
66.7478557359044
66.89315536584606
67.02521001588221
67.15519652553672
67.29421594702428
67.36942776234353
67.43462579402575
67.49884350442252
67.62214415975717
67.61297378538146
67.61923348209703
67.6237992214073
67.67710230055793
67.74180539763005
67.80814031669046
67.92503466700603
68.05632269393936
68.2081730789826
68.31345199891214
68.42871306182886
68.6436349375967
68.87823905641606
69.1131911587806
69.32459814141723
69.49397870959949
69.54727038606559
69.56228512111278
69.63246037303317
69.67359174529338
69.6881988279118
69.70831503256265
69.78326262701552
69.7914394679893
69.8223141244459
69.85055206069006
69.93825832028894
69.97643512409591
69.9269876376686
69.91879508373889
69.82661461793441
69.7687685332403
69.6656220581245
69.62784010799095
69.55959233939954
69.55316696811394
69.5807047996507
69.60711080378739
69.70665214069652
69.83977114084941
70.0294632465557
70.24369132575346
70.44087272743116
70.66146162310345
70.89104482294859
71.07807424827625
71.24077903704043
71.43105151474144
71.60001613003281
71.70066048694099
71.78706954684978
71.8459680888751
71.89332510449958
71.91698168719189
71.9320152251717
71.98027232710744
72.00735163025399
72.05784513252969
72.08443584789572
72.04092409397401
72.07054189436278
72.16857121330005
72.23640540732606
72.32760515691011
72.33227589039197
72.34245150157761
72.33003537411318
72.38358171527423
72.40528619949545
72.42365498929615
72.44922561545926
72.47379182291702
72.51096674090675
72.60767870189538
72.74718308519674
72.82413917269413
72.87483991060752
72.90872130514116
73.00106162983467
73.06421916061524
73.17362451388074
73.270810048803
73.3959190188462
73.48456918815073
73.60233876043738
73.70283327022267
73.81490870062161
73.88749539357546
73.90830208331077
73.94066992710424
73.89675587608012
73.85567498963822
73.85530876283066
73.85625676178236
73.89714328449121
73.94313407970802
73.96357718012881
74.01044332601768
74.13686641599737
74.25706858270722
74.3882255074053
74.51092069502607
74.63408698366602
74.79446864578964
74.96837375662705
75.1413819998046
75.29935711839079
75.44843089206567
75.60724203852011
75.81387142691196
76.00846048524375
76.19243081589586
76.34969316670373
76.50519697118933
76.97647442844124
77.42250829690622
77.79395939421393
78.14144590459857
78.52264313989916
78.88505322052815
79.24537244634588
79.56954174936011
79.89150664027841
80.16237694335015
80.4015786080748
80.62921871756518
80.84991448106149
80.98733956982743
81.13009165875741
81.21202132760395
81.29705213093898
81.4533714270528
81.5602507292011
81.66991211029976
81.81185344167281
82.00979820372089
82.09561743818345
82.22944845307131
82.36045191650093
82.27784223356892
82.23346507900902
82.26872531773728
82.28300096586838
82.40409791401297
82.58641439420138
82.77954906754675
82.94538451313218
83.0579405085047
83.30258940951221
83.50113185105452
83.65138152718357
83.7719373411115
83.88342525458818
83.9883656985651
84.07943897774663
84.18463640398703
84.28369219861388
84.36474437389862
84.46701873353369
84.58850129744256
84.75117867246895
84.9730382704649
85.18639056135729
85.38210737808927
85.5393907533625
85.70330114547167
85.95470097312646
86.10923629577127
86.36928552763432
86.60997668547218
86.82868786705461
87.13715965694473
87.44443977752113
87.72673396573423
88.02371898930329
88.41315631635429
88.76843643587628
89.02466620541779
89.41081691063151
89.72366757034757
89.85633409995721
89.7365706096374
89.83937262392239
89.82457442949847
89.51395686219085
89.42789514883503
89.40867592977587
89.4358582459874
89.52451239518781
89.72680215434404
89.87346007987023
90.05710789540782
90.14955240949568
90.25151698674973
90.49722541073967
90.81482365320456
91.03322193030375
91.20978804080457
91.31560806876047
91.42750451927643
91.57024612381656
91.68313345097835
91.82357649351854
91.99173286846417
92.2851695166618
92.57451320223629
92.69293194158294
92.76758139529508
92.85870519593254
92.97104669775116
92.96581783916389
92.97641005943835
92.94438382056707
92.74087524604838
92.38210912083078
92.47229555040924
92.2785991420411
92.09223786769319
92.03919004674951
91.81214531102802
91.6765229738309
91.7186829001034
91.76134834225273
91.66255189158699
91.60496768200501
91.68722765435423
91.69837429667665
91.81976962147523
91.90107492531907
92.04745707006914
92.3069759490856
92.5736228195579
92.80177622541557
92.94359711409842
93.09884881474504
93.10021358454098
93.0492319054476
93.12734611388521
93.30106569975224
93.31519027674025
93.42388767824089
93.42944344972409
93.47076965908539
93.57975249799017
93.75009112526197
93.88298831450918
94.0802150323735
94.32729816977582
94.54489163935429
94.76973726128607
94.93427032151433
95.07722072179592
95.1483677916914
95.2265376509598
95.37966415567989
95.51646001660376
95.71926928405574
95.88641304370336
96.04599933832581
96.17270919625516
96.35188905122206
96.51241210197487
96.78838557381697
97.10332832188976
97.43150084572954
97.7578554920547
97.95928399278782
98.19610420315105
98.38022670951278
98.56924418364704
98.71638962174214
98.89081597962621
98.97076315858052
99.09264944579157
99.20667210156962
99.37849988511881
99.49214501444331
99.55136170138951
99.47643510063202
99.45085876065929
99.32757760936046
99.28257242510611
99.23918069512195
99.28891111067733
99.27349768752124
99.30488507130893
99.42457014168315
99.5810493889372
99.74485283136589
99.88905609107994
100.1665365007784
100.50611481073953
100.79023667211823
101.12312443186816
101.38098754894648
101.57576264423244
101.87861645060882
102.27160901642135
102.61924738065929
103.14897347423319
103.56645923373956
103.83184898028384
103.93108470714179
104.06972452158779
104.21232286079483
104.4289471726677
104.66191838188445
104.88566540585435
105.14336423472942
105.42379221079652
105.69774098228999
105.91078995117451
106.05912602429052
106.28498870392298
106.37369934638662
106.45539612337126
106.52795133031857
106.5500191636259
106.51324395029091
106.54851837663304
106.61377509804986
106.7290155127485
106.91424021993383
107.13009582743685
107.44557329941294
107.73618127675677
108.03255679638889
108.26981113755559
108.28401673279521
108.31343487027742
108.30676159377389
108.3760026040735
108.56077649179583
108.76395214293628
109.03143933772164
109.31134665442231
109.49384037927561
109.73359255380446
109.86045735344561
110.09978266579262
110.36818392194989
110.64572032498187
110.89115752648253
111.09043790264066
111.30460343550962
111.50237113299816
111.7673794863758
111.98561316634374
112.19105736005997
112.22969887976754
112.22326651677724
112.13466857854137
112.14275461452131
111.75677068210764
111.37955990662388
111.26281408650777
111.02650340183766
111.0247935049449
111.00448418749508
110.84290456249539
110.70207224634144
110.63290611776574
110.46949272140156
109.94371897775142
109.83767278897764
109.65201642094506
109.27769268244029
108.91977724208502
108.78366242379526
108.5989098912243
108.44156110224914
108.38146052379632
108.33878573004839
108.57241239807576
108.7774180498128
108.82855234949095
108.7021943105936
108.58850451258151
108.35505268729904
108.28569437065374
108.28597221225849
108.04945805318259
107.64046070036258
107.34817295261993
107.07216177469763
107.03331270669798
107.04019571850124
107.3034090751516
107.48964090523255
107.70901887196905
107.99166257944786
108.0257486480684
108.10086179602568
107.88919327336752
107.86989024527223
107.91634870286052
107.99142309822788
108.08552463693847
107.95291006547772
107.62627066703713
107.39038231566074
107.15164813022497
106.7876709693221
106.23556338142606
105.45455911510297
105.13878095016689
104.88337574726424
104.5934804983858
104.39841722073666
104.18690660950088
103.74904176539624
103.63168425183363
103.53028511033429
103.48317013881324
103.53393313908764
103.53819541876722
103.4905701047666
103.39763029489507
103.50165428465864
103.62283770199795
103.78394512422919
104.03723892811587
104.14322353308748
104.3088219557575
104.43083324559522
104.60755356323071
104.63803409663872
104.52848366726889
104.64793615669787
104.63387577918031
104.5142708114459
104.59334997611194
104.76281134673073
104.84456537463822
104.87201255324649
104.9234954961948
104.94456030289192
105.07007250203749
105.18232573149274
105.29314352467894
105.4819730534547
105.65539402864763
105.75182031879159
105.98783214739272
106.30926241018695
106.64995492165171
107.01834496608396
107.35070968884921
107.65259930758778
107.96727024124642
108.2442206860841
108.46717399332012
108.67896921955753
108.78935826278921
108.9003675449467
109.15389233759883
109.4420284930171
109.7683492354031
110.0794232420152
110.45558972073096
110.91458391260795
111.34912698443188
111.74724760756959
112.29387687293305
112.60072372317981
112.9271288805301
113.24860467289005
113.47579125161111
113.69864344861529
113.97227951266632
114.29793868236955
114.6135556990816
114.95913282950879
115.24305978311155
115.54286233837199
115.82590349752063
116.04874835440941
116.31592603744146
116.57489866928748
116.85716307438133
117.12766887937336
117.36265776735355
117.64700221094793
118.01622805195659
118.38679412190973
118.84183981994177
119.23978577583136
119.87915404167995
120.52501503187148
121.12146595061918
121.73298467016089
122.12956612714521
122.39281986632763
122.81263754569258
123.1569831167114
123.30943560228269
123.45140763673093
123.5835748859741
123.812376329035
123.78254549968571
123.84367181305655
123.98407986660557
124.30317101558465
124.54619271291588
124.65418035857958
124.79907204679243
124.98429308693133
125.0614354881084
125.13747177040912
125.20344156987365
125.1864454970693
125.22151374609281
125.12206126603364
124.7812828835728
124.67668422412355
124.75109181166748
124.94908586864534
125.36527348334462
125.83203042658145
126.2364159541256
126.57535721470873
126.94597980241906
127.30107768279474
127.65907306477673
128.14300407105625
128.629907191724
129.16668717601547
129.67012679180178
130.1933443393821
130.40216036108527
130.62976244590436
130.8568741523934
131.05707625313363
131.3553289255625
131.6924045968846
132.06450795927057
132.38679761083978
132.6818433594222
132.92559583390252
133.24329972226465
133.5759896689885
133.91947381269793
134.24079768907123
134.42397214984436
134.5430709964648
134.6641630721087
134.7903457846944
135.02516171315162
135.30031213721492
135.64996949743997
135.9428748486636
136.29107623506536
136.59681317340286
136.83895465276498
136.80224817661633
136.88339329803424
136.88446430438586
136.58288639532014
136.46076484990633
136.38458639373798
136.54622594186122
136.6213085723132
136.5676753280435
136.69879344259007
136.52338713839325
136.33994233435376
136.32639798264142
136.46082415551035
136.51238353301522
136.65932609773247
136.7316275610592
136.51603864677466
136.44726176299838
136.40163232623487
136.3473333089677
136.46169858691738
136.55191162068732
136.51888463136123
136.59056980887422
136.81375905035057
136.9612588602322
136.99730695134372
136.9381259758412
136.885343339799
136.92628920642235
136.95169037531244
136.91158143697325
136.9424471113394
137.04422499270208
137.30395288505798
137.44176253385464
137.55132620197037
137.5402732136376
137.6576749811675
137.77911487181044
137.77594589476064
137.85685253247266
137.80608832548853
137.60246933006889
137.51714864937392
137.556041969878
137.52790991486572
137.40804464093537
137.46171953462755
137.56741544229774
137.70371074768377
137.82282638020467
138.06457998949588
138.21589764579352
138.31100118099434
138.2528723088082
138.26429942925807
138.14208624783416
138.08388748946834
138.20363684120628
138.3666277370987
138.742329330925
139.006050137385
139.36759532918927
139.62581467035045
139.88995573811513
140.19060395189857
140.46604929138044
140.69791692152324
140.92772837864018
141.2523914970419
141.56578563338448
141.92089671021247
142.26858063591447
142.64222043737766
143.1149804879148
143.58111054275196
144.02039369416462
144.38165830210158
144.7105832972911
145.0253841386201
145.42568166048582
145.851766635893
146.26907248675272
146.59881006069205
146.78920960850274
146.9518410891538
147.13881947717712
147.31889516740964
147.6047728985445
147.84704565414498
148.05884947534932
148.29376221553596
148.61287468506035
148.994624626624
149.41626166873192
149.75650300890445
150.05414766105173
150.41904179349143
150.87007159146677
151.29200269279855
151.68477702763815
152.13543645610957
152.57573131144878
152.89923228089663
153.2089590336286
153.6870903938582
154.00534231149234
154.32951369651198
154.53922260841796
154.89733704257748
155.36137957775898
155.74709678809006
156.23309046494214
156.61353655641764
157.03717888669914
157.62639303394084
158.2375938771392
158.7706523366786
159.2177068277472
159.70172582084112
160.0461301734406
160.1902507286571
160.53023498576744
161.01473552127487
161.77378476372792
162.31934676139315
163.0974537369686
164.19568221311172
165.20886361203898
166.39732433918567
167.52588401986068
168.89195582169177
169.89505560360882
170.85085890104486
171.68048134058176
172.56238616399685
173.5086835551931
174.39715550513526
175.04379051570365
175.27257798810282
174.9898309817509
174.5433907457811
174.26123638598523
173.22373679177852
172.5002695475887
172.5189614016883
172.00225386008492
171.9085602595477
171.54478245392917
170.90124857459304
169.59278060959912
169.0332462585892
168.03948875047456
166.16984415745
165.69630594284385
163.74299576388265
162.6350610258398
161.20054056588137
160.00760289800948
158.54582245965503
157.08996267048624
156.5254487135446
155.90574222679624
155.9189201870256
155.51769933291055
155.82171845514466
155.9435435040945
155.6962181561111
155.66807469486753
155.5494893488151
156.176619343889
156.64845070835838
157.19564775187155
157.70818656721198
158.21152901492965
159.21078501062726
160.02815403463921
161.12569205086461
162.25306715103565
163.0793207257168
163.38517147400725
164.03903165455264
164.515223042578
165.16262820446056
165.73600722686683
165.99884531278468
166.73633869104253
167.54109146670865
167.99456990912864
168.6942748400165
169.47270836690808
170.31575900685806
171.17280720664243
172.044238527232
172.99235252503408
173.60639394321484
174.00275562429775
174.4238680859106
174.98748973598794
175.62765192476996
176.14393276077269
176.75787281892346
177.1883321645272
177.59618134790193
177.85255721734174
178.10787594903542
178.32027065532245
178.63831770981778
178.90874894344597
179.2959266672307
179.68715724420625
179.89572762644747
180.36697080849873
180.88265015055376
181.45796324095403
182.45035247301445
182.69678162136583
183.02215090341733
183.40394777683596
184.05982258634452
184.7166085803329
185.4652149509062
186.090039399008
187.02423087805383
187.98460331573483
188.62043512361583
189.37653584711742
189.82514655575855
190.3809437096713
191.22797924497226
192.09714167744127
193.01087411804738
194.1521078490277
195.06164927812267
196.20799460411828
197.3765115538022
198.42770423865014
198.98527217965454
199.58944856183913
200.13464499566453
200.37886132942458
200.54022542964316
201.25375966666718
201.7373880752693
202.38336303815515
202.39346821544405
202.32292207585138
202.4214436260233
202.39554431289022
202.5029283932582
202.59306165153086
202.748992803486
203.63873477010839
204.2613966098519
204.82130666350056
205.56509372414672
206.01121643404298
206.15565408345958
205.97657994148236
206.1838975221226
206.34622651735611
206.51098570310634
206.75414783705412
207.05968704067413
207.23002961535596
207.7042213712075
208.04717510677224
208.41122848320023
208.9311493049746
209.71946185926558
210.80723863163905
211.97515895618554
212.84966475122496
213.780009236466
214.9329114725962
215.0856270583486
215.03171563522932
214.23354066922158
214.04363438644165
213.4840447561672
212.8741063060465
212.39255129676025
212.1594833924078
211.7008072413981
211.13365862337946
210.44051931797745
209.93080796108427
209.76882023255916
209.17663804580636
208.7904034906838
208.7277972863957
208.7737460060738
208.6760846190262
208.78278895528612
209.02002881067844
208.8374464642738
208.93696636224402
208.7416784461063
208.81189285803848
208.92596440468466
209.37009557590463
210.1462180482001
210.96646208446793
211.60475489258948
212.12444836159077
212.61061321968876
212.71444470362516
212.83931884509994
212.9658146003682
213.0899555545153
213.2925387914846
213.08527834242457
213.0959055461391
212.42391116740635
211.92688471923194
211.31676320319784
210.73697214693053
210.4591025036306
210.84174101240592
211.6448540623238
212.42389581447728
212.80880572255285
212.692753386055
212.9416082031971
213.10279492824284
213.32261425589402
213.57470338309693
213.6318197270176
213.46718631437483
213.39962578886323
213.2054563437526
213.00574952224284
213.06086249566923
213.1130646002833
213.24964080204174
213.30256767444024
213.4901443866613
213.61142507895332
213.6519786540637
213.69765748995326
213.73587270261
213.88259023836653
213.74822977471436
213.53995716166574
213.52189505490253
213.56564356415026
213.60205397180587
213.968372991644
214.3200907450183
214.59556852520362
215.11133806150602
215.68092931182215
216.02538576089563
216.45923184083784
217.00766892942036
217.4684640885858
217.74017561034032
218.04209964637934
218.0193836976714
218.0116811298529
217.6399597666366
217.6818974130557
217.8069359746126
217.78648884677722
217.6021987712291
217.52076635617502
217.23039460883862
216.93488488546092
216.9029569858445
217.38276597629908
217.87226502432515
218.39340901941657
219.11189868134434
219.96467952971275
220.7992159404722
221.96894347178247
222.61352819707827
223.7126550163948
224.73183820932647
225.91042929259572
226.94911091932087
227.93303905021904
228.87090757734703
229.83213962219307
230.67006657071087
231.56167553344977
232.42801940181843
233.15524375965222
233.86780848149672
234.50794943663453
234.92485600334862
234.89809074550908
234.79305290853821
234.7773722726169
234.4039937707167
234.27341384246483
234.4454518165901
234.40832557791896
233.96649796376894
233.49962685175413
233.37707067444842
232.99080801091293
233.04172354435707
233.00161222981438
233.26796014291102
233.42809174659416
233.51724696027154
233.78774758953577
233.99756989254203
233.78611384919756
233.56442947850843
233.72091825364748
233.96989138767375
234.06602786033142
233.95467098791588
234.11759516466574
234.19000873424628
234.03904082258626
234.1507158838685
234.67970234965216
235.60810912220484
236.39855373434332
237.26961438996534
238.30060700996756
239.4328263063255
240.49587000669865
241.65678098912937
242.5556981084043
243.64887887560403
244.75153122133116
245.65401244797914
246.46730259750467
247.37779833781184
248.0095541500649
248.8573244562855
249.67620596187797
250.4693540430925
250.73326652796354
250.84789413950367
250.93383598055385
250.993588537315
250.7869049727226
250.50839505323745
250.45817574190207
250.58732612719012
250.36749816258308
250.1005625216125
249.3843971976375
248.97443600935745
248.92124619562372
248.6798750007952
248.31859286081192
247.98319945799744
247.88621857216143
247.71097854614746
247.90897985151193
248.15485219791137
248.37002337825024
248.43066687375628
248.51126853840304
248.43957340021473
248.36605273257234
248.19469492491396
248.36213352886355
248.71360862755583
248.96240854346956
249.26096259472254
249.7757385714743
250.29924025385904
250.91799989221894
251.39812798637013
251.7840555280761
252.37218058410244
252.82752329969463
253.4599414663474
254.2373652275911
254.94914740733827
255.70662192566522
256.30748431843983
257.1082918605213
258.0303371531641
258.860637588217
259.6825323311395
260.8417233998714
261.9267737393706
263.0882717352681
264.0129002315563
264.9114229547724
265.7119767850593
266.69701124965724
267.7172047023003
268.5760946427517
269.36150789160644
269.8549596254141
270.46560786404666
271.1710521242039
272.1367916418964
273.2679672409828
274.2861621153044
275.07673285269914
275.7956533925704
276.4862563995013
277.02972396483085
277.53232289124304
278.1508823896911
278.69018093007395
279.3888782257899
280.0386274663891
280.5735538603166
280.9520344139353
281.33900072316726
281.8855166480335
282.59290306451624
283.367554873484
283.9941633701796
284.42873418412466
285.2249441731277
286.45946295883317
287.633045599972
288.59994556882464
289.4651110008763
290.0860713451998
290.7076152081355
291.5387365713455
292.2059151720853
292.82682300435505
293.3638017715892
293.86549292493424
294.272880005634
294.6559194539853
294.82327948921204
294.8804867128163
295.0165837142072
295.3245466065113
295.9371569753956
296.53605015251225
296.7511433760397
296.5930043061641
296.47732582144187
296.61298135375307
296.80311143148475
296.9674272167771
296.78694890780656
295.9310160114108
295.1612730429327
294.30699822904893
293.97106325320806
293.27034854987613
292.97935895089216
292.9877864606128
293.1079296633808
293.2203216917766
293.2854629365864
293.25930435247193
293.4561232689959
294.0557282193833
294.7108419765249
295.5224011099698
296.34224690844457
297.0562957312616
297.94040631412383
298.66425130431645
299.27494508357427
299.9739799395735
301.47049822913226
302.94659551135055
304.79649226011423
306.3818795412157
308.10756504712515
309.77804472150416
311.498171026014
313.0828049958579
314.62520404350414
316.0009981185704
316.95577164595096
317.95410848658514
319.164811243625
320.25546905527625
321.49769748820194
322.63461991587843
323.8369017931554
325.0803265388591
326.0319175087563
326.7834062292095
327.5012512248805
327.6418151894547
328.2216983954778
328.3744918111173
328.48452373119136
328.5493925378484
328.19201300415654
328.0628510323662
328.5052486062609
328.92232942009593
329.1918569480585
330.05302801882385
330.6560580754471
330.5066347375402
330.77394823166566
330.3949834358475
329.96949984598433
329.32050009218597
329.18950063752374
329.4482433194275
329.7864213272971
330.6034271905058
331.2903028556344
331.9780260395955
332.4517022515067
332.70127032071395
332.83344642905496
332.5867730959305
331.541175146697
330.4017448070916
329.34614891920967
328.373493441433
327.50939779916814
326.9133069097813
325.4866411603095
324.5004070342915
323.0907029608846
321.8158180325866
320.51157210167884
318.93211575829935
317.476495071776
315.60639798549204
314.38727498352984
313.44874087735957
313.1139840314412
312.9763083511113
312.7042890875315
312.75304407898614
312.0109122029225
311.6192406054053
310.9309032893812
310.5198771132014
310.56440061912895
310.0363750877537
309.0688675688613
308.1611986934509
307.66499240488656
307.1382187013455
306.07962465521535
304.90868065654223
303.79973359616554
302.2816855585853
301.78544754434694
301.49670883558866
301.32208301038435
300.9109816682325
300.86446687940503
300.54546988252304
299.8560837837514
298.50472377590347
297.04312908736233
296.49195946882287
295.7886070087627
294.7745038033083
293.59163274770174
293.1760431443974
293.2543638865935
293.38117919847156
293.835941358298
294.1794292488665
294.81688526884886
295.1183759117861
295.69783592415575
296.2128137790993
297.14747174219167
298.3256996079928
299.3279115914489
299.9074010086841
300.5211179389454
301.4533039571233
302.06147821039355
301.89622155165847
301.8622714591119
301.5466411211501
300.4958907111162
299.30647824966314
298.552511595955
297.34460675571705
296.2591475465528
295.5521049818054
294.95906500566076
294.04622194455965
292.75485270809105
291.9784106766467
290.57464232465037
290.1001493502022
290.0698174490803
289.2601510984088
288.9511091708149
288.48845688749117
288.58468618419033
287.85986811446935
287.0127805578151
285.56550352648935
284.52901942800617
282.98198512897153
281.1992768047486
279.9038392765189
278.71649480706606
277.948979485592
276.4090454433638
274.9078166657048
273.4660218846008
272.6391813692385
271.79923386910616
271.20057291069105
270.8586000710648
271.0122381461171
271.067577305541
271.15483124890835
271.3758090117056
271.28833675376796
271.1245730922345
271.21331031209036
271.1614840766077
270.75042113907955
269.60458787160115
267.8404205577453
266.33394216648196
265.39368747876284
264.0760303008235
263.0162860166726
262.41781630547854
261.8186026653065
261.62772412893594
262.0194846501034
262.2046801338669
261.83534664047727
261.73371200339005
261.41734262073686
261.2988035208355
261.3988811068149
261.7092753228319
262.14093458564815
262.49700355832306
262.62687492653606
262.0490119099173
261.4471402525486
260.971840999549
260.69752875575244
260.28155915860714
260.23307139220003
260.364485432295
260.6532280713657
260.6343091862171
260.5179012756396
259.961907251178
260.5282351855778
261.55286540987015
262.79074443080594
263.7726325169233
264.4853663754585
265.6456653977324
266.80723497829706
267.8461232804785
268.65088999297785
269.531476947816
270.79783351002845
271.8444241876829
273.138977702162
274.4506566388421
275.62867823988955
276.6410220517817
277.51386020506897
278.07103012064414
278.0503184999574
277.94642714134125
277.8073033609271
277.8745745056102
277.2433113980154
276.46825975855177
275.59740436901313
274.68595900460605
273.76428383634016
272.62207181842103
271.3722607333616
270.51534044978285
269.74144680874343
269.40070775366826
269.2232423435273
268.1114206112458
267.08616774733986
265.6857701431768
264.33443048833726
263.05608040989364
261.72665567043225
260.2571938173877
259.0135036180426
257.65263229874597
256.3492364696812
255.06283435306366
254.16007131894463
253.085228008045
251.78295483955722
251.07050649462863
250.92918380999532
250.81762336730156
250.5577762652907
249.50501686063737
248.19824157930594
246.7280326814223
245.37461121810472
244.65624955843114
243.6177816874739
243.22502149984956
242.92018140308505
242.50468555304982
242.09470544617463
242.0963370378529
242.42883142250756
242.95987479280447
242.2089156012828
241.21156620765163
240.86694871794427
240.3032749221293
239.5204828735368
238.26754888837414
236.7180296052532
235.7291244300529
235.2220838292229
234.81227165425287
234.14760861248402
234.71744003926176
235.51696007610627
235.90618865518059
236.29740236908526
236.64789226317905
236.97254390270177
237.24657340708896
237.5564720938418
238.03863510580663
238.65420715259683
239.22425865843988
239.38785451962673
239.4486382171382
240.46098409923565
241.3789852826015
242.25905102388273
242.7713701157769
242.9228943094163
243.01625565185316
243.29907747408743
243.43591106730406
244.0213358053384
244.85350855517038
245.65134679165638
245.8680337410228
245.79203172169272
245.447384316954
245.21206939661874
245.16161283398407
244.7118315183339
244.3259066286052
243.85068727926725
243.2493525373337
243.10487782568867
242.89295069656157
242.67921206007728
241.80313425642814
240.5455125339872
239.5380596399094
238.73689418683057
238.09903043951994
237.94877068680645
237.98497867519546
238.06530235599183
238.21270259776756
238.05768936943375
237.66235409887554
237.82736359060635
238.13398541257075
238.38598592054248
238.52947073923983
239.14047262703082
239.7223778551004
239.9151281040531
240.4244745204751
241.2196697127025
242.72807851210982
243.73594480832955
244.57685088609358
246.05963454238392
247.39320721618677
248.44009675818683
249.38589736111126
250.80100122969884
252.1796471779592
253.28547686481465
253.8573811894385
254.12851772938401
254.03441969322668
253.87155355216922
253.92951811476868
253.62567831515153
253.40208640205205
253.14517748378708
252.70161792176606
252.59893293393287
252.772549730849
253.03690104609663
253.10871348805713
253.14686080806908
253.0935154220142
252.80296580368366
252.87503240789408
253.3856760296378
254.1633745078164
255.58509306905606
257.1234736888448
258.09808899835986
259.10982511325903
259.96015952820505
261.1020849561989
262.3580799476841
263.26272026607944
264.0348035383536
265.0977200691453
266.3204470190693
267.738481907708
268.9959999127803
270.1691607361997
271.0834081943733
272.4070596723825
273.5027341869667
274.10449240537304
274.7100083943409
275.68613664876347
276.3605803906779
277.1631228037289
277.88614682395206
278.5676865260862
279.05428645031054
279.48691376097605
279.6342089385693
279.36232535722513
280.3950782449647
281.97152394350024
283.6030391578309
285.01961711917045
286.3351259283923
287.5006012811724
288.6560465960716
290.0750109380337
291.2733969353531
292.28801648791097
293.5797572021486
294.64622353436886
295.57033822380976
296.4664448838916
297.45183490650345
