nan
nan
nan
nan
nan
nan
nan
nan
nan
nan
nan
nan
nan
71.53290870488323
73.35769726079843
67.15324910375553
9.48274671393384
0.44442635995370366
17.13479759866914
0.6614159083948049
13.671864522621451
19.134063702249023
22.48604252321984
31.005604301870427
30.44693228539264
29.748618903743356
33.10054444681827
30.027954911982253
41.44927504182345
100.0
88.85946636742715
87.53312563304235
86.73740214088474
96.28648878914238
98.72620673233455
92.85717066107178
87.29517487426344
88.83729677844038
78.7735382234658
80.18875563432869
51.19615390933433
30.72641175693358
19.594662515175028
9.767409675856845
32.558032252856144
0.0
5.691034217537069
4.651160211804497
20.867228843670755
26.243122741608982
30.110510337094993
52.646220315227865
46.92740882815205
70.49688190080843
85.55129605374805
87.07224279450394
33.203097060296116
23.43746274706149
14.062537252938512
13.67182843382686
4.562701794795181
14.33567506212228
5.573836923527183
46.88526763547494
46.22951475787922
42.62293646713919
44.59019509992633
52.45910455900212
53.77048524212077
54.44846427965383
91.452959406081
87.17952061974155
64.10255992253231
91.47546273540127
82.62298649596829
94.09847424578413
92.12826723787026
96.19717583394136
98.45069529588625
99.37889140622075
96.9325159117312
89.26012635841671
89.49879527505648
84.48688458994513
76.8496158217963
61.09783149510166
63.867685342827684
74.46504464990232
68.95563000610679
67.50739026663821
50.899739149194886
76.70455715380272
64.7726841702005
56.53402286867365
44.31821506870247
53.97929767316617
48.44283760737913
30.449870379463462
19.72317699671065
52.72730047052557
46.32358716018356
24.632414814482377
38.2353106171953
26.83820641990822
24.2646893828047
6.25007012308003
12.605004303553596
2.5532474405029553
7.421966385978611
44.921910506654115
38.2812115829644
19.92194775953711
15.333302815755209
27.000045776367188
34.54548228870738
61.81820956143466
39.705791605425844
44.48524049411527
41.58876838720258
32.63156204010256
33.157990896916715
12.631481730589691
0.39055980735760437
7.047078235868656
17.647113174946575
15.917037686263278
15.570943390747324
27.920197885941704
26.210866772594187
34.18803511692964
37.94118637031718
75.00006443747374
77.70270096114936
82.4324115337923
99.10982822537284
95.37572572980912
94.48811486940424
98.75304176758327
55.36159695889832
69.57604561652515
65.33659691133354
39.999953761288026
29.681964985684782
62.318836573519945
80.07661547275927
73.18005366883173
77.39463545533735
94.17814124839965
77.07187123601497
50.552446307066354
53.8674402846903
70.16579185024464
44.75136491383734
53.8674402846903
53.59113809735068
61.04971647939167
65.39683731474507
57.77781231412187
33.333380428348
0.0
0.0
22.554653558270278
9.316771069333196
38.481308720927665
53.79665455488082
54.46312204120367
49.159113351786665
27.166864145939567
47.089257505898466
48.90037520239364
37.48378382390049
56.657579118680616
49.6296070240162
61.979179429239
80.34183923823434
66.08479087669497
87.42509088458715
96.3502836657269
77.54491120550139
54.49100633765095
73.35331290452636
64.74362658013496
59.642807999422345
61.07141251466275
52.888827853732636
24.000040690104164
30.666605631510418
65.42047245217366
81.7757242579164
100.0
93.2292106457865
89.58837302741871
87.20931779893702
98.43401172912414
90.42315936677748
87.97325804760638
85.52335672843529
80.84631873355497
88.19593773125001
99.33179102943262
93.83881371988922
97.33654765368469
80.5896748324862
71.69224665715144
85.22166353707985
99.16368334818347
91.3595883422448
95.04447976392498
87.16647447763603
77.93367973768119
85.58677000733259
96.94659230110675
93.98496779735639
93.63867733875868
99.24621381668173
89.60710065579921
81.36880437998836
51.28211577398544
33.06450992667473
12.653113336955998
50.61229764594326
17.9592777301157
53.87752178658566
57.55099625848381
67.75507471354747
67.75507471354747
70.2041095954398
47.34691780342015
59.82912113619283
74.89709737680728
99.62969189970458
78.13411273263534
48.68810014747196
90.53255639937836
87.57402259699542
86.46158071664664
57.770257208620194
67.5675884662077
18.113205917536252
58.86788324425167
59.607878922968524
95.33078030606642
64.95177046075646
14.469475068321092
36.97753376803701
53.69767978137251
68.81025625929142
63.987057016833724
72.99035409215129
90.53629620359183
82.96538130147437
56.78234311597168
40.751451459618224
47.97688689750369
19.075145145961823
2.0920188213061275
5.439376624039941
15.584420180104688
24.48979302964848
6.126129717595517
32.61264183974283
9.984665030233387
7.363773394525823
22.005239248067568
19.464048496691866
50.715452735968405
42.766328296801596
57.924489190737624
42.65598039998281
59.557387769638396
100.0
93.65607743514857
65.1085214199331
51.085150514920294
48.4140352798898
17.696178234833717
17.68117320159178
15.797100167293788
22.028987269971044
21.739125627351704
33.47827336888557
42.02899832706212
61.30432763487717
57.97100167293788
52.60869949811864
73.47616348272452
57.50002384185441
65.90438832814
81.28895490807058
64.65695888614043
52.78400580445478
90.64592401023936
98.88643166214538
79.9999530498798
66.20203548068527
29.642794375499825
51.785755644050504
94.28571817826358
66.07139207877897
100.0
87.61055872384289
100.0
93.78108933421142
92.3076856688151
65.83712789425171
74.2081479205576
78.95926039721199
76.69685054320621
82.12666871498159
66.81821413275489
92.44789312490252
86.83035239121087
87.42331108872217
97.67442744657203
92.12329840879994
59.70700884367145
80.21974336724642
56.043920726944485
54.5786854802537
42.06010199821544
56.65239564829444
86.69520870341113
87.12448530194256
89.06895033938486
95.40632565362031
87.37538875666304
60.79735987651035
67.10960213115959
16.83330535888672
22.333335876464844
11.166636149088543
6.270085419763808
4.715675391972098
7.008090549167168
16.98115632594369
5.795150811599761
7.008090549167168
7.951482410497304
14.016181098334336
10.06994499367774
24.273280877557664
55.19479715235496
71.99999491373697
57.666778564453125
95.0192634859017
44.44442820478343
55.938795315962096
34.4000244140625
46.399993896484375
22.79998779296875
83.91308458181783
86.9257064599093
77.52802085937779
93.63288923813265
100.0
95.28297133699128
83.64778591633099
61.94971797633928
72.64154564800664
71.69806793999169
69.81135244200581
54.30460731992295
49.66886664350901
27.41112672060818
19.543165638279437
15.989783578787565
33.756306597201714
27.157362126239416
25.963971208347225
57.88035534731365
52.58859041148859
77.6566729170911
20.980949371562094
8.863627102744589
34.825809745316796
62.189047644804276
77.86061932836662
77.61190489068805
77.86061932836662
83.08457144917676
83.08457144917676
98.61107922385034
94.98952750324527
96.45517873562727
93.98621465341967
95.79831986649202
94.9664549808049
93.29804347138675
72.46696590467964
85.58139232293745
83.87595670526115
95.81394688640897
98.2945643823237
91.4790596466438
80.83620266271107
77.59332158849702
86.44443088107639
83.71561960824114
83.71561960824114
92.6605584856004
97.16773281495561
95.26515042048376
94.40307111562801
89.20865579889127
82.73382183434876
92.80572479279873
79.8560568637137
86.33089082825622
61.8704374554037
61.63272106163771
61.86435198655158
59.81727762826709
58.70634208183956
66.66666666666666
57.692341550587315
74.61522886729834
55.33320109049479
59.999847412109375
45.999908447265625
17.333221435546875
34.31958539492217
39.05318899201849
35.503042724547655
38.461573187908556
24.85215247932392
0.0
46.60189500324064
29.773402055492117
21.03552359495077
51.132619363599886
54.84951710235899
51.16281820587848
46.51169323896139
83.3333086905672
85.65894510232415
76.15063429333912
53.97494748804515
95.51018056747107
98.77540470811347
69.92197744558091
73.97260035360001
65.75340318240012
57.53438019839921
64.42956112997128
71.14113376037523
75.16782131829981
79.53224201701669
29.824479215465814
35.678384253526204
28.98543780568261
53.14003073872453
43.47834099344314
64.73431643194911
58.45407066958083
44.927557598251504
80.87165348148764
100.0
92.47530077570558
85.3465747412615
74.85147228452055
70.29702521553043
71.28710926729852
68.91089243534087
58.811061490340144
54.14012171397378
43.52440839784303
79.83012850105857
80.89176462584373
57.89468752927949
28.609633850051715
37.165780310031025
21.428564477595963
44.7886981900083
67.71436418805804
91.55310066117919
79.533658274334
92.74614676106559
96.48242699119074
78.39203782493222
81.65830084929739
83.66839733814612
92.25182537373402
72.15493393555657
46.48914012312325
47.699775089940935
61.48871948396655
44.06135084098708
98.46739823091629
79.49629576774826
99.37302688223475
96.28568376813617
90.47621799926513
83.44085580449068
81.29035169036155
75.26879250514779
96.98186138759772
94.80003356933594
94.80003356933594
87.8854716237597
80.00007097112452
80.93023627174489
65.95100100750186
59.59602705997044
17.64700225355905
26.570199654281488
13.043502298032944
13.043502298032944
39.13050689409883
29.468632863898215
28.50242703238623
56.03864823326048
30.697700001241994
35.377376314676695
27.358410781923364
37.93096190829473
24.13781310097893
54.48279309356
69.65502000741893
87.70943529722656
80.46518064828632
89.57512522958143
96.71705081731756
80.30288288791638
68.18178753115093
41.16161299924573
29.381390593047037
42.525759005820355
40.10550292040377
33.15360056757716
27.401127812661976
44.610661495131126
39.55691618298937
62.3417385341922
57.59486030498228
56.3290100147759
58.22355625045488
75.10057634150303
69.87949223118616
64.65871452251899
71.42877233445606
70.47640153895898
50.00018884671312
37.62374180877382
84.37522351763107
16.892154866446894
38.88898046261476
40.12334195957831
48.14834001690713
84.56789105970947
70.25353282454545
79.87797644661644
66.46329407769407
48.17092601595191
68.90236952714129
62.195028342680104
76.21959587548294
79.87797644661644
31.38296900966051
74.99994927267156
62.722025718755006
62.31900884016387
71.01432449316947
84.78264475146369
97.8261710867486
85.48364602902451
84.0578802074311
69.08215053129342
77.77781872998204
64.57388210339047
72.19747511033563
69.9551814978275
63.2286427862739
56.500244140625
44.000244140625
29.999923706054688
48.82372476685426
36.00006103515625
12.666829427083334
43.33343505859375
83.78401784867393
95.37350025657526
96.23816129340858
86.12728744082257
96.8838343232098
84.14918041824723
97.02129248310578
91.49385770386867
86.92951673639175
81.32776799041419
85.2697276052722
84.02496490003435
85.33920757797593
90.61029752832815
52.10729089325281
37.558518964263584
40.18695587071382
85.98151832124752
2.1931174793537767
22.178979085956865
21.400899496816137
54.13217147865345
63.63644961758419
67.35530936902968
90.51114198759804
91.55837721883964
100.0
74.99994701807108
82.22223164123182
97.88138880806905
89.39129373301631
93.56516962466033
91.30434782608695
82.7838351826933
52.31910972457741
34.663882045766734
52.941242468781205
44.957950194180825
37.184947019007765
39.28575435604573
57.56311477906021
37.395075837109296
44.957950194180825
44.74798165740508
66.37935853883921
51.72417762022052
24.601411872660346
42.27857880962269
11.049757524537336
23.204511877187915
4.065079312569264
28.726408852572906
14.90522189324644
39.024430587028796
53.1166779694659
53.38753163405395
84.8239244421655
93.28348294775198
90.66670735677084
98.15840757825046
97.23768161962342
97.00996383010542
98.72608679277832
91.87895516277442
88.67306564612203
98.06146659517955
94.19024324066575
75.86217984320282
70.44972602784485
55.55546793678832
40.836142225623966
27.51680773386176
23.82550679221903
41.61072622723339
32.21478056498564
45.30202716887612
34.56376698054758
1.954566578278341
38.85354961294179
73.56681552897956
61.783529251687455
84.04265968297427
39.716413751308764
42.90777359634006
30.851164564975665
66.6668470306231
51.06392188797775
50.00013527296731
54.60996745332406
54.964653173639086
62.76611574496176
93.17416629995235
94.17170807053675
68.71177991785534
58.58903099732036
52.14734551071274
80.98152330357247
69.9388010624978
93.12724326790223
82.44518904905063
99.05959786567938
79.0697003905635
94.76742509764087
79.336787322743
83.12105470325537
65.55185567931004
41.13701024482974
47.82613133284852
11.147659904445057
11.147659904445057
30.491782775095682
31.147659904445057
51.475348325287044
55.40986066988518
43.93451234459814
58.032868899617284
95.31245902186534
96.24991953384466
92.83741635000167
90.83567596246583
94.33964592197451
96.10988416246934
92.21302248793056
95.31912752277047
93.85951556746068
93.74995415031361
99.52614603597023
96.95810651848822
90.94147858551227
89.04118656319947
81.31579105874039
81.46077288391311
76.68293278391768
77.4634384527439
69.2777372894445
66.25700924222612
75.97771363590641
76.9832596535316
80.45202230714654
78.19208318713916
79.97557474342769
74.23685046470402
71.55072432716429
72.28329571421519
71.14100970213603
8.262147275801956
23.07668407734345
6.015166985991763
10.902275047898764
55.63914734463018
32.70682514369629
38.34597248832647
61.27829468926035
93.61700976400277
39.00704231067872
68.43973454032893
71.63136493129485
8.715707101285448
20.41282718023917
47.70645733664174
41.05506112264075
79.35794104368703
97.00215811941376
91.21494047653002
86.91581721417612
74.57945684477123
96.2441645274909
83.5293787656094
75.4412144195492
70.88231664217034
70.58824849375624
69.47854465713928
65.40364778087674
67.45452880859375
57.31415921108001
42.01181428503712
47.81136650876995
61.279425817654975
82.42804492804493
94.05402841842847
92.2479886604015
87.3133931791008
77.36311704086086
82.93961572734463
96.29629048209605
57.63886221398059
88.33031307913888
86.95647784519399
85.0661478486986
99.83656647480991
93.68086239854595
76.5306054357763
82.22943392133469
100.0
81.36420280252504
66.99148128289073
94.64074468846326
77.54344780583847
46.774166067168984
0.0
56.19225510665288
40.29575539116866
2.2104337220660217
35.53920942255322
43.30062375297712
49.0196163984639
57.026118837813634
72.14055042600577
66.74836270297527
72.63072664385743
62.581677856239494
77.90928995462994
99.9023228679973
99.74183483732706
86.34471157572162
82.76435768854014
75.1040863335311
65.29856199078019
72.63683102774863
66.08345723838237
62.06900079655654
71.68680236174391
100.0
93.07082602933772
55.642705016149684
46.86519045392525
52.03763517367642
58.62068140806635
31.818176382589186
35.57990000466374
25.39190351083841
1.7150046551420446
0.9842373343365691
65.94487760298749
23.52362522537135
22.736205320904023
41.240122520915136
14.173182817935992
31.572589139334877
63.25304693367111
63.85540175218794
39.081916625648404
45.78158721744728
71.96026276930067
59.305213736700615
80.64518571807201
73.00133289470132
87.28700432665819
94.79511313134726
96.95983922768319
89.95816600800607
77.83725367828448
81.584562151
47.9578543599146
37.28584409892686
58.61565272888461
72.70339788279372
42.51964167890673
61.94225091087128
42.38848021914977
49.73752689560849
64.04203574600334
77.9527598473721
72.57213629978504
87.40159135896289
99.47857502372375
96.74054680987783
92.15215963480526
78.04484710657913
75.32051987431073
59.77564220127402
62.66025993715536
82.53200308109892
80.92946484246048
98.79518705131387
83.80449918606703
84.22384991254346
75.31803701323787
91.22797624624664
72.35570618733482
98.60835562997883
96.84904676832447
97.84616323617789
98.37517481690008
72.90411519014665
83.3594233761194
74.25433779399206
78.33588245228037
68.70744150802383
76.73984458948681
53.11345023356291
61.715433087958324
55.14703407420705
76.70458239952836
52.599356985203194
30.275357787805117
20.22256885564731
33.02409983042642
4.597665870110129
26.045561747394252
25.665397033525856
52.28142342023503
34.03047119537943
47.52856674566821
74.1445931323774
87.2623789231229
92.39554535723299
89.90478515625
96.92306050695449
97.96165175549335
89.3692021932733
94.04758464377572
85.06496133696088
75.29413559857537
81.07842271944612
97.51624336959082
88.15121629993882
97.21254702742793
84.77613617212516
65.47263515411372
42.487591799428216
39.78621380793856
32.92009209916529
50.688694522705845
57.16253863299365
58.40215724744977
68.73273272010955
74.02184944182437
76.83875589517044
66.35365052832667
53.99056772729986
76.92302989770006
53.505581284047246
53.3332674003128
51.50379174649794
38.15796266764567
21.428673863910145
29.22368384381706
40.639196231989075
59.81734762130375
87.21450767815836
94.91530081143115
99.8399658203125
90.33669860660261
93.57147216796875
84.71429007393974
38.71427263532366
42.28570120675223
34.71429007393973
51.42854963030133
77.99998692103794
81.89508607279558
87.38462007962741
94.46152907151443
75.5384005033053
91.99993426983173
68.76913217397836
96.49918770750038
87.22085494680248
92.30765590095035
89.57811139298019
83.74692363030556
87.30162749400272
85.62503203748892
98.64604023953652
85.6250943741109
80.35015065829512
34.04669664989387
26.895263854441094
22.07604181887337
42.69011848978231
3.5611431021898343
14.273841692018369
44.82471821240407
28.380639174955725
56.76127834991145
54.34057021747589
35.89317067485733
37.2287601345779
45.32553241759397
36.93181448731722
6.304000358410187
58.39863799768662
46.736293988518064
22.11352119657558
30.940202485487845
57.264946118202175
49.65811174392354
51.70944128038227
63.24789278676424
70.79070335210756
97.69168307752109
95.9604453856619
77.98846847889462
55.72962627279777
56.30670550341751
40.06596628850942
59.10964379587937
67.43612660646593
12.313007291387734
18.308772087660504
29.16991710061686
28.8595919072777
55.236641456320676
60.43445527067484
91.52413463329667
89.58682094439305
96.32719267017907
90.547250462671
65.17411775295618
69.93606382880657
38.877052873820006
58.56430733826306
65.67162803257595
61.99652334715354
65.23641105741287
22.45540045920475
10.076860780804415
19.29976356041914
19.3869430526049
18.647564690910492
4.824588450071203
0.8038259827140616
38.12824612932685
41.7100071577923
37.146165292111974
43.963036878497356
41.36340076232251
20.34300234431256
52.09150085618744
62.69349552688299
68.42109303492869
79.79875402285276
88.27839749152173
80.95243085685381
74.08429783708026
99.63930657152744
91.07500174098749
94.59178695300763
98.22427700822334
79.25233391635193
88.87848661398347
81.04788911607905
89.45081575007332
57.53012117409958
25.30121174099582
77.10836728644013
47.740940667664006
22.89151781302926
64.11956596126501
88.13263687964604
67.36471813198446
54.10116331554917
61.295981807031076
53.94049605770015
82.66203112953805
81.26094804929312
84.31377615549276
98.69491407292351
92.23446766578202
76.06971640681203
99.0182377715763
97.27169965346441
92.55045323623192
90.20047135747214
88.08463024606084
86.52561625656527
91.41475970165088
87.25870924728184
79.57834256098492
80.23714461479078
58.9080318023022
60.63220942252272
93.96554275585606
94.80343580160132
91.93547990145771
90.46873137353074
84.14204944571752
99.5459599703484
91.80496923707634
87.63815342525415
95.00833076798573
68.63562648962066
73.71050819271527
75.7903756620977
66.30612160699721
60.46747116490974
64.74910772483373
74.43177815804331
74.88447164956028
86.35637213300856
72.45286332451396
82.45283453436248
83.20756835501712
70.94339568320468
95.11206344668129
90.24396877245518
99.45043275102215
91.25415304350891
84.05789489687886
98.36397053087487
97.23258400078828
95.72957746478873
98.0555652688989
88.75507094212283
82.64267094565172
88.42848706462023
87.49029175440376
93.49121393851723
69.51966118816024
54.214750934381094
78.08338991633389
71.42855208671111
45.98336467046
41.8073724102087
33.295475333200976
45.64102112658836
3.7214618772719907
20.288158676862402
38.90335862854092
76.89288264770008
65.66591401887031
41.78716475998464
52.021530915989324
62.398836055544415
42.31801800412316
43.12660980612922
42.048521677437265
25.606469556991634
36.25337384518099
8.625321961225843
7.24885475837484
36.24454032083423
59.563292298978865
76.94317935733204
93.58001328805636
90.1791920536842
85.94879239685666
81.9435364815725
87.39331749345139
88.24682764034351
90.8732824473369
99.50707446390939
98.58161720708993
96.19299380280492
95.55038193887638
95.6307586760872
61.17185157722888
55.917145071365695
44.73332790974084
42.2627492454923
64.62931398830489
73.39191462212169
86.09485286316963
77.17210472684926
74.60339245779612
65.7850474583478
87.52145357420459
87.36507503603093
95.06922876173503
90.60206139368138
61.44207749468453
48.74617034863281
51.09717568443434
32.499949137369796
62.66657511393229
76.99991861979166
99.67044071955033
90.93900513820876
95.14983446051104
90.72761189968807
81.02728082071017
22.824641331107276
48.359515636461786
31.811661555004605
13.119346195519793
35.87161331687063
41.28442678716917
74.40371698710142
63.57809004650433
45.96327809368621
71.74322663374126
29.357786606415416
27.026980905886084
51.24525720699916
75.09844618725651
63.7794625183601
91.96312666537028
80.36733185125232
20.365493639518252
47.25839930200038
48.20445918803914
45.71816363563557
81.07721910887896
77.48613748495725
52.34793384771993
74.30940332700361
95.64641488999784
83.11347664781798
62.26913034988516
43.27174125287109
43.79935703746052
62.26913034988516
55.19770515023089
40.7027530601348
56.222478893503514
68.31350387447783
83.4607163865016
62.72274238856329
58.905909965386236
36.514124085394855
61.704907466905325
63.99489044151478
40.96693346896701
54.12092173162133
21.013494153443123
12.172842806577776
33.44261857671257
53.551881585047376
42.622912546235
26.775940792523688
59.5493313639885
78.71491194025583
82.71438507646981
81.04998476074368
97.43306691261175
83.89742238396988
75.49600012819532
48.89155566792429
60.79342215606711
36.75608883222973
26.375514799561493
70.06483758505921
82.84791561731504
85.28830927722466
71.76941324936446
89.46324238728818
77.13714105434313
80.61632781832633
88.86684503983061
87.97224901864425
83.99601390582625
85.984055623305
99.7109945550551
97.13230685841083
94.38202825101882
96.89355503821984
93.92351544949773
99.72746265864231
97.29373131980495
88.75595247873169
79.54537572940109
77.24471104037477
78.59773126529632
98.5274817035155
95.49654474911108
97.9405885279817
85.58565635340672
54.19261133699165
48.71379718080435
54.70100629652621
56.06829670358333
87.17950055557584
80.51285127782444
76.58130448164513
86.32474842586845
97.05454055147307
95.63106346652049
96.00005278716216
86.9190112964527
83.45947265625
97.94608451224663
90.87837184756175
88.37458732322652
87.68036173960168
99.29080828376327
93.60090824537188
78.74179550577418
79.9348605360104
98.86713998811982
73.29111087933185
75.64472795398751
54.87111999143058
89.92898714149977
98.46511376533536
72.87153347351733
99.56270004915731
79.44056869327312
89.85301457630916
99.28491048912247
96.6425138499073
85.60475595696867
78.68147430110743
87.41438166020215
73.03076185462093
45.63011667995553
73.33989977484357
91.69583087199933
90.83029810262275
72.4187318354387
99.1608734854588
97.45594809026275
82.08332061767578
97.62503306070963
93.15766830415083
99.51117530505591
79.47542784643954
80.36068775614754
77.08199923155738
80.63701464413542
86.12554185185977
83.80682310782302
70.26515042048376
40.34483354768296
27.884977508979187
17.619262401167823
25.26393204589968
0.6112375940733223
25.865620920392878
53.72091712032325
34.577106244717626
51.27143948864068
39.44170027987104
26.451103542165384
1.62387437434157
29.315431326027685
10.835835471082088
1.317945501568823
55.601320752582616
1.0499954223632812
28.925018310546875
13.499984741210938
19.27501678466797
5.8750152587890625
9.022144148839875
41.25161888429777
47.07419294015301
80.26538559983553
58.45523318327213
94.28374287356387
78.08433580504315
60.72535546693747
70.48975234498681
66.0570402579521
96.38023577930525
82.63074906902241
87.00641496175734
87.03308120502106
84.37171541637169
99.82939933154941
92.63201435215692
99.1452796384841
95.33179846598064
83.33332475326733
58.90690645548722
78.13766578618029
69.14777927262593
75.69135863806109
66.38419223663713
42.42935481173496
85.4801821054891
93.4254818534127
59.20231412618565
89.08328697321649
83.52337231546558
90.82363737889546
94.84817341396328
98.30594317332742
95.75061136224308
72.4061735797196
57.17441171120797
61.47904189599769
75.99342154016128
83.36537062871524
71.69954746699491
86.50625822205504
70.24066831534405
66.18766372884504
49.78878898374933
51.81744661036952
48.35165118645773
63.98990830539759
62.829578975596675
81.10726736390454
85.06154465004022
60.42062359775115
95.23810176648409
98.41002100478194
93.617060419433
92.33572958527694
44.11495883537561
50.82116934403212
56.295608433823
72.71225405295826
76.36665579762348
87.18697039687964
76.9230638377498
98.98673502604166
90.70194594744969
72.15132210368186
81.8956862168921
61.78538523463638
72.36713223568016
95.63511811530377
92.61410788381743
92.66968325791855
97.81388930046164
69.60227436927434
91.28789411322717
90.97679634965415
88.12962550804144
59.220338099448796
64.82699020911156
63.469071713629376
45.422664412937685
40.86728463754865
74.35622888511784
49.09938567873085
69.11272057289149
7.671737658860833
20.084824912162954
33.59834716758379
23.900409569285134
35.81191903585188
34.937104452160504
45.648182458994924
94.5354901306813
78.39043691822565
76.65178436069252
93.5916891543616
74.36660501500864
53.353218519753796
29.160501500864132
58.02287680785907
52.01288192010064
53.08640256327932
60.49383423864969
66.98876927209943
57.38056704036902
78.89656856142241
74.67882141674961
79.74305713339969
98.96065792901888
95.03956415415969
83.68442355704724
92.00288941924525
78.71213478600122
83.58718390778631
95.22679912215335
35.03131715540457
32.74303635033123
1.5003478764605587
29.647734025303908
10.339196967751503
8.823509541329031
13.187852033154332
23.8456497484857
12.049330002972617
8.966557737135076
11.308383831268888
17.18107943531228
30.510783891620502
13.127636595249745
31.38852216113032
62.23781389690999
70.95215190829293
59.545652979424155
86.27448230467449
91.37543232505512
56.03156349211128
79.6505101887221
54.45321685966648
76.55015572733396
80.63598214695747
99.69986170008151
90.0243051559354
90.9649933825807
80.8116297884771
72.78075910794078
72.78075910794078
46.10100136273937
48.209842405665285
48.945542061201294
49.38691695372
55.95874813568125
18.171982758976398
30.099320355188215
2.509677875152604
11.337062085640694
11.137181758391286
11.016284721489953
30.02643375716601
73.94179191136449
96.61223742426658
97.41309924193317
65.85966411389803
39.96491013911733
59.40353661252741
55.50879762883771
59.26315575315241
61.78947582579496
52.07021612870065
40.210549873218206
43.92858232770647
29.08001708984375
9.769527971145893
28.557111164454042
28.607183865429043
35.42081709474367
53.972651225789726
73.51603009396351
65.84468917350293
63.46556021884731
64.71811861396705
64.39072161974157
85.6985557461978
39.737968716163316
25.764188502606988
55.676733687594734
63.12047399605003
61.144947226192315
92.45452880859375
87.52121075524538
80.47535407388985
90.53053243850626
89.769963654165
72.09443451515025
82.56656090813786
93.67616914171106
83.23187543013
69.56279792439845
73.65801551212387
36.47926120434232
37.8848277052457
2.0341060186149336
41.66663329221601
50.39368501994457
36.417366195152425
19.619371065152265
28.871369527257578
7.086630729058199
4.658739567146725
29.527577976066517
89.53070103440336
90.73814920247328
77.27518330741108
97.02146497801658
91.68169218947253
73.46002262232004
87.87975615847407
65.10946598227268
90.23193259214469
89.77456772165496
93.67817152984833
90.6835993390627
91.0967339789724
90.57555816699151
94.17736139371246
85.71432589543438
93.41017107425405
94.12883276016531
84.80295747484782
86.94175849815511
84.16771454705757
62.33577325236901
15.367799868861203
26.091989403039655
33.44830035595053
6.082195125214041
24.65753424657534
49.64382223886986
32.82186429794521
1.5898404175746865
11.294010282758414
33.56199412114789
15.610994545649648
48.398602738514604
41.632658780885414
86.31795583446417
77.06239215999312
70.75788370574594
85.12664309602702
80.88605260031927
40.886110545076676
38.54436974935995
74.24056152332903
79.33293951924387
61.68610184381439
37.42810445694818
60.9400981518602
50.34188825607645
21.367526940898912
54.87179353418426
96.36774952492986
95.6817109980995
89.81074215756753
95.22706478130706
96.40984416826652
99.45841641550174
93.37595302798152
97.50796618621483
87.18402786454061
98.50852280245283
99.13040194414363
90.98084163408646
88.93090430713113
96.15866790751471
75.83865351595895
95.77177757796834
94.16383837090164
89.09739987018442
19.720884811046513
24.735686419572538
22.410092520506346
20.15503959327108
11.646574040110549
4.073473268242036
27.243206952069254
42.00002309438345
13.459406672297296
17.74970548014137
3.7022008620731546
19.745192751587837
40.127342880607245
38.49477467057706
27.7869930451061
31.019583363794677
51.658409299239125
43.74610421294995
78.31173629646622
84.10349654820341
82.68639372574975
75.58839223412552
78.07659155276444
62.74370972376144
60.669450279106094
49.58160687645911
85.00690582749691
98.19238892303812
80.24123079943418
81.39883465630805
98.4785522080937
96.12668841710405
99.64603235761174
90.40608699400785
81.79758740827793
95.46663411458334
85.12954957291176
95.66284304408543
98.77139677791273
91.92547515904451
93.5698275351654
81.5514018877515
98.85281821019801
98.60956585425052
95.64712602452211
98.6223291641739
98.51566549475552
93.14632599504746
96.9205429855301
85.63904000257328
87.9226994868166
81.57466625064447
89.84802522254456
93.91537424412456
86.08462575587545
81.58325643821827
56.017379122335385
67.03449117726294
81.37922615840517
97.98851645689506
97.9606325248478
93.95106968779334
77.7993142372362
74.96817032327289
76.75160411851719
66.62422709769719
66.05100134705135
80.70062220943636
76.81536066182402
95.98722536577401
95.0323741560419
77.4193134176955
40.58139699933287
46.511759946629574
79.76749797731757
99.49760919638942
98.0144324785854
84.29586581100064
63.086732586002704
94.90159033573754
93.22339178344812
94.38413258942845
84.39920689721453
81.4438492394996
67.2964864836892
70.3488380689337
88.73874493092309
79.69235151241986
76.68596491539348
72.73251491725647
72.67449597149798
67.09296693274948
67.26737862596232
4.661631215282482
3.213115143807183
25.151268971265488
51.3952638764136
95.55160963636907
99.11026762563363
51.51243643314246
30.253121770790077
33.41767506542922
57.341690246941
63.54428423807546
62.21522593604837
29.43050015934793
3.411558545865593
5.538323413208144
1.2658993924816058
32.50103185740683
11.407995676170488
33.95854187825604
53.03086742912371
70.70222963117317
70.70222963117317
67.69983108182998
61.16226932620419
82.14837640138992
97.741141347361
99.0081792112345
96.70964523850324
96.31677364456725
92.22408286684808
99.15508826496051
92.86245537764927
88.42848706462023
88.57850404415234
91.3185402199074
94.81481481481482
99.04160166126483
93.17059409016274
99.1016083831607
97.38221707776921
99.7045610473162
91.64623914072722
94.49199194291685
91.24269408949371
75.2860608463361
80.32783016641652
93.14340126922384
88.06493988213442
93.99273964007959
83.21483931142765
92.66155510428726
87.235271203262
51.19035184520809
40.52570151815841
40.455646756329116
7.238961638516408
39.48957092746453
11.461712863112847
9.095080230715528
7.727482672538538
15.73959760026235
25.790138698663167
53.381816778873045
53.53980593761454
47.629583904010495
77.46522888172997
82.95802412972809
40.0232672751225
64.51859012633514
26.669225593054886
24.67967477057205
10.02261795661078
37.82971104899254
60.09799198080176
65.71212067203042
94.95103275636654
90.36145408919498
91.31247080803362
81.58971269464132
70.4991346767843
64.69503843749929
43.47510193214151
1.4124089832961382
7.284409711306108
11.546370048697895
24.185786708168326
25.97831949088556
34.28425042760066
1.985081973420166
15.906323424712998
2.1381666219706497
3.841497403168105
1.2035369117656454
0.9908310511750595
34.35333717189103
24.870047149090695
43.623303926237185
50.23226472443655
68.01100333592586
73.75424723225119
69.06674622541631
83.44855989489378
64.49963522635494
76.50373443853759
63.73181404198881
72.97160077047693
89.99231397715751
67.39189187078108
32.95492871924932
15.355471533390253
38.367687557372946
34.28690645080531
2.906095255681956
5.623031081112573
10.516008276224989
0.5340338732796104
57.08984220125287
63.82085178849908
67.48333843092387
57.98074998772802
76.25002333458055
74.4583761715316
58.01957333338482
23.37871223801575
17.65772786393565
55.840619599780396
47.05703000357405
30.395429641010903
19.438579813633698
51.76574515200755
73.61910973062
76.12435105250165
91.8502511044543
88.01690119048935
97.31427873883929
84.25711495535714
97.4285888671875
94.8732188050176
99.7141919903963
98.97499084472656
94.79185995224262
80.96183972379808
82.45567285026135
97.00760004174617
80.92549260942347
29.15585123930012
30.73632110553274
3.507890037499205
0.8400958419199936
4.427541882036638
20.10716431115173
1.3922445538252357
5.796308843277981
18.505686036651912
21.793437562973573
6.717438016597517
1.5576185015737805
22.562382834314487
0.5945978937922297
39.28678638507658
63.07843175711456
32.27464786887651
62.103042067128236
50.557961162759625
85.75116503862506
31.545107099728355
20.300486971737826
4.202735386569814
20.613731493998273
3.9457041820033116
13.012697649901
27.099582581290477
28.027328725149992
41.01562572759565
9.936361962670116
7.635817598096349
13.771365393727553
31.975676585107916
33.024283303422386
49.00941105999527
71.25592528277092
98.13251625332163
89.76351828093205
83.13603515625
90.04794921875
75.45595703125
71.3919921875
83.3919921875
76.70400390625
58.72001953125
1.8283253056912363
2.018793289846914
8.2366233631494
28.33056316222097
9.5633110974559
16.97069663653007
33.803229143690274
35.06339948698422
53.10680078708641
80.16534792796655
73.94058339514218
47.53894527818333
60.09620863070451
57.18550169760479
67.45052853291747
79.65665152938215
91.73260403356211
97.46542307113094
94.4067360576847
76.72640878406592
17.656514824454554
22.00477938846843
35.20761725246702
46.62630214520668
35.942903605615655
58.780273391094994
70.63144472779688
81.74739570958664
62.37018146875115
55.75253829217684
25.778515198073908
94.56657671295991
95.51726348154929
96.50579630911618
88.93513448554266
80.08875995037297
96.96434128607379
99.56180548621315
97.39998644851148
84.59420862937897
90.04119662468086
98.38470662468224
89.93755034046461
100.0
97.99039987285057
94.41276565142451
86.88079379344907
81.60558947954901
63.16512258834004
6.488413051860756
5.537852036861596
3.565930425709649
22.024497880379187
0.4197917115597638
4.549968657336648
6.891403089814754
2.4164612890039265
12.87075483208243
4.018185604220171
3.163480904959235
15.386524164775064
17.635987678455457
41.02225924151992
51.79575569169073
1.3913361922554348
7.742785240023088
3.7444958905870642
10.555361907738167
13.796982431745617
10.104265600472303
0.17514192535330353
11.41227525461951
8.434108321737448
6.976740885066124
5.796670575138046
19.939316814021595
9.352286739543068
0.6143772323631934
37.255859375
86.50246780493266
92.26888285186241
78.76746639220802
8.459435570319487
10.566052945745263
4.911231551969231
6.724243480334387
48.04452170605408
29.984081369865805
58.50555065797166
61.58981556998254
55.1669078800858
54.11761737745784
73.10013502452807
89.41175785633642
98.8091828200605
38.20121238319801
23.87965492458349
52.46003233468165
40.73959487446043
28.329666472684078
0.19358973349294356
0.7285598765462598
21.16460139507767
38.394050005497384
41.05291728486873
29.460254323965874
78.56953621964216
89.5506710661962
81.36574058743668
82.5810126163118
81.88655253485216
81.74186783226818
80.41087453226929
82.81249931013168
91.4351689349537
97.99140078723954
95.58719352341713
71.5223478378473
65.65450638402316
99.06540863603851
92.26612530534099
94.05088466362976
67.98268634052947
40.50835148874364
36.45210272661253
51.312077795167454
40.256818110175175
79.84364629916617
72.77324709439141
73.94006045351412
42.006942717535615
25.204177500443635
6.901982431515534
13.254913177542187
23.568591806095014
14.37605554703614
16.173037101431024
10.2828942223811
2.196350282680955
23.7603828252659
19.800361336029304
19.00167465742643
8.572209334149246
1.695447010989714
18.301044143906093
29.431783371383986
35.98485680432332
62.19697714071034
72.57573042799757
75.30300840967547
79.54547293587261
62.348466895933875
47.651475305609345
79.05303008409675
87.99242840216166
87.87759161629157
82.33927591054872
98.92956612547829
92.86934970319633
68.35557725694444
89.45167986040008
90.08166254783163
99.73538279315171
81.35844011342019
76.71269875453143
96.82333533365434
78.12909876019887
71.34755756314628
70.2136961725274
88.13780950942312
86.7951811036895
78.47222314204664
57.72566420521651
44.69090470910152
23.010530463439874
4.428454104103931
16.76762181324222
3.907868018412767
7.187708637027209
4.605693987313804
1.64499950584127
18.732969637816847
32.97000161630903
38.35147913064402
33.996774516860896
38.286797494177755
46.24403345367205
20.53753863335461
57.27085254704094
98.1888831972775
95.0167320179245
98.83688081725982
89.66066980930957
70.57269428163318
74.68188932357666
70.63834916094902
84.9202545458825
92.65962787213294
81.5160016443784
78.45750649411785
92.50005985829614
98.94137953178796
97.09667297996809
93.21364539911431
87.96460097471996
70.80740994554084
97.87242676997914
88.07636429551191
53.81926827893342
57.11434417674904
88.81682291119125
70.34462163838116
83.6245682516611
72.8603065602829
65.75487994472276
42.81592647699337
39.46366089150153
22.8292749782996
0.2993317541863527
82.64458641136162
98.75955272284571
95.02388846351803
89.95829749002905
88.84948451374962
85.86217354493152
88.84948451374962
96.39342321286675
90.92894324982136
86.42076395657833
98.16635038035456
92.31991954973805
89.2904643731854
82.53571552241998
89.37658170269779
