47.41999816894531
46.72999954223633
46.75
46.459999084472656
47.75
47.81999969482422
47.540000915527344
47.90999984741211
46.2400016784668
46.380001068115234
46.279998779296875
46.650001525878906
46.13999938964844
47.13999938964844
47.38999938964844
47.130001068115234
43.20000076293945
42.790000915527344
42.119998931884766
41.58000183105469
41.369998931884766
41.93000030517578
42.209999084472656
42.63999938964844
42.790000915527344
42.7400016784668
42.77000045776367
42.650001525878906
43.09000015258789
43.869998931884766
44.0
43.70000076293945
43.529998779296875
43.880001068115234
44.189998626708984
44.29999923706055
44.09000015258789
44.22999954223633
44.20000076293945
44.189998626708984
43.83000183105469
43.209999084472656
43.2400016784668
43.11000061035156
43.130001068115234
42.709999084472656
42.369998931884766
41.650001525878906
41.470001220703125
41.63999938964844
41.83000183105469
42.83000183105469
42.59000015258789
42.97999954223633
43.130001068115234
43.16999816894531
42.93000030517578
41.61000061035156
41.43000030517578
41.540000915527344
41.029998779296875
40.7599983215332
40.7400016784668
41.779998779296875
41.90999984741211
41.689998626708984
41.619998931884766
41.95000076293945
42.060001373291016
42.029998779296875
42.459999084472656
42.34000015258789
41.7400016784668
43.16999816894531
43.150001525878906
43.130001068115234
43.61000061035156
48.13999938964844
48.130001068115234
49.209999084472656
49.310001373291016
49.540000915527344
48.880001068115234
48.869998931884766
48.15999984741211
47.77000045776367
47.09000015258789
47.97999954223633
47.90999984741211
47.68000030517578
48.31999969482422
48.81999969482422
48.90999984741211
48.220001220703125
47.810001373291016
47.93000030517578
47.599998474121094
47.349998474121094
46.880001068115234
47.77000045776367
48.02000045776367
47.56999969482422
47.77000045776367
47.349998474121094
47.7400016784668
47.15999984741211
46.52000045776367
46.43000030517578
45.939998626708984
46.83000183105469
46.91999816894531
46.470001220703125
45.650001525878906
46.2400016784668
46.06999969482422
46.79999923706055
46.83000183105469
46.720001220703125
46.279998779296875
46.25
46.060001373291016
46.279998779296875
45.22999954223633
44.720001220703125
45.22999954223633
44.75
44.47999954223633
44.4900016784668
44.900001525878906
45.220001220703125
45.13999938964844
45.619998931884766
45.959999084472656
45.88999938964844
46.689998626708984
46.779998779296875
47.130001068115234
47.33000183105469
46.93000030517578
46.22999954223633
46.31999969482422
46.0099983215332
45.63999938964844
46.779998779296875
47.400001525878906
47.369998931884766
47.0
47.709999084472656
48.40999984741211
47.77000045776367
46.779998779296875
47.4900016784668
46.939998626708984
46.900001525878906
47.099998474121094
47.099998474121094
47.45000076293945
47.43000030517578
47.08000183105469
46.470001220703125
45.47999954223633
42.689998626708984
43.2400016784668
42.84000015258789
43.95000076293945
44.150001525878906
43.93000030517578
42.59000015258789
43.380001068115234
43.97999954223633
43.040000915527344
44.0
44.400001525878906
43.790000915527344
43.59000015258789
43.439998626708984
44.290000915527344
44.380001068115234
45.0
43.9900016784668
44.470001220703125
44.04999923706055
44.16999816894531
44.130001068115234
44.72999954223633
44.09000015258789
43.56999969482422
44.29999923706055
44.75
45.56999969482422
46.88999938964844
47.18000030517578
47.349998474121094
47.52000045776367
47.540000915527344
47.06999969482422
47.130001068115234
47.099998474121094
47.029998779296875
47.540000915527344
47.880001068115234
47.810001373291016
47.9900016784668
48.95000076293945
54.06999969482422
54.31999969482422
54.369998931884766
53.97999954223633
53.83000183105469
53.9900016784668
53.36000061035156
54.38999938964844
54.880001068115234
54.70000076293945
54.97999954223633
54.869998931884766
54.130001068115234
54.20000076293945
53.97999954223633
53.290000915527344
53.88999938964844
53.529998779296875
53.97999954223633
54.65999984741211
54.29999923706055
54.459999084472656
54.439998626708984
54.22999954223633
54.08000183105469
54.959999084472656
55.22999954223633
55.959999084472656
55.77000045776367
56.22999954223633
55.970001220703125
56.099998474121094
55.869998931884766
55.65999984741211
55.099998474121094
55.209999084472656
55.900001525878906
56.25
56.790000915527344
56.0
55.349998474121094
55.47999954223633
55.880001068115234
55.959999084472656
55.95000076293945
56.849998474121094
56.779998779296875
56.189998626708984
54.79999923706055
55.38999938964844
54.400001525878906
53.4900016784668
53.279998779296875
52.849998474121094
53.099998474121094
54.06999969482422
53.41999816894531
51.970001220703125
51.68000030517578
51.380001068115234
51.58000183105469
52.33000183105469
52.650001525878906
52.439998626708984
52.20000076293945
52.209999084472656
55.09000015258789
55.09000015258789
54.2599983215332
53.38999938964844
52.810001373291016
52.0
49.56999969482422
50.2400016784668
50.38999938964844
50.11000061035156
50.68000030517578
51.09000015258789
52.77000045776367
52.95000076293945
52.279998779296875
53.0
52.369998931884766
51.5
52.099998474121094
52.68000030517578
51.650001525878906
52.59000015258789
52.959999084472656
52.970001220703125
52.45000076293945
51.79999923706055
52.130001068115234
52.849998474121094
52.939998626708984
53.06999969482422
53.59000015258789
53.59000015258789
54.599998474121094
55.0
54.970001220703125
53.93000030517578
54.25
54.2400016784668
54.33000183105469
54.290000915527344
54.86000061035156
55.63999938964844
55.59000015258789
55.61000061035156
55.65999984741211
55.29999923706055
55.20000076293945
54.90999984741211
55.279998779296875
55.150001525878906
54.779998779296875
55.439998626708984
55.58000183105469
55.91999816894531
56.59000015258789
56.77000045776367
56.5
56.22999954223633
52.43000030517578
52.130001068115234
52.349998474121094
51.5
50.77000045776367
50.25
50.75
50.40999984741211
50.060001373291016
50.29999923706055
50.38999938964844
50.59000015258789
51.099998474121094
51.779998779296875
51.810001373291016
51.900001525878906
51.959999084472656
51.72999954223633
51.13999938964844
50.619998931884766
51.220001220703125
50.68000030517578
51.709999084472656
52.4900016784668
51.97999954223633
52.31999969482422
53.0
52.95000076293945
52.7400016784668
52.41999816894531
52.349998474121094
52.72999954223633
52.439998626708984
52.0
52.04999923706055
50.720001220703125
50.099998474121094
50.119998931884766
50.470001220703125
50.43000030517578
50.83000183105469
51.43000030517578
51.459999084472656
52.060001373291016
50.939998626708984
49.150001525878906
49.470001220703125
50.720001220703125
51.29999923706055
51.720001220703125
51.279998779296875
51.540000915527344
51.61000061035156
52.36000061035156
52.83000183105469
53.400001525878906
53.86000061035156
53.9900016784668
54.0
54.34000015258789
53.900001525878906
56.84000015258789
56.22999954223633
56.630001068115234
56.7400016784668
57.290000915527344
56.79999923706055
56.369998931884766
56.7599983215332
56.75
56.900001525878906
57.11000061035156
57.52000045776367
58.209999084472656
58.09000015258789
58.5
58.31999969482422
58.45000076293945
58.189998626708984
58.5
57.619998931884766
57.68000030517578
57.70000076293945
57.72999954223633
57.75
58.18000030517578
58.040000915527344
58.290000915527344
58.70000076293945
58.599998474121094
58.189998626708984
57.79999923706055
57.81999969482422
58.189998626708984
57.79999923706055
57.84000015258789
57.790000915527344
57.52000045776367
57.209999084472656
56.650001525878906
56.630001068115234
57.349998474121094
57.630001068115234
57.75
57.349998474121094
57.849998474121094
58.0
57.90999984741211
57.13999938964844
58.060001373291016
58.060001373291016
58.16999816894531
57.77000045776367
57.54999923706055
57.599998474121094
57.959999084472656
57.86000061035156
57.97999954223633
58.38999938964844
58.02000045776367
57.27000045776367
57.29999923706055
57.7400016784668
57.459999084472656
57.95000076293945
57.84000015258789
57.52000045776367
60.45000076293945
61.0
61.369998931884766
61.20000076293945
60.83000183105469
60.52000045776367
60.41999816894531
60.02000045776367
59.93000030517578
59.63999938964844
59.279998779296875
60.52000045776367
60.779998779296875
60.59000015258789
60.4900016784668
59.119998931884766
59.08000183105469
59.4900016784668
59.65999984741211
60.95000076293945
61.13999938964844
60.970001220703125
61.2599983215332
61.099998474121094
60.529998779296875
61.02000045776367
61.40999984741211
61.18000030517578
60.150001525878906
59.470001220703125
60.59000015258789
60.459999084472656
61.380001068115234
61.58000183105469
61.9900016784668
62.29999923706055
63.41999816894531
63.45000076293945
63.150001525878906
62.95000076293945
63.77000045776367
63.79999923706055
63.70000076293945
64.0999984741211
63.540000915527344
64.06999969482422
63.400001525878906
63.20000076293945
62.9900016784668
62.84000015258789
62.75
62.65999984741211
63.150001525878906
63.08000183105469
63.06999969482422
63.22999954223633
63.400001525878906
62.869998931884766
62.70000076293945
62.70000076293945
62.97999954223633
62.81999969482422
63.119998931884766
63.7400016784668
64.0999984741211
64.54000091552734
65.91000366210938
65.79000091552734
65.1500015258789
64.62000274658203
63.40999984741211
63.70000076293945
63.650001525878906
63.779998779296875
63.810001373291016
64.44000244140625
64.30000305175781
64.86000061035156
64.72000122070312
64.56999969482422
65.23999786376953
64.69000244140625
64.94999694824219
64.38999938964844
64.7300033569336
64.80000305175781
64.54000091552734
64.19999694824219
64.98999786376953
64.75
64.27999877929688
64.55999755859375
64.77999877929688
65.08000183105469
65.19999694824219
65.26000213623047
65.19000244140625
64.55000305175781
64.91999816894531
64.76000213623047
65.23999786376953
65.18000030517578
65.5
65.13999938964844
65.23999786376953
65.44999694824219
65.22000122070312
65.47000122070312
65.5
65.9800033569336
66.19000244140625
65.94000244140625
65.80999755859375
66.3499984741211
66.05999755859375
65.95999908447266
65.81999969482422
65.61000061035156
65.51000213623047
65.86000061035156
65.48999786376953
65.70999908447266
65.75
65.75
66.69999694824219
67.66000366210938
68.04000091552734
68.30999755859375
68.37999725341797
69.13999938964844
69.55000305175781
69.70999908447266
69.37999725341797
69.08000183105469
69.02999877929688
69.05000305175781
69.27999877929688
69.55999755859375
68.7300033569336
68.61000061035156
68.4800033569336
69.44000244140625
69.0999984741211
68.12999725341797
68.0999984741211
68.5
68.75
68.87999725341797
69.87999725341797
70.22000122070312
70.41000366210938
70.73999786376953
70.61000061035156
71.86000061035156
72.88999938964844
72.62000274658203
72.7699966430664
72.5199966430664
72.08000183105469
69.94000244140625
70.81999969482422
71.0999984741211
70.20999908447266
70.02999877929688
70.94000244140625
70.87000274658203
70.62000274658203
70.58999633789062
71.25
71.70999908447266
70.18000030517578
69.83999633789062
69.48999786376953
69.37999725341797
69.5999984741211
69.44000244140625
68.77999877929688
69.83999633789062
70.25
70.68000030517578
71.27999877929688
72.04000091552734
73.2699966430664
73.44999694824219
73.38999938964844
74.04000091552734
74.30000305175781
74.29000091552734
73.75
74.30999755859375
74.37999725341797
74.41999816894531
73.30999755859375
73.44000244140625
73.41999816894531
72.55999755859375
72.44000244140625
73.04000091552734
72.9000015258789
73.12999725341797
72.51000213623047
72.19000244140625
72.69999694824219
73.72000122070312
73.58999633789062
74.0999984741211
73.87000274658203
72.83999633789062
72.4800033569336
73.23999786376953
73.1500015258789
72.86000061035156
73.3499984741211
73.08999633789062
73.16000366210938
74.20999908447266
74.95999908447266
74.73999786376953
73.88999938964844
74.04000091552734
74.5999984741211
74.44000244140625
74.94000244140625
75.23999786376953
75.2300033569336
75.48999786376953
75.38999938964844
75.97000122070312
75.70999908447266
75.55000305175781
75.23999786376953
74.51000213623047
74.25
73.80999755859375
74.16999816894531
73.97000122070312
74.54000091552734
75.01000213623047
74.87999725341797
74.72000122070312
76.12000274658203
76.02999877929688
76.55000305175781
76.62999725341797
76.45999908447266
77.29000091552734
77.87000274658203
77.80999755859375
77.62000274658203
77.8499984741211
77.93000030517578
78.97000122070312
79.33999633789062
79.19999694824219
79.0999984741211
79.41999816894531
86.19999694824219
84.33000183105469
84.36000061035156
83.76000213623047
84.45999908447266
84.54000091552734
84.69999694824219
84.9000015258789
84.61000061035156
84.2699966430664
84.0999984741211
83.94000244140625
84.0999984741211
83.69000244140625
83.41999816894531
83.12000274658203
82.58999633789062
83.83999633789062
83.9000015258789
83.43000030517578
83.9800033569336
85.05999755859375
84.91999816894531
84.5199966430664
84.80999755859375
84.43000030517578
82.68000030517578
83.13999938964844
82.80000305175781
84.58000183105469
85.37000274658203
86.05000305175781
86.0
85.87000274658203
87.08999633789062
87.5
86.3499984741211
86.30000305175781
86.0999984741211
85.62999725341797
85.52999877929688
85.9800033569336
85.93000030517578
86.05000305175781
86.30999755859375
86.51000213623047
87.66000366210938
88.41000366210938
88.58000183105469
88.7300033569336
88.19000244140625
88.12999725341797
89.77999877929688
90.79000091552734
90.27999877929688
90.66999816894531
90.61000061035156
91.62000274658203
92.30000305175781
93.43000030517578
93.23999786376953
94.05999755859375
95.44999694824219
93.66000366210938
95.4000015258789
96.06999969482422
93.97000122070312
93.23999786376953
91.4800033569336
91.7699966430664
89.87999725341797
88.93000030517578
89.77999877929688
90.0
90.98999786376953
92.72000122070312
93.5
93.05999755859375
93.36000061035156
92.7300033569336
94.06999969482422
95.44999694824219
95.83999633789062
95.70999908447266
94.56999969482422
93.1500015258789
94.2699966430664
94.48999786376953
93.94000244140625
95.0999984741211
96.54000091552734
97.20999908447266
97.23999786376953
95.41000366210938
94.58000183105469
95.37999725341797
93.9000015258789
93.7699966430664
94.05000305175781
91.75
90.45999908447266
94.0
95.13999938964844
91.2300033569336
92.29000091552734
90.87999725341797
90.05000305175781
92.76000213623047
93.06999969482422
92.45999908447266
93.16999816894531
93.27999877929688
93.29000091552734
94.16000366210938
94.18000030517578
94.66000366210938
96.54000091552734
96.72000122070312
97.06999969482422
96.11000061035156
96.29000091552734
96.47000122070312
93.30000305175781
95.1500015258789
97.9000015258789
96.4000015258789
95.29000091552734
95.16999816894531
94.93000030517578
95.37000274658203
96.70999908447266
96.16000366210938
96.97000122070312
97.94999694824219
97.87000274658203
98.69000244140625
97.8499984741211
97.4000015258789
97.54000091552734
96.93000030517578
98.01000213623047
98.16999816894531
98.7300033569336
98.94000244140625
98.9800033569336
98.87999725341797
99.25
99.98999786376953
100.86000061035156
101.86000061035156
102.33000183105469
102.5999984741211
102.69000244140625
101.94999694824219
101.58999633789062
101.44999694824219
102.01000213623047
102.02999877929688
101.52999877929688
101.11000061035156
101.0
102.5199966430664
102.45999908447266
100.7699966430664
100.11000061035156
100.08000183105469
100.0199966430664
99.11000061035156
99.91000366210938
100.05999755859375
100.62999725341797
99.91999816894531
101.43000030517578
102.25
102.51000213623047
102.33999633789062
104.41000366210938
105.5999984741211
105.81999969482422
106.5
106.05000305175781
105.30999755859375
108.19999694824219
108.13999938964844
108.81999969482422
111.1500015258789
111.0
110.18000030517578
107.52999877929688
106.72000122070312
106.44999694824219
108.08999633789062
108.05000305175781
108.41999816894531
109.0999984741211
109.75
110.16000366210938
109.69000244140625
109.58000183105469
109.75
108.98999786376953
108.86000061035156
107.9000015258789
107.9000015258789
107.3499984741211
107.33999633789062
108.18000030517578
108.55999755859375
109.63999938964844
110.5
112.02999877929688
112.61000061035156
112.77999877929688
111.95999908447266
111.41999816894531
108.98999786376953
108.72000122070312
109.63999938964844
111.58999633789062
111.8499984741211
113.7300033569336
113.7300033569336
113.69999694824219
113.69999694824219
113.31999969482422
113.80000305175781
115.29000091552734
114.9000015258789
115.0999984741211
115.05999755859375
114.91000366210938
114.56999969482422
115.68000030517578
115.83999633789062
116.18000030517578
114.76000213623047
113.16999816894531
112.02999877929688
113.08000183105469
111.5
108.93000030517578
111.23999786376953
109.4800033569336
111.41000366210938
111.80999755859375
110.52999877929688
110.86000061035156
110.54000091552734
108.97000122070312
108.48999786376953
109.2699966430664
108.75
108.69999694824219
104.37999725341797
108.13999938964844
107.31999969482422
107.31999969482422
107.73999786376953
108.83999633789062
112.23999786376953
112.20999908447266
111.44999694824219
109.95999908447266
108.73999786376953
108.26000213623047
107.80000305175781
108.87999725341797
108.55999755859375
102.97000122070312
104.43000030517578
103.80999755859375
106.62999725341797
107.33000183105469
111.33000183105469
111.12000274658203
110.97000122070312
113.41999816894531
112.63999938964844
109.23999786376953
109.44999694824219
107.9800033569336
110.94999694824219
111.2699966430664
110.87000274658203
109.26000213623047
105.80000305175781
104.51000213623047
106.87999725341797
104.30999755859375
103.0
97.97000122070312
100.69000244140625
101.19000244140625
102.41000366210938
102.4000015258789
101.75
100.19000244140625
102.51000213623047
103.2699966430664
103.97000122070312
104.87999725341797
103.75
103.44000244140625
102.87000274658203
105.05000305175781
106.26000213623047
106.62999725341797
107.9000015258789
107.0999984741211
107.04000091552734
107.0
107.87999725341797
106.4800033569336
104.97000122070312
106.37999725341797
105.22000122070312
104.0999984741211
105.80000305175781
107.2699966430664
107.0
105.58999633789062
105.77999877929688
106.58000183105469
107.13999938964844
107.77999877929688
107.29000091552734
108.30000305175781
108.66000366210938
107.94000244140625
109.4800033569336
111.19999694824219
112.18000030517578
113.23999786376953
112.36000061035156
112.87999725341797
113.0199966430664
113.25
112.38999938964844
112.66000366210938
111.55000305175781
110.70999908447266
112.94999694824219
113.98999786376953
115.0
115.19999694824219
117.25
117.61000061035156
118.44000244140625
118.75
120.81999969482422
119.58999633789062
118.01000213623047
118.70999908447266
118.20999908447266
117.58000183105469
118.31999969482422
119.11000061035156
119.4800033569336
120.43000030517578
120.2300033569336
120.2300033569336
120.0199966430664
119.54000091552734
120.3499984741211
120.8499984741211
120.9800033569336
121.58000183105469
121.6500015258789
121.8499984741211
123.5199966430664
124.0
125.58000183105469
125.8499984741211
131.3699951171875
130.52000427246094
130.17999267578125
130.6999969482422
130.64999389648438
128.0
129.42999267578125
128.55999755859375
127.18000030517578
126.37000274658203
125.79000091552734
127.93000030517578
125.55000305175781
125.87999725341797
126.70999908447266
129.3800048828125
130.4600067138672
127.58999633789062
127.52999877929688
128.24000549316406
126.29000091552734
127.41999816894531
128.0
125.38999938964844
125.76000213623047
124.62000274658203
124.37000274658203
123.27999877929688
125.87000274658203
127.97000122070312
132.25
134.0800018310547
134.24000549316406
131.97000122070312
133.0
133.7899932861328
133.72999572753906
135.24000549316406
135.92999267578125
137.66000366210938
137.72999572753906
138.39999389648438
137.58999633789062
135.74000549316406
134.7100067138672
134.60000610351562
136.6999969482422
136.58999633789062
137.74000549316406
137.3300018310547
137.10000610351562
136.97000122070312
138.5800018310547
139.22000122070312
139.1300048828125
139.5399932861328
139.0500030517578
137.92999267578125
136.6199951171875
140.6699981689453
139.19000244140625
139.99000549316406
140.74000549316406
140.61000061035156
141.67999267578125
141.50999450683594
141.22000122070312
140.49000549316406
140.94000244140625
138.32000732421875
133.92999267578125
135.67999267578125
135.64999389648438
138.99000549316406
139.3800048828125
137.86000061035156
138.8000030517578
136.9199981689453
134.5800018310547
136.4600067138672
138.5500030517578
138.7100067138672
139.49000549316406
139.1999969482422
138.35000610351562
135.55999755859375
136.72000122070312
135.75999450683594
138.44000244140625
139.17999267578125
137.1999969482422
137.69000244140625
140.3800048828125
140.17999267578125
139.75
136.88999938964844
136.27000427246094
138.4199981689453
138.05999755859375
136.6999969482422
137.52000427246094
138.6699981689453
142.3699951171875
141.64999389648438
139.6300048828125
140.69000244140625
139.9600067138672
140.17999267578125
140.36000061035156
139.22000122070312
140.25
136.3699951171875
136.75
138.25
138.17999267578125
137.75999450683594
138.6999969482422
139.6699981689453
141.02999877929688
140.2899932861328
141.7899932861328
140.99000549316406
141.4199981689453
140.0
138.5
140.00999450683594
137.4499969482422
140.4199981689453
141.13999938964844
145.6699981689453
144.5
145.0
144.92999267578125
144.4199981689453
145.0
145.02000427246094
144.52000427246094
144.8800048828125
145.99000549316406
146.4199981689453
147.57000732421875
147.4600067138672
148.41000366210938
149.99000549316406
150.5500030517578
151.3300018310547
150.83999633789062
149.8000030517578
150.3000030517578
151.35000610351562
152.4199981689453
152.5
152.3000030517578
151.8300018310547
149.42999267578125
150.17999267578125
150.32000732421875
151.8699951171875
152.2100067138672
151.88999938964844
151.8699951171875
153.44000244140625
154.88999938964844
155.89999389648438
155.7100067138672
155.47999572753906
155.77000427246094
158.49000549316406
158.1199951171875
157.7100067138672
158.72999572753906
159.5500030517578
159.02000427246094
157.77000427246094
160.72999572753906
159.9499969482422
159.10000610351562
159.6699981689453
160.8000030517578
162.22000122070312
163.22000122070312
163.30999755859375
163.60000610351562
163.94000244140625
166.24000549316406
167.47000122070312
168.19000244140625
167.49000549316406
166.8000030517578
167.52999877929688
163.3800048828125
165.75999450683594
168.75
174.0500030517578
172.39999389648438
174.5
180.63999938964844
184.1999969482422
183.82000732421875
185.6300048828125
188.83999633789062
190.6999969482422
185.85000610351562
186.22999572753906
185.41000366210938
187.6999969482422
188.17999267578125
187.25
183.5
174.5500030517578
174.83999633789062
173.25999450683594
167.02999877929688
163.7100067138672
172.9199981689453
175.0
170.6999969482422
170.8699951171875
163.11000061035156
157.75
161.02999877929688
157.6999969482422
153.47000122070312
161.91000366210938
149.35000610351562
147.5
146.0
150.14999389648438
147.10000610351562
140.57000732421875
149.60000610351562
154.3300018310547
156.66000366210938
154.88999938964844
160.60000610351562
164.77999877929688
157.75
155.47999572753906
157.3800048828125
166.5
170.0
166.6699981689453
167.3699951171875
165.57000732421875
173.75
173.57000732421875
177.27999877929688
180.0
178.75
173.6699981689453
174.0
175.05999755859375
174.55999755859375
176.89999389648438
175.6699981689453
177.67999267578125
180.39999389648438
178.63999938964844
179.0
183.64999389648438
184.1999969482422
184.5500030517578
185.0
187.50999450683594
187.0399932861328
184.0500030517578
180.69000244140625
187.05999755859375
186.1999969482422
186.60000610351562
185.85000610351562
186.6699981689453
184.4600067138672
186.5
181.99000549316406
184.14999389648438
184.27000427246094
183.0
185.0
185.94000244140625
185.83999633789062
187.72999572753906
188.5500030517578
190.6999969482422
198.52000427246094
195.75999450683594
191.72000122070312
190.82000732421875
195.5800018310547
196.32000732421875
196.49000549316406
199.2899932861328
200.75999450683594
203.9499969482422
203.25
200.61000061035156
199.88999938964844
198.52999877929688
204.39999389648438
206.35000610351562
208.02000427246094
211.1300048828125
214.6699981689453
213.25999450683594
216.3800048828125
214.0800018310547
215.8000030517578
208.85000610351562
211.3300018310547
205.6999969482422
205.0399932861328
212.3000030517578
213.94000244140625
212.3000030517578
210.9199981689453
202.86000061035156
203.97000122070312
204.6999969482422
204.64999389648438
204.4600067138672
205.10000610351562
217.63999938964844
214.77000427246094
215.0
216.3699951171875
215.6999969482422
211.8800048828125
207.64999389648438
210.27999877929688
211.35000610351562
209.58999633789062
211.19000244140625
212.36000061035156
212.10000610351562
215.0
216.25
215.52000427246094
216.61000061035156
222.08999633789062
231.14999389648438
230.63999938964844
228.6999969482422
227.4499969482422
232.86000061035156
229.30999755859375
218.36000061035156
210.02999877929688
214.83999633789062
214.74000549316406
208.6300048828125
209.1999969482422
209.77999877929688
210.64999389648438
204.3300018310547
203.64999389648438
202.7100067138672
208.10000610351562
208.10000610351562
205.57000732421875
209.0399932861328
212.57000732421875
210.07000732421875
211.97999572753906
213.99000549316406
210.99000549316406
210.41000366210938
210.17999267578125
210.11000061035156
211.19000244140625
215.86000061035156
223.86000061035156
225.2100067138672
224.22000122070312
220.36000061035156
222.2899932861328
222.3000030517578
217.3699951171875
216.9199981689453
216.05999755859375
216.27999877929688
216.33999633789062
214.6699981689453
208.83999633789062
207.36000061035156
204.2899932861328
205.27999877929688
208.1199951171875
218.32000732421875
224.1199951171875
224.36000061035156
228.1199951171875
216.5
218.0399932861328
219.11000061035156
217.4199981689453
217.74000549316406
217.67999267578125
215.1699981689453
213.02999877929688
213.2899932861328
212.2899932861328
214.25
215.2899932861328
216.27000427246094
214.75999450683594
217.32000732421875
215.47000122070312
216.3800048828125
215.3800048828125
215.5399932861328
216.9499969482422
215.22999572753906
213.0800018310547
213.32000732421875
216.2100067138672
215.4199981689453
220.11000061035156
220.88999938964844
219.69000244140625
224.0
225.6300048828125
223.55999755859375
223.61000061035156
226.02999877929688
227.17999267578125
225.6300048828125
223.0
223.0
218.52000427246094
216.49000549316406
219.33999633789062
220.5800018310547
218.91000366210938
217.10000610351562
216.75999450683594
217.4600067138672
214.50999450683594
216.97999572753906
225.7899932861328
226.3000030517578
230.07000732421875
229.77999877929688
234.17999267578125
240.44000244140625
242.63999938964844
238.02000427246094
242.5
242.30999755859375
245.08999633789062
243.24000549316406
243.27999877929688
243.67999267578125
244.75999450683594
245.9199981689453
245.14999389648438
245.3000030517578
246.1300048828125
244.30999755859375
243.92999267578125
243.86000061035156
237.92999267578125
234.8300018310547
235.1999969482422
234.58999633789062
235.3699951171875
237.47000122070312
237.3000030517578
233.5800018310547
232.49000549316406
233.27000427246094
233.3699951171875
235.3800048828125
237.0
239.1699981689453
235.82000732421875
235.19000244140625
240.05999755859375
238.5500030517578
234.19000244140625
232.47000122070312
236.89999389648438
241.0500030517578
238.0
236.94000244140625
236.7100067138672
236.8000030517578
233.85000610351562
239.10000610351562
242.83999633789062
249.9600067138672
249.39999389648438
250.92999267578125
254.13999938964844
255.99000549316406
257.6700134277344
259.19000244140625
258.8299865722656
259.92999267578125
261.0
261.4800109863281
260.20001220703125
260.67999267578125
261.7799987792969
261.510009765625
262.44000244140625
263.19000244140625
256.5400085449219
256.1000061035156
253.0800018310547
254.35000610351562
251.2100067138672
249.5
249.86000061035156
254.3000030517578
251.72999572753906
246.60000610351562
244.3800048828125
245.60000610351562
249.17999267578125
246.58999633789062
246.41000366210938
243.22999572753906
247.9499969482422
248.3300018310547
251.16000366210938
252.75
252.94000244140625
251.47999572753906
252.0800018310547
251.2899932861328
249.27000427246094
246.33999633789062
251.64999389648438
254.08999633789062
256.010009765625
255.52999877929688
257.4599914550781
258.489990234375
259.95001220703125
259.989990234375
260.5799865722656
261.75
262.29998779296875
263.5199890136719
265.7900085449219
266.8299865722656
267.8500061035156
267.25
268.8999938964844
271.6499938964844
271.3599853515625
271.8399963378906
278.0
279.3699951171875
280.69000244140625
278.7300109863281
278.04998779296875
279.7699890136719
282.8500061035156
283.6600036621094
282.510009765625
284.1000061035156
280.3699951171875
280.9700012207031
281.5199890136719
286.4200134277344
289.989990234375
289.69000244140625
289.5799865722656
290.1499938964844
288.6199951171875
286.6600036621094
286.7699890136719
287.2300109863281
287.5899963378906
289.6300048828125
289.5
291.54998779296875
289.25
288.6600036621094
289.9700012207031
292.8999938964844
294.82000732421875
293.42999267578125
294.82000732421875
297.4700012207031
305.8399963378906
305.3999938964844
305.6499938964844
304.5899963378906
302.42999267578125
300.8699951171875
304.2200012207031
304.5
305.19000244140625
303.3599853515625
302.6000061035156
301.0899963378906
300.6099853515625
302.1400146484375
299.9200134277344
298.5400085449219
301.3900146484375
305.32000732421875
305.30999755859375
304.5
298.7200012207031
297.5400085449219
300.2200012207031
300.8999938964844
299.79998779296875
296.4700012207031
290.7799987792969
286.7699890136719
287.8299865722656
289.9800109863281
287.75
290.3999938964844
293.6300048828125
296.6400146484375
296.6400146484375
297.9700012207031
295.44000244140625
297.2799987792969
303.2699890136719
304.45001220703125
308.2099914550781
309.29998779296875
309.70001220703125
311.0199890136719
311.0899963378906
309.3999938964844
312.3999938964844
326.1000061035156
324.8699951171875
332.0
331.489990234375
333.45001220703125
334.8999938964844
336.5400085449219
338.7900085449219
337.6499938964844
338.7200012207031
334.6300048828125
333.7699890136719
337.2300109863281
337.8800048828125
340.6700134277344
342.19000244140625
342.45001220703125
345.1000061035156
349.6700134277344
339.45001220703125
338.1600036621094
337.92999267578125
339.0299987792969
337.7799987792969
339.2799987792969
333.489990234375
332.70001220703125
327.45001220703125
335.79998779296875
335.5
336.489990234375
343.0
343.7900085449219
334.6400146484375
335.19000244140625
336.760009765625
324.9200134277344
322.79998779296875
327.7300109863281
333.6099853515625
336.3900146484375
342.4800109863281
343.80999755859375
344.29998779296875
343.1300048828125
339.3599853515625
338.0
335.20001220703125
326.07000732421875
318.70001220703125
316.5
314.7200012207031
316.6099853515625
323.4100036621094
320.8800048828125
310.82000732421875
309.79998779296875
313.9100036621094
311.6499938964844
304.1099853515625
297.1099853515625
294.989990234375
308.5
307.29998779296875
308.4800109863281
312.3800048828125
310.6300048828125
315.1199951171875
311.2300109863281
308.79998779296875
307.8399963378906
305.55999755859375
311.92999267578125
309.1199951171875
304.2900085449219
296.760009765625
300.79998779296875
300.8699951171875
296.79998779296875
293.8599853515625
291.5400085449219
291.70001220703125
295.1600036621094
297.6300048828125
299.1400146484375
299.9700012207031
301.4700012207031
303.1300048828125
295.6600036621094
289.69000244140625
283.9599914550781
289.6000061035156
286.6000061035156
289.510009765625
285.3999938964844
287.82000732421875
294.57000732421875
295.6099853515625
301.0
300.1400146484375
305.0
303.2300109863281
304.20001220703125
305.5
310.79998779296875
315.82000732421875
315.95001220703125
315.1400146484375
310.1300048828125
315.1099853515625
314.8699951171875
307.0
303.6499938964844
301.1199951171875
292.6099853515625
290.739990234375
288.5799865722656
288.30999755859375
282.4599914550781
286.1700134277344
289.70001220703125
293.29998779296875
283.20001220703125
281.1099853515625
278.3599853515625
290.9700012207031
290.9800109863281
289.8800048828125
284.94000244140625
284.1300048828125
290.8800048828125
286.3500061035156
279.25
272.3599853515625
273.75
271.3599853515625
259.8800048828125
263.0400085449219
265.82000732421875
268.3299865722656
263.6000061035156
257.6700134277344
258.5400085449219
261.5
261.3299865722656
264.5799865722656
267.1099853515625
273.3399963378906
274.7699890136719
277.69000244140625
274.6499938964844
273.45001220703125
274.17999267578125
273.1300048828125
273.0
272.7099914550781
260.5799865722656
249.02000427246094
245.74000549316406
255.3000030517578
247.4199981689453
250.5
254.75
257.1700134277344
259.3699951171875
267.9800109863281
268.29998779296875
266.9100036621094
261.9700012207031
259.5299987792969
259.7699890136719
262.9800109863281
267.989990234375
269.05999755859375
268.1000061035156
266.5299987792969
265.94000244140625
253.5500030517578
255.13999938964844
260.3699951171875
260.8399963378906
259.7200012207031
264.8699951171875
264.8900146484375
265.3299865722656
261.5
259.8800048828125
270.04998779296875
277.8399963378906
282.0
281.2799987792969
277.8900146484375
283.5
283.79998779296875
283.6499938964844
285.9200134277344
283.0799865722656
289.80999755859375
291.2099914550781
291.9100036621094
294.17999267578125
294.0400085449219
293.3500061035156
291.9100036621094
289.25
282.4599914550781
278.8599853515625
277.2300109863281
279.0199890136719
280.3399963378906
267.3999938964844
267.04998779296875
267.1099853515625
260.8900146484375
264.739990234375
257.8299865722656
258.8299865722656
260.42999267578125
265.2300109863281
267.45001220703125
260.3999938964844
254.22999572753906
251.39999389648438
245.3000030517578
245.13999938964844
243.50999450683594
247.66000366210938
243.86000061035156
241.1300048828125
241.4499969482422
241.8000030517578
242.3300018310547
239.9499969482422
240.5399932861328
241.61000061035156
250.36000061035156
250.5800018310547
250.33999633789062
241.32000732421875
234.55999755859375
229.05999755859375
227.86000061035156
236.10000610351562
237.24000549316406
238.9600067138672
243.92999267578125
239.61000061035156
241.30999755859375
243.0
247.83999633789062
251.0399932861328
238.3000030517578
233.69000244140625
236.60000610351562
234.9199981689453
235.74000549316406
231.3000030517578
220.41000366210938
221.58999633789062
228.41000366210938
231.64999389648438
228.6300048828125
243.3300018310547
247.99000549316406
243.91000366210938
247.0
243.8000030517578
243.25
243.74000549316406
244.6699981689453
245.30999755859375
248.27999877929688
248.6999969482422
246.64999389648438
242.7899932861328
255.3300018310547
256.1199951171875
256.05999755859375
253.82000732421875
251.86000061035156
246.16000366210938
248.74000549316406
248.30999755859375
252.5399932861328
263.9200134277344
262.5899963378906
254.1999969482422
249.83999633789062
245.2100067138672
242.91000366210938
245.6199951171875
241.99000549316406
238.8699951171875
238.92999267578125
239.72000122070312
241.9199981689453
239.9600067138672
245.75
232.8699951171875
227.5500030517578
225.75999450683594
231.24000549316406
231.30999755859375
235.9499969482422
239.89999389648438
239.3699951171875
240.91000366210938
242.3800048828125
235.52000427246094
240.74000549316406
245.1699981689453
243.9499969482422
243.3000030517578
248.30999755859375
249.8300018310547
245.60000610351562
247.9499969482422
255.17999267578125
264.69000244140625
264.20001220703125
258.29998779296875
268.7699890136719
276.760009765625
273.9800109863281
264.0899963378906
274.6000061035156
274.9700012207031
270.7300109863281
266.739990234375
260.0899963378906
255.49000549316406
254.33999633789062
256.8399963378906
251.0
252.82000732421875
251.49000549316406
250.92999267578125
251.39999389648438
255.6199951171875
260.1199951171875
257.69000244140625
254.5399932861328
259.55999755859375
252.7899932861328
257.9100036621094
261.07000732421875
266.4800109863281
276.55999755859375
283.3299865722656
277.4800109863281
275.0
281.0400085449219
281.05999755859375
280.6300048828125
281.4599914550781
276.1400146484375
281.1400146484375
284.4599914550781
289.2699890136719
288.2699890136719
290.45001220703125
287.1499938964844
292.0799865722656
289.6000061035156
285.9800109863281
287.010009765625
289.8999938964844
288.4800109863281
291.6000061035156
291.760009765625
289.04998779296875
289.0299987792969
286.2699890136719
284.95001220703125
281.6000061035156
299.57000732421875
305.20001220703125
308.92999267578125
308.6000061035156
309.17999267578125
308.6099853515625
307.760009765625
311.9700012207031
310.20001220703125
310.0400085449219
313.0
311.1199951171875
310.6499938964844
309.8999938964844
313.70001220703125
