0.0
-0.027441371472127683
-0.08653605588107666
-0.08176520013597632
0.012749545505874774
0.04621112012068679
0.027421045922851706
-0.0008605124366667036
-0.04381768180203946
-0.09872677118430032
-0.078889638755968
-0.051992169713498
-0.06152781096651927
0.013955026606593451
0.06470833448703239
0.08311363265599649
-0.18666805468979353
-0.43871720883264254
-0.5192966877169342
-0.6420713035476434
-0.6244879520133039
-0.5541670956322774
-0.4583199560063438
-0.32684083067162106
-0.2206572625032095
-0.1360299246004104
-0.050532941904369855
0.001786575502394916
0.08991455627779166
0.20012905732063002
0.24966856314679797
0.27332802906934694
0.280179775128937
0.30038785170326143
0.3227562150549418
0.3222340626338941
0.304104992337754
0.2860463720457106
0.2504575022128337
0.2204923855168387
0.15491496270661614
0.09435205453860057
0.05712246230401419
-0.014714898812418054
-0.025310600789188786
-0.08050906887640852
-0.1114469649479295
-0.1833770430106192
-0.19257228290589123
-0.17301279972054884
-0.13861418742099224
-0.05428235041835672
-0.007406162669799987
0.06460718504976831
0.10952489224416861
0.13868443453831808
0.061672026407352365
-0.002047172941671338
-0.05345120194891595
-0.07964202050784386
-0.10698213844589455
-0.11039116895009421
-0.12964110904338733
-0.049663468186148085
0.006742199268352289
0.03965756584778457
0.06688293084129238
0.10044947368801671
0.12323816075501715
0.12822373123106146
0.1674453624294826
0.1803775492175418
0.14766305015359305
0.20450292849943436
0.21447236856628604
0.23362001236525487
0.25698391461452075
0.5479378475245523
0.7112277577211397
0.8462225847069075
0.8759815400779072
0.8158022607497158
0.7286266850816923
0.5993598695594806
0.43508119064431017
0.21308208838542453
0.0770996877587018
0.042188538576327206
-0.018898443096320827
-0.07017217764285033
-0.09330187462557915
-0.04567413143533239
-0.052454428652656704
-0.08456527844024708
-0.1396109732008335
-0.17838662507021086
-0.2147363262294224
-0.27014446059343555
-0.3205763443059255
-0.2796372197713699
-0.25824212696673776
-0.2770714496109826
-0.25822919165756564
-0.2595703334120425
-0.25758377449149605
-0.279831832381253
-0.2982350502781327
-0.32470920034118284
-0.3330542117703265
-0.2624694877642314
-0.2176291098023934
-0.2099243821463275
-0.2266976210245968
-0.20381011368686902
-0.17020118987607477
-0.0923173884307064
-0.07798571370808437
-0.05619733435217123
-0.05946733215633443
-0.0749456440338323
-0.0792245642785362
-0.10160645228895887
-0.16583864103447205
-0.2097986888750849
-0.20508494858141457
-0.19197917778435492
-0.17131039009584065
-0.15169957742634815
-0.13151946472806259
-0.09004286920009963
-0.049312365062754326
0.042534583313795005
0.10726345461429765
0.15518671853408805
0.23821219555033957
0.2783550334217923
0.3105790979671692
0.3392718649740047
0.22945689499024638
0.18548030992466533
0.13742734879528606
0.06222188307141989
0.01081269389370923
0.038253759012568646
0.09061654398320174
0.10650867264283148
0.11697303496040909
0.16278709751832676
0.18395089336829729
0.12431776989261561
0.08580886142902577
0.09235746300468273
0.030228640414169228
0.008014460433335757
-0.00973401627045506
-0.005861774994797009
0.014563118834008737
0.02064652817836965
-0.021553800975657122
-0.1102632864836528
-0.32788312972230804
-0.5375649387488172
-0.7185670566080902
-0.6502963644636248
-0.49489126463824684
-0.3659193647175062
-0.2875218827000938
-0.3266027158094825
-0.22975426751823158
-0.14160610499932902
-0.12894135225966696
-0.025473948624449516
-0.004476071175211538
0.03011139219644332
0.06942008735632421
0.06926415703480038
0.1322910719068252
0.19174739355147885
0.2217994393632452
0.18539175519947548
0.19815923220244258
0.18702096298346194
0.1725436185540457
0.16080653141704127
0.15039743838533204
0.09762779457732812
0.07190497555723752
0.1070770903732231
0.14833500280883466
0.2298350523040251
0.3381437982951805
0.3968185345334595
0.41593616170020525
0.4466007233528982
0.41869770516559335
0.3692721215988186
0.3081059359148526
0.23570349604786422
0.19397798277644474
0.18407450751810694
0.1693272327540416
0.15448386877633213
0.0940574957713185
0.09735843333933336
0.3961164426444066
0.6426879441564273
0.7183530286168256
0.735538681570711
0.6554191536896226
0.5106348763408286
0.4159855178881269
0.3765566359336181
0.33082790887021973
0.26556291420857336
0.22660672869589593
0.12270338928667934
-0.009720710523917653
-0.10264076852919501
-0.1956901197358465
-0.29306919480797244
-0.2974064246698298
-0.3529261435078803
-0.32959777814825286
-0.3077364220057277
-0.27702835720551455
-0.25770812659864517
-0.24212185183994972
-0.2687082887169332
-0.26866729291859603
-0.23983958462187283
-0.16521523494695622
-0.12158166623460165
-0.1632001735731401
-0.082115473398223
-0.04369603181031412
-0.028827479745218154
-0.07984991223007176
-0.0991152867204772
-0.19296662167020706
-0.1820650745175144
-0.17075676710883625
-0.10387582184287858
-0.0922243411885817
-0.18834230872169444
-0.2016740195532013
-0.1734458247318904
-0.12344372775172419
-0.1017011368989732
-0.07113718372442501
-0.016062858942450964
-0.002082988587684853
-0.05224110132360005
-0.1302784731616934
-0.16205179869263442
-0.24256483699765907
-0.405013114509723
-0.47918956259355394
-0.5051840715539812
-0.4659178378339937
-0.4901284619906635
-0.3851747465658993
-0.4329927042938815
-0.4652196485452187
-0.4428050798622024
-0.42076963272372603
-0.2638743044956018
-0.17749359597628445
-0.08327439178561136
-0.07376862039598397
-0.003456328934819286
0.24105089857843998
0.36375503675927545
0.3179765669872008
0.22379281207209
0.1470927920437241
-0.022176968799361096
-0.17098244014590336
-0.2592040756281997
-0.26849945468534486
-0.2559441389787005
-0.17679927522123817
-0.07370327996955228
0.08639327764256366
0.17407184985472623
0.2024327972101898
0.26824773873164287
0.20669577780910608
0.1733675066322663
0.1948190167685302
0.15075785975484718
0.0918515635788878
0.1618126179934984
0.22363134368639587
0.21469306285443676
0.1792540030681266
0.08525795550894144
0.06267742112379278
0.12227540670706831
0.10361943612757057
0.15216726815679987
0.1812329868426371
0.21657283106817404
0.27519676130192783
0.3159965592161373
0.24831541016342173
0.21390151906031213
0.1914445924812278
0.1574396278903254
0.13931810846270215
0.07371062970120684
0.09903539031505193
0.1268328950560259
0.1442231824826421
0.1640609027817287
0.15338632310964118
0.07721034021171069
0.0550556749496397
-0.010060958157966815
-0.059101984530794294
-0.09982858856830856
-0.10426363437352482
-0.06250754973976957
-0.03788007197199994
-0.007324281918228759
0.05854713889381247
0.08680781450984054
0.043228614421713885
0.019986889785456707
-0.25673080754992883
-0.4009005923530314
-0.5173384688309333
-0.5982624080797944
-0.6857825252761276
-0.7068305228675765
-0.6343608293189218
-0.6058231593038781
-0.5462240515242602
-0.47031194741308946
-0.36283189469505894
-0.28951260840054505
-0.15973982677943088
-0.0597342895518993
0.04394902151039326
0.08760463235612992
0.16645249503556347
0.13074267714749743
0.12818933719454062
0.09584325984578679
0.09671687336904766
0.061348030129324105
0.14218546034641155
0.22556467110696332
0.25715071976592097
0.29615157483098375
0.35303482424442695
0.36437108246817224
0.33169490771881355
0.2519678989839015
0.21208759059361626
0.17517691227251725
0.1397489871123282
0.08381445570589205
0.03563704266015939
-0.0818152885752482
-0.17061191830258504
-0.22555534179472392
-0.20227882937625158
-0.1919996342137698
-0.1772048140920655
-0.084646508249552
-0.03224574222803367
0.06378708750677453
-0.00946468182103799
-0.14156342011173828
-0.14949825261658228
-0.0731090177132735
0.02230046598995561
0.08373610064517023
0.12174231494696086
0.15555742345445978
0.17121654292647498
0.23299686001656308
0.2797104240495005
0.3349538227730047
0.3714625459213797
0.3890012779471401
0.3756129232443205
0.36183106203952353
0.27558655550577327
0.38330392060087615
0.4190867052634437
0.46311092476539484
0.47000855627344396
0.44390676741338286
0.35918762584618236
0.279003150736429
0.23394641218482093
0.17635974696179346
0.11991806406108485
0.09176833259387762
0.0845323970370413
0.10016422380666401
0.09908724381185641
0.08992064617395212
0.055537580826797495
0.036381224692976666
-0.013153303315730502
-0.04464002319523219
-0.11794562688986376
-0.1622965481641534
-0.19091015360480412
-0.20900095807192542
-0.21715711741347277
-0.20731479986887513
-0.1964456403584789
-0.17484434311994268
-0.17022437442030258
-0.16270053310216404
-0.17124905341921404
-0.20307294378448315
-0.2116163005632523
-0.20782877462170468
-0.2049715453697858
-0.19536027859936567
-0.19944315282003722
-0.27462024130788276
-0.25832650858729106
-0.2717580649869513
-0.28654294479604536
-0.22416667906641596
-0.17170754724525789
-0.15207370138807855
-0.1409331593055261
-0.06709420856897205
-0.014472386897168996
-0.006592585434282941
-0.03608869580232807
0.013448966909447094
0.04799275659097191
0.0259082099618638
0.022397068514670743
0.006409853025519163
-0.01657341362439771
-0.005685199650160427
0.006730174720001009
0.016883561346244635
0.03653588192831064
-0.008533036239366215
-0.042646063519694036
-0.07502691579461793
-0.060419271194377955
-0.061660366114871135
-0.031786524785286124
-0.020280081318057634
-0.03041543487341438
0.11815461540778419
0.2898556715649891
0.3802395525138219
0.3917143597679691
0.34138703429355993
0.27332897468920603
0.21497124632311893
0.15441385725309997
0.07934592549995867
0.00850990982669464
-0.07384854561337695
-0.01790638236377362
0.015891092227760417
0.01166419465464441
-0.09086695320839167
-0.13519791110544
-0.21827569976329375
-0.21548743918062108
-0.15662033274322262
-0.05193162619541963
-0.005578952500844281
0.052846983580306484
0.0997023141488318
0.07408089986427319
0.05845141095395756
0.04658017728177177
0.06310760868251725
0.012823315666186996
-0.09140830307568604
-0.1529433264034461
-0.12543021720969777
-0.12239387576046346
-0.02672754356355367
0.00844803886316664
0.08808551449814261
0.14271354637743583
0.2174062360093213
0.22942639161175604
0.2137751729321078
0.16962585641241923
0.2116506609284976
0.21565774739775012
0.20023976551130496
0.1736364457855124
0.12059982089399512
0.07583655006493628
0.017373116044286707
-0.033888823869167695
-0.12063049306043327
-0.1482065975636273
-0.18286453386364643
-0.20185850217170254
-0.175117230352549
-0.1679378684674655
-0.1615259234298807
-0.11791052351602183
-0.12638453556025842
-0.1240171863405033
-0.13128885093858644
-0.1349869587082464
-0.14679283622551775
-0.12188354323519307
-0.08903008909879928
-0.0310184445507507
0.014264334489702879
0.07660396929400154
0.20490458898441055
0.2295091390742684
0.19815546562502506
0.0952675618999339
-0.005160786693685249
-0.04005853057159281
-0.06706217191419395
-0.09839840496156782
-0.12292520407386581
-0.08992592328547178
-0.07217278396931992
-0.014964083410682005
0.008488187308529294
0.01655381066625511
0.016429290771596827
0.018160898478725485
0.006244961109075076
-0.01361408663020186
-0.01249079877257181
-0.01483933392863479
-0.04409585448960951
-0.07964940994590763
-0.03988470995489546
-0.0755212016755919
-0.08171089790681091
-0.08297316737759503
-0.07387126947011757
-0.02922650116079223
-0.01882231965896597
-0.0010263990910629461
-0.006331333819493912
-0.030927956343718532
-0.02541356936897149
-0.02997508956145195
-0.018846292564232703
-0.009272917025053895
-0.05093286670899855
-0.024125641674204196
-0.018295847653826802
-0.008647653491944463
0.0035456014519158474
0.021154483354175913
0.04054816031515038
0.06378035021367309
0.082311851517338
0.06738192806814619
0.06337862499449487
0.04395275109585223
0.037477213559004297
0.025332285359004947
0.003831143724225994
-0.016033741915692623
-0.0465589846236647
-0.08397457051149165
-0.07186298247753897
-0.06874745425247841
-0.08786935584800307
-0.0680344220417766
0.0034131135635334098
0.11813504103974534
0.20647241741842975
0.24253887870413948
0.2772222814335472
0.29263487385150766
0.3429955289004478
0.3441921528720533
0.3067065201135726
0.2430505329011401
0.1951310190481107
0.14318768291224582
0.10132946777113483
0.07860462353487296
-0.0025911483105567346
-0.06703365562243513
-0.10914796740320043
-0.07546047985784776
-0.18156549250182552
-0.2314678107930438
-0.25895377420894916
-0.2205813200277147
-0.1762616806252446
-0.1390709543236307
-0.05947907341427672
0.01010462491304065
0.07676513421789655
0.0728292513145129
0.07765451505677845
0.1768859838612229
0.2569318118509363
0.302301849755227
0.2992581707904627
0.24556338992880167
0.08643387131652158
-0.0610742464153482
-0.10344333569039754
-0.1572290595145296
-0.21435381548913757
-0.24009438931409843
-0.1951275048886858
-0.22454150043496168
-0.21428347492637445
-0.20282087957137862
-0.12947748960359773
-0.12492070945200706
-0.20427546398676188
-0.209706878764019
-0.2892960337024153
-0.2988528657325233
-0.3399141521708736
-0.29121871808159494
-0.27877591185416584
-0.19972760948720414
-0.10623311951415468
-0.04089067967374553
0.07686533765847112
0.18666292950038857
0.31018045748250156
0.4070354908278084
0.4416073320041386
0.4732507764654197
0.48755798469536515
0.43872191230452207
0.36718508952625883
0.3341112523233728
0.27953043857900595
0.16583033076885023
0.06979716834133132
-0.02432752373169378
-0.09822595348762908
-0.1681130241523886
-0.21803744236188882
-0.2114923189268656
-0.221106405083771
-0.19708312034750675
-0.19809721406867853
-0.26152452235779466
-0.22294260510071157
-0.12193767808095052
-0.07999738627670189
-0.02604007380767831
-0.07453360116790014
-0.09901390633245916
-0.13437534629576936
-0.08824314826206325
-0.08578542346179807
-0.0844698521591209
-0.07353602805560827
-0.06463704312551072
-0.04393098359193687
0.030415138199905878
0.12165131812917562
0.11694447513739958
0.0839909494956812
0.04252729124047716
0.07119623579206003
0.0591956090804287
0.09494986782752551
0.10366202650007095
0.13366056213756927
0.11322056239928735
0.12452163661514182
0.11080731312725844
0.1093213262329682
0.06555085641050118
-0.017255868340460667
-0.06079863274900765
-0.16346458710655343
-0.22404291291489398
-0.21690308551871829
-0.20357430916617048
-0.1483111349369089
-0.1012315933758981
-0.09151303421029844
-0.055734801346719764
0.04887352379676885
0.1112560036408331
0.16024110301095829
0.1793887011762516
0.18671824077832821
0.22220719080006168
0.2519186363922121
0.26247599344799855
0.24583581806852428
0.21756676904468275
0.20086386686215507
0.23011819981818848
0.22996070903095267
0.2114904119555755
0.16543548781941875
0.1271031529447637
0.4093132401864019
0.5595329007125502
0.5674574545165878
0.5297959064964535
0.5198501843466432
0.4768345456067369
0.4295760621755802
0.3473327521308385
0.2779523249778655
0.17113606985981633
0.06202009674859976
-0.025090230701173333
-0.0899548018372962
-0.21321400644385635
-0.2838020691250738
-0.38212301121949444
-0.4324513430287338
-0.3814278433468097
-0.3835563537811113
-0.3695121710501281
-0.31586921691419656
-0.21397196645982786
-0.24941854536749974
-0.21727489364273755
-0.19118173959923235
-0.37849705802219846
-0.4534037743031437
-0.40949830595552883
-0.38694228646790396
-0.25298514244458736
-0.09394057009354873
0.02675625072803489
0.08001497224533438
0.06058939108980688
0.17645222833314222
0.20279505299311762
0.16608027964265948
0.1067039601202191
0.054500895183370535
0.011320691624749468
-0.031624676686133
-0.04529620665757461
-0.05894454548786676
-0.08385404547366737
-0.07667271767979522
-0.050217011250228594
0.0100215031064953
0.1086754164415269
0.16280822547407636
0.1762550046081368
0.14139568635015354
0.11988404761316551
0.18800281731607504
0.1315260811378378
0.1936218814117887
0.20955374087003698
0.19140924278219829
0.2615493948443246
0.2985123718497802
0.28844979697407647
0.28643525341878906
0.3667749626683203
0.37434650773474565
0.2686878241302135
0.31715626801990493
0.26623533288856516
0.04467684322779242
-0.3552839960690093
-0.3915439710014801
-0.5193294715284746
-0.8803937108601152
-0.8708753312742117
-0.769272305253155
-0.6294792072104556
-0.45377440556561965
-0.2082153065175435
-0.09145389549955685
0.026735923387512517
0.015119661892543768
0.016530477435005464
0.15937297568575048
0.32110810471186413
0.320824786151385
0.2686910837486103
0.15490857981725692
0.07957335906433838
0.05699234658362484
0.010456665839249757
0.006205537365229774
0.03058070658282519
0.1698300590514239
0.2534160462993693
0.13186698391411222
0.0026855135628953697
-0.06771584819098253
-0.09168672676823686
-0.22102176098787174
-0.2846690475216559
-0.3599564070712823
-0.5679610171290751
-0.8418462552706469
-0.5529873147803595
-0.6215437773869492
-0.6391623780293477
-0.4973911744593186
-0.5574913633564009
-0.48825769210783054
-0.24921728960370682
-0.07972005735792942
-0.1029129425664318
-0.07376119389295882
0.08703329066670801
0.12196230021205395
0.25075251781859703
0.2893749189336744
0.37026753721390826
0.5242625081469463
0.617168098611864
0.6208344765824855
0.5171825401915027
0.44369413636485744
0.22730356264728724
0.022790636839176592
0.012528727029553766
0.09963964471847309
-0.003347854183635257
0.02115222573990705
-0.06531203408950748
-0.0858192149347976
-0.029891386006053566
0.06916578666091722
0.09609316922036404
0.1744601506633532
0.2703516595822659
0.29627887567656186
0.31078148524137417
0.25028435934042037
0.1798413597484405
0.055392997003448796
-0.02311693336852394
-0.0010186680137027615
-0.0025326763254749363
0.06164913171292974
0.06713748184181734
0.06092483114503455
0.022037874313097117
0.04698394302505271
0.04351626056891145
0.15378670718025989
0.26092957187980836
0.3369269005052573
0.3746105295705966
0.2635591380248177
0.21511403545755492
0.12308150302405485
0.06187930077317194
-0.022880071632516152
-0.05217713141209024
-0.16375765925167496
-0.1917774447277929
-0.21210414150534862
-0.16160399526536295
-0.18003301448869413
-0.2402886010572911
-0.40537923762160855
-0.45365388987127564
-0.5674595447784777
-0.5472392464719675
-0.5136639486158118
-0.38168635855557576
-0.34469038660714035
-0.26180544193729205
-0.10987209254427138
0.03231431295609516
0.13406141061060944
0.1786571536136619
0.3346579689894428
0.4896415399212368
0.5224282969843894
0.5752699155729506
0.5172620985334142
0.39865741850228975
0.4126681467001454
0.497276224779037
0.49229102509662637
0.6523749936292287
0.6265211659078247
0.43746535279083765
0.13141901906725462
-0.03948165198821485
-0.14917390251826257
-0.14485014759375647
-0.12129034975354136
-0.11088339503016131
-0.06689331980916546
-0.012941998282972822
0.017012504535974804
-0.023927690056480655
-0.11476091376973652
-0.09527316891066628
-0.21484973170381716
-0.2948544755927136
-0.3477426342462986
-0.42155116099475864
-0.5151294028310693
-0.4892989201715563
-0.42587810267702353
-0.3195520943815199
-0.16820549385662298
-0.03065243285731567
0.16131305506548332
0.260166430122597
0.32360214838047474
0.2969576548750421
0.04864672304585005
-0.10424707294362068
-0.23886041100416744
-0.2459250136399298
-0.12807934510654784
-0.026534598213759364
0.10611748990447567
0.2038459301863087
0.16624520449422908
0.1921957865920243
0.09153098224618428
0.13227851969967386
0.18391816785117987
0.22138920272239293
0.20730578801515165
0.145220898069661
0.11340872603122532
0.0719856923987443
0.10823268261376873
0.08252509402474972
0.04977732456622208
-0.13894185792410085
-0.30544527966661006
-0.4881663768412834
-0.4986915555489577
-0.8788700939608012
-1.095474250984218
-0.94617478712932
-0.932497295321614
-0.6597156449382539
-0.4728159023952412
-0.470995023812703
-0.4329519135912262
-0.3215212430352049
-0.3287449119998753
-0.6804359406682681
-0.4775494981207602
-0.40375761779373087
-0.5267848058341325
-0.574709269912574
-0.36752280074658716
-0.26381685557944556
-0.15769137141331524
0.015583929110862593
0.14907643931517378
0.5074813012193833
0.7029236310248375
0.6586558121729976
0.43177672753150986
0.2781244238197901
0.04760196097980729
0.0540141687822735
0.1255105193819187
-0.0649003570472021
-0.36083896162808293
-0.4315298240119828
-0.4482480814873109
-0.20970638976001799
0.002578070096306062
0.3985076259124418
0.5745338459797477
0.7062144680008859
0.833496438769196
0.6450393397555506
0.5376794112401811
0.16391055183893635
0.09803981239424325
0.11542619927895062
0.15127537921561657
0.18881383788548
-0.016855586629568903
-0.34627418426158085
-0.46588785083418394
-0.5334597142534946
-0.6849083509709419
-0.9496284245816231
-1.3216343331920521
-1.0663710792961303
-0.7996789837174427
-0.6279644614513364
-0.39762946746315775
-0.2457431772160783
-0.35911307991752395
-0.10548317001222629
0.08432201279204743
0.26291030566544915
0.4710930850922346
0.5492688388851996
0.5323125896670395
0.4585956615667639
0.588884844822362
0.6735809419906122
0.7473382372818643
0.8629139191422026
0.7656555005428697
0.7336320497873143
0.6442239787237642
0.6165172981221579
0.4322492205795213
0.15533486829021959
0.19061608825280235
0.07531481006098456
-0.10935102785258805
-0.033364037353128206
0.10763790630496367
0.11135954718169333
0.056029263255437445
0.04048790351219922
-0.001722570610901475
0.07303217158873293
0.10724676351345358
0.12486292501113938
0.20936290956112436
0.24344719469429676
0.18168755128269742
0.2720000895638388
0.40760159268061735
0.5035631204266082
0.5780741293397931
0.572651444801906
0.5192980253346944
0.47835910484639266
0.397117773599611
0.27546169734700365
0.17315332227444058
-0.0020429055848159017
-0.11928473885908542
-0.053385330046028745
0.02632963359561513
0.11620847471063422
0.1570653644867679
0.24319290308262587
0.37432325870988414
0.425101741058556
0.4084843032363219
0.5301690958693945
0.35634190478617533
0.24682435196724395
0.1598189650644679
0.0024134733809266784
-0.10790784031311196
-0.12844361719168784
-0.08686756058497958
-0.0664158409033595
-0.021196857174720307
-0.051482887841090896
-0.054636917265976415
-0.07176578486774687
-0.14062666185596706
-0.1384259559040677
-0.14062496414329573
-0.11451363364253409
-0.10495021470229915
-0.13027234434753154
-0.09414869642340618
0.017099884889145933
0.09234470879648349
0.22319298954634625
0.2468691451567664
0.4932142983614325
0.6481069297150119
0.6811987677928406
0.6952874955717938
0.4685887985326218
0.16879434874282406
0.11676046751549807
0.0029472596079984648
-0.2636055070698671
-0.4441160688859198
-0.5602226382128501
-0.5239377441155177
-0.7380980951337879
-0.7670243805091288
-0.6823293045422258
-0.42591845916057647
-0.3149416266685585
-0.3634006007178092
-0.3469631881041546
-0.28417749858740504
-0.33921280828057654
-0.36552077444174413
-0.38054474247107617
-0.4595937840954001
-0.4453074722900141
-0.5534967538522688
-0.8457520492745376
-0.779193017187754
-0.5309313777014975
-0.2239822803019521
0.20564055254420854
0.5372777801258721
0.6803991848947442
0.6892891142039088
0.7039058927886286
0.6750684262534967
0.6361997865470419
0.7135223299689553
0.7443962550690475
0.7894286161810999
0.7600419924931558
0.7342347227517951
0.3810509339849104
0.14983593011616092
-0.011021104098921874
-0.14548611722489602
-0.13413862832124268
-0.08401681723926568
-0.013304614972133422
-0.015050786557212703
-0.042940154452334234
-0.11118334506397431
-0.08027335415485792
-0.04226104125275709
-0.004883581480100929
-0.0017611247932109997
-0.1364163525727058
-0.2856027038743689
-0.37416092854947003
-0.41603238315595825
-0.3227518042631745
-0.2095414404102578
-0.05292002467370671
-0.002262190150915444
0.08654252091711201
0.10123117371108914
0.04485236326952746
-0.2701975547743698
-0.3556368645894963
-0.48013316881491397
-0.8467643194701151
-0.8864399840837482
-0.8377013899589865
-0.541462500661481
-0.4100766319733793
-0.4351966551830264
-0.25424358031768224
-0.4272009888370162
-0.5362494662289815
-0.42280279204860644
-0.18573373612071528
-0.10207988643242476
0.05229551720614958
0.08068957730904647
-0.1872554147835202
-0.21484333467103506
-0.20280078626076734
-0.19608304804097604
-0.01774729027656624
0.07888180630138283
0.019497132530387415
0.08301409591814311
0.27301235842444244
0.316639160145022
0.22530905238522153
0.06259915255504381
-0.04201350261350356
-0.01783916931623536
-0.016278897709823936
-0.07935387071203151
-0.048627199425690965
0.04386031748419217
0.2607309866915357
0.2768412874325189
0.25052098244543763
0.10524151783408858
0.13145411894138348
0.14860891646802005
0.031851937796931684
0.03568262227594404
-0.09323205436282794
-0.3277360641633084
-0.356918650908714
-0.24166529411366194
-0.2226151849527492
-0.2930724147682823
-0.15872237367577205
-0.011812827306948687
0.11742461454999106
0.18323402674508454
0.3426281009056094
0.34860193134174633
0.28538716076089865
0.0819142833818608
0.011607538720691424
-0.16813166163855542
-0.21966931186472116
-0.07086488670147512
0.07397904000243616
0.3789730511417997
0.45989237928238347
0.5954633499505378
0.5640952582616616
0.5299225019789238
0.5252076340159479
0.4792943726321075
0.3890889028419988
0.31325483017788613
0.34541731659489017
0.34387811993002493
0.3722054063250877
0.3709693614889098
0.38297050643885133
0.4757952021351224
0.5150483285875946
0.497071074160111
0.39070144584674704
0.27382021389916167
0.17180794405184496
0.1817122660229038
0.20722377572678097
0.2081612499575778
0.11467618167088789
-0.09014951730191534
-0.25234874421562825
-0.32897394526976687
-0.37655391453694254
-0.2915323726844017
-0.2682287465476074
-0.27400792140765695
-0.2460348071003282
-0.13590786002985045
0.004292853060447577
0.13747718869106995
0.14154444587036696
0.09733228298745233
0.13089387903637562
0.23411829665081774
0.2665713899984645
0.25044312145282976
0.2883784662780702
0.2937372402220104
0.17178871885325497
0.07049849646756856
0.16663309568732831
0.06710763412820375
0.0038113778263078046
-0.1521686007023635
-0.10499998609897965
0.03471823253892792
0.04954278473413165
0.15686603231946705
0.11898573128839596
0.1322069063316733
0.3002704918446386
0.4244275207306001
0.4159469762286534
0.3110649691964795
0.2666981167508764
0.08967044425725312
-0.23035297413621159
-0.24362509946046362
-0.10167240100942454
0.26820990806269185
0.29572162031718463
0.5341049831012725
0.9924137060753191
1.1819274409594929
1.4424177609806934
1.5090035895270981
1.7374945409169307
1.4727008074680636
1.1983440712876403
0.8485956894793878
0.6364721451744959
0.5355940168234739
0.39172436322831405
0.04184788499100556
-0.6084424960196397
-1.5308891511833673
-2.260642191426059
-2.512229470518492
-3.3443878635824156
-3.479595419859962
-2.7194166197128995
-2.6480432427169354
-2.0922364314568296
-1.9157625680782564
-2.008735190597161
-2.6600009307442263
-2.2648645447318425
-2.351967668920298
-3.1959959642686178
-2.271421298032111
-3.0372584922116754
-2.610004834583502
-2.5567169373381455
-2.193614234260969
-2.139842704538369
-2.023263764192655
-0.9926009636195019
-0.320182146424866
0.770282188745151
1.0682938393502432
1.9326257595866734
2.269381967049278
2.0560787459827745
2.0629089778919036
1.9103707111869168
2.4829185654743036
2.6305937813095372
2.7164863177388114
2.6489375135161586
2.505692603069405
2.81585559280204
2.748714245215651
2.8877866802196754
2.912495630598709
2.5321188649533126
1.6758868002389429
1.3882630194163315
0.9711675042587009
0.8263400461254253
0.6262151987132838
0.16181620983438805
0.3126285912594913
0.46773121372096504
0.2066158276994754
0.2664548827286204
0.3737468710641423
0.49537073665625275
0.5725249490670281
0.6177316712836927
0.7016795645034897
0.4024950917139529
-0.028249931376074677
-0.2928957040010758
-0.3208298794734965
-0.2543620756557772
-0.3249969930407479
-0.26588539554757595
-0.39980778823742646
-0.4993688489466779
-0.6999465543120929
-0.8126085350665457
-0.9038897083933768
-0.8306960049680678
-0.8012226153795323
-0.6393270073300665
-0.505484501547937
-0.5795222901592618
-0.34979860948348085
-0.14003915735097117
0.06439921154328498
0.6120169857155213
0.2208028984997843
0.02951626709593702
-0.0437304623715411
0.17984241030476422
0.32460772541840477
0.5016324461988813
0.4810451060975862
0.7571412963139239
0.9426167199215958
0.7141676653085316
0.655909229859521
0.2904293901122994
0.1414500267715013
0.32455605849399394
0.45785645917750095
0.5755205044664153
0.8596992971949398
0.7916860924437996
0.9533248173341935
1.0510623859867803
0.9646580638436362
0.3854540472775341
0.029739561970881567
-0.26878748176444844
-0.7583528126217178
-1.1437064563375046
-0.8180745720370464
-0.8003871746665814
-0.6014826513067408
-1.0772648509718135
-1.4399031918626504
-1.4674647049312703
-1.5597387640104645
-1.437207227075581
-1.3235859893300748
-1.1374403416175753
-0.24802346446774592
0.09290579459651838
0.25704162373725703
0.541130700213539
0.41968489461958924
0.0264941003555772
-0.5573131283853066
-0.547148494265449
-0.566031065280634
-0.5568055630288606
-0.4538716588907854
-0.3074135299048937
-0.33210614473603206
-0.03635669070622627
0.03383292246979974
0.10120254729431588
0.2976976795261139
0.685400237211335
1.2189259520061189
1.6152691708793343
1.536771278478037
1.4880116542787003
1.6255336007275947
0.6735955823541993
-0.19168911016800827
-1.5018670456861019
-1.7283984292445136
-2.1884528581889464
-2.473485250638118
-2.454653655639218
-2.1137620034747426
-2.0371665881834895
-2.024129225639178
-2.0712498832362423
-1.8508571090394477
-1.2959040507104378
-1.3046982884333524
-1.0616026537693717
-0.5414014150411064
-0.06564338861031604
0.11496076875989392
0.4358823206968574
0.7669466353260721
0.5491963118263417
0.6651558997374019
0.43002237466204374
0.5216066285974299
0.6096795344493596
0.9754479463505081
1.5168474917748498
1.8729246787027216
1.8691009276184487
1.6866929550941347
1.4746506670546895
0.9046204971504381
0.5126399436087967
0.23376940422858183
0.03605019934225284
-0.02075023973469814
-0.46419433835906343
-0.5308950066399001
-1.2336086665720627
-1.4905721396624665
-1.725058589061875
-1.7945776412416432
-1.4823775443860412
-0.5699381640264516
0.47690412571809165
1.1391240026020444
1.1553686814344692
0.6324173233256845
0.6220059759995605
0.507584831818932
0.47193565862684217
0.464116784453104
0.2503704413086154
-0.12074274594271173
-0.2695414076030984
-0.48564823591409423
-0.6198260398190168
-0.4370206800507842
-0.30280172801606553
-0.11922739227094453
-0.07488939656530069
0.0906218873171693
0.13302198080615402
0.07722677798765726
0.04240463307501963
0.010331268252750325
0.09587274082151231
-0.1280081028472923
-0.3468156121257291
-0.29363623213766205
-0.18697024967073392
-0.11640085491162427
0.26123714403984793
0.4912218298097016
0.5535812964180069
0.8145852461526182
1.0154404270397326
0.8932502731132992
0.8697028207140447
0.9378680500734773
0.8650754954631918
0.5998409747581863
0.431379560181238
-0.01766122082159738
-0.3037255584511538
-0.8459217766326377
-0.7722779748567417
-0.6153185826988476
-0.6337727992567581
-0.7872040460843528
-0.7620417867587304
-0.9263800547417654
-1.0105063511848773
-0.7721614610114027
-0.08014273573747538
0.39618214184246725
0.7337771760270876
1.1309756312999393
1.4923551347240331
1.666624431677346
2.059127490333683
1.7335177601011336
1.9064920461367794
1.8788648047088854
1.954328796134316
1.8000942823029362
1.5811769941311802
1.334695509856246
1.1465483629497717
0.8586240736894055
0.6884998612683084
0.524892866909326
0.2585167869950622
0.05533586099787868
-0.1557849163381153
-0.5142597030555143
-1.177426416698415
-1.6609909825311027
-1.8420296018628042
-2.256274703990311
-2.2186632959529193
-1.8200853011647475
-1.698935303963443
-1.9609190743531526
-2.09512018929698
-1.7736579016710285
-1.758869158256254
-1.2565962568926075
-0.966830562454357
-0.43587297567648464
-0.16923152755125226
-0.05377045902586551
0.20606413930012543
0.3144681472447137
-0.03900949618469857
-0.2836519129064142
-0.06306364920981752
0.17924059226455036
0.18528248616177193
-0.021317942164645304
0.11299732778745508
0.11035501145403337
-0.1154512349351074
-0.0025250692965068655
0.486553208265323
1.1935835316319547
1.4913632782675876
1.7210308743575773
1.9756469192275943
2.1801866278315467
2.175550651747881
2.195911726130075
1.8761486280135138
1.7902868104260756
1.6810563573127473
1.3523048619935754
0.9971174459877954
0.8203941180600944
0.39725088816752585
0.3125424651830411
0.2152202510640544
0.1158808175415178
-0.4794729469169212
-1.0113539236558777
-1.3634977671954998
-1.5807794084880271
-1.9378560685154183
-2.1839186741994263
-2.050239177153441
-1.7147017874085675
-1.7775061375340635
-1.806308194231203
-2.2089463298554133
-2.1011695414097105
-1.6047743940185173
-1.4034497030305921
-1.3389024551724815
-1.2238479148750296
-0.8685032230402666
-0.6772259539903778
-0.1556483858397012
0.24793943379956696
0.4811851705747653
0.4698947211370895
0.46758984402213877
0.300855623583717
0.17823806229175898
-0.005795126797132455
0.20700081759791217
0.5254314053544337
0.6203186217360623
0.712931803288485
0.9654805795115189
1.1113832944102895
1.2664130835084402
1.1908719936540373
1.0071621255626684
1.0501665511082332
0.9121736794435602
0.9639193413687774
1.1092577602021478
1.103998455919708
1.108046385180296
0.9179919520773359
0.9568510873682095
1.0698756317399005
1.0180825178166026
0.9399615289490217
1.1887145503641436
1.2411392162675536
1.3091586733904235
1.0753567061714042
0.8555497433375301
0.5813361273838922
0.5592107467622442
0.5590427473488129
0.37928005308389157
0.17209186053454584
-0.26262575925650644
-0.43047113579711915
-0.4359450614593241
-0.16860998113978898
0.17886587307013357
0.293104618918127
0.1338858109317389
-0.04893064187396501
-0.19855159011101442
-0.438409042337371
-0.6255255444862673
-0.6158271816111229
-0.6675815716244529
-0.5226010686766589
-0.45663869796992085
-0.5109058139245795
-0.6850213134606289
-0.7704047299893135
-0.6439707959916667
-0.37844532667127506
-0.12112203971391278
-0.09083797916138359
-0.2572040660872448
-0.0020920112906459565
0.6027442974544979
0.9278325315196678
0.9103662640916106
0.7676561127950006
0.4047563846787776
0.14850125241874856
0.17895234742365584
0.030999478763347632
-0.11515265020608645
-0.29245561038938117
-0.4365635367552496
-0.611945573995472
-0.7331602425867132
-1.0032127517792846
-1.2594908204425659
-1.3108639030696292
-1.1311216287999843
-0.6710529144341395
-0.35334521022964305
-0.5076676137877336
-0.9626423955083077
-1.19264198985895
-1.0575344047066277
-0.8769456204513388
-0.7512613034861158
-0.9820402131217278
-1.7709919338169755
-2.1541080996874054
-2.4212342351284972
-2.005188147974322
-2.01866203032315
-1.553202956866898
-0.8913841342910249
-0.30571403679457054
0.09117844552886156
0.30916856205673793
0.35630648609879745
0.5981227785685028
1.1400118396985879
1.5211629943186613
1.881505382973128
2.069056430046314
2.021437966270194
2.090429296667533
1.9082300212643952
1.6101678211797723
1.4435298431774983
2.071814116414871
2.402526367952021
2.9125632538826265
2.894078590970129
2.9222444492237543
2.7870790800707814
2.650468336449011
2.334105788177193
1.9999436232305658
1.541865132124327
0.7643237387760671
0.2582527739273335
0.11802989977719136
-0.10106419308876369
-0.09686360642632863
-0.19712841356927413
-0.19506735190494773
-0.1483171843374933
-0.4024155542688792
-0.7587282444982026
-1.0068127438293928
-1.7116610186794627
-1.6931958291726783
-2.047473390403228
-2.2592288623659806
-2.3705089947441893
-2.783461800031561
-2.7410285327981123
-2.0549559583851993
-1.5506829354090135
-1.3057876781821274
-0.5115494173733621
-0.2162902633722208
-0.7542013569725374
-0.675897745842025
-1.2388385179589618
-1.6193425949529976
-2.039911303835402
-1.7396711005317054
-1.093227904416594
-0.5432622434801375
0.3187792618844285
0.7586999879853227
1.0305081046456044
0.9678352164065009
0.6729834143998588
0.3377879124902221
-0.2720111913026859
-1.4610445061396642
-2.3009962496284455
-2.7031191133231047
-2.7991126607610965
-2.661183271830237
-2.2131538615681707
-2.658784703508216
-2.4308829130015948
-2.613671904568717
-2.5131146596514995
-2.388303819263336
-2.4944522010023267
-2.3569488871627478
-2.593146872985212
-2.017816621683388
-1.284228618609501
-0.14938061429796523
0.814057783309547
1.3024401099625926
1.9061133046474232
1.4669036363794508
1.4722340490762997
1.1348041057671328
1.1464711495688578
1.5677270197098023
1.2321529458857032
0.5320832429428961
0.10490899326558178
0.2225703489097448
0.2640629104236183
-0.2427396127672523
-0.6850926110809716
-0.8970100928895217
-1.4133827355899182
-0.7009796947633493
0.005563179287683795
0.5922489098441197
0.7321951754392702
1.1625922943107279
1.1429218113069863
0.7253477728209159
-0.23345321453605905
-0.977170394147711
-0.5422882041927481
-0.3832467143507108
-0.5711237200684467
-0.8446776164147227
-0.2405217241103239
0.6611975833337276
1.2915738491312911
1.9954101087829788
2.2903082512930513
2.7019666758348393
2.5547166854220795
2.644897734087818
2.5521355430513366
2.8185595099276624
3.1423033549695183
3.0783418581700213
2.5124422600691223
2.0809024868740837
2.0348047148480783
1.6128720452702616
0.5085843745995673
-0.12107672797940072
-0.820103309920786
-1.9906004873510406
-2.8476229280196854
-2.897705277268821
-3.284749555744299
-3.314044443813851
-2.8490058693375166
-2.329415074515179
-2.21939442773847
-2.445289857948289
-2.0046918459674483
-2.2619022309929324
-1.438131574628427
-0.3972867407151721
-0.45594570734519735
0.016728301348459595
0.1824118315382366
0.8415538131053077
0.4441915809378898
0.043266395880328545
-0.8195223093980486
-0.9629668459232974
-1.5309786307229443
-2.0925172282909124
-1.9157146038678743
-1.6250121854264004
-0.9591955372966936
-1.2435293919410464
-1.3526110409213459
-1.3200724902095091
-0.6441671258916442
-0.18099257819597092
0.3757815098573696
0.9918116564416959
1.8631458983202602
2.2887252273833205
2.5299187448371727
2.73987640477021
2.484152143133005
2.1542517372234915
2.1106070813005786
1.8711644852985332
1.2920104725003378
0.13295371334305717
-1.2608338165707655
-1.8987293800323632
-1.703439751745508
-1.8895559316924748
-1.6963143048250604
-1.0539429148899284
-0.58891683779094
0.14652023930671554
1.2110348111398297
1.6797676336742864
1.3892964117472033
1.4129687746064237
1.1689521060388284
1.1616752597908078
1.3337025507890843
1.611797877041397
1.8634571869510639
1.8941220336561493
1.6265464394993416
0.6916000769860535
0.01695141274981704
-0.31180148731211976
-0.32412266279968316
-0.4628342271941408
-0.17785156193876128
0.19606312418720062
0.5948226726492374
0.5369794454071845
0.38301768428343685
-0.16860635170634786
0.5767691017036528
1.5094834350462112
2.2941305932922695
2.4890602232581416
2.2691171985826646
2.4872812731744616
2.5500364888033356
2.3837538374295315
1.9591353748191924
1.6820362096701
1.8195240362053804
1.6311516329390434
1.6933334650213334
1.69292480274998
1.5013910884082584
1.1564789416916614
0.7461927963247952
0.13158031738493303
-0.8587005769643365
-1.578106840270129
-2.0443049509324105
-2.0859358497079796
-2.736480196432728
-3.224178991980743
-3.5386057777978697
-3.6713790069992918
-3.6475261706285353
-3.727123165406167
-3.7612520888452288
-3.268316018443582
-2.7448533220217746
-1.8718058805347644
-1.0604620980352353
-1.403234998779752
-1.4979748978425618
-1.8800622836137064
-2.0222694919208113
-1.9752572522141474
-1.92567144431524
-1.9639417408184032
-1.69788452582259
-1.575989734115253
-1.3819635678633277
-1.1861238132083862
-0.6329496749232728
-0.40858102410142294
-0.46686393525684444
0.0957048617439753
1.0368470849631937
1.6645177843372911
1.884791347988414
1.186763256255281
0.4295087987499908
-0.2527591072244153
-0.5849278279281354
-0.15880061540971813
-0.1836617097015738
0.445457683421405
0.9399432994819303
1.1311638329904943
1.2275534481034125
1.658705612036174
2.2196916177513817
2.717821560928157
1.6923954301401745
0.7045172825327155
0.6640179243189519
0.39723262776696844
-0.012345296194359534
-0.752213647127864
-1.5169277525118359
-1.4246779296654744
-0.8390083695461925
-0.322582898621806
-0.21795764319844224
1.0805287376385229
2.141627532221167
2.375037313956081
2.453648097500897
2.3834007086004543
2.2302276448807388
2.001860317804685
1.8160957891187426
1.79984029069944
1.859138580483924
1.7899680602407515
1.2798895536533894
0.7916976169771706
1.3774093844938615
1.6285226162254065
1.7028181648420935
1.329850499812557
0.6764752583767679
0.15638576748790367
-0.012024590082092779
-0.27087966950853204
0.006588956632730625
0.43462461182801126
0.671311245317336
0.23103849196648563
-0.3627344013038636
-1.0156603510025404
-1.312378457092498
-1.2856012003020099
-1.620598272739857
-1.7284110056329967
-1.8316555497114373
-1.9645707440408462
-1.5360220205727197
-1.2640033089775018
-1.0408477153722355
-1.5111367142393974
-2.152479475222684
-2.261984786781562
-2.054689846209426
-1.684369914624436
-0.8962299827432014
-0.15223981846768941
0.3965129385502584
0.81875206138435
0.7764851304924876
0.48564063161074866
0.8297940304430536
1.1735801985056011
1.3113677184239667
1.2530306467064412
1.6348399844132524
1.807381920339871
1.4775776476601492
1.5201092643487253
1.7801095028837206
2.5997082794418604
2.566062490570122
2.2915621299482867
2.664691756121895
2.676548926294138
2.309739408026183
1.8848428063262137
1.9992819485611975
1.9708745587868233
1.6138047355231988
0.7900828938251001
-0.08818779593826953
-1.037370405944741
-1.7089286906171193
-1.8853033064997637
-2.2999979918928597
-2.422908949766583
-2.458184206487627
-2.584879046946342
-2.246438385611021
-1.671201225975579
-1.139815827173015
-0.9355902415295574
-0.8001291623661506
-0.772395741008475
-0.9618501874373646
-0.6971211633232324
-0.061727644016355776
0.6311472461217266
1.712217125650624
2.4954772670944285
2.3797127272312983
2.259504266771163
1.9436578060694072
1.955104679994176
2.009645624573884
1.6306517798241815
1.1900838697563394
1.1416524953493568
1.2278974408695218
1.436547108957253
1.3681972525895585
1.1917854431944912
0.7761240937987743
0.8750852728146494
0.6850663236101733
0.044710756415645925
-0.3836749281266476
-0.29274817560603594
-0.5217924889388428
-0.5323148559754829
-0.6013014473755991
-0.6693977714546318
-0.8862822293916617
-1.0560343260799483
-1.4172383492756548
-2.026882450552982
-1.077263921588969
0.13289827577235336
0.9939864416032984
1.3253073957247699
1.4031100367629552
1.2598515924120548
1.1115876575098635
1.2353725569521918
1.0583284595583269
0.7219359463216399
0.7458261413323637
0.5133110274062274
0.1987534354586229
-0.047169006745393816
-0.12283893472787355
