46.540000915527344
46.25
45.540000915527344
45.4900016784668
46.720001220703125
46.900001525878906
46.36000061035156
46.060001373291016
45.619998931884766
45.40999984741211
45.16999816894531
45.56999969482422
45.47999954223633
46.08000183105469
46.79999923706055
46.2400016784668
42.11000061035156
41.15999984741211
40.790000915527344
40.349998474121094
40.22999954223633
41.04999923706055
41.36000061035156
41.86000061035156
42.150001525878906
42.209999084472656
42.18000030517578
42.209999084472656
42.5099983215332
43.150001525878906
43.189998626708984
43.38999938964844
43.04999923706055
43.290000915527344
43.650001525878906
43.91999816894531
43.79999923706055
43.88999938964844
43.65999984741211
43.54999923706055
43.09000015258789
42.880001068115234
42.81999969482422
42.150001525878906
42.189998626708984
42.029998779296875
41.84000015258789
40.86000061035156
40.61000061035156
41.279998779296875
41.150001525878906
41.33000183105469
42.220001220703125
42.4900016784668
42.779998779296875
42.75
41.439998626708984
40.91999816894531
40.83000183105469
40.90999984741211
40.540000915527344
40.310001373291016
40.119998931884766
40.18000030517578
41.310001373291016
41.040000915527344
41.25
41.40999984741211
41.38999938964844
41.38999938964844
41.68000030517578
41.81999969482422
41.15999984741211
41.68000030517578
42.529998779296875
42.54999923706055
42.79999923706055
45.650001525878906
47.220001220703125
47.70000076293945
48.5
48.599998474121094
48.400001525878906
48.18000030517578
47.310001373291016
46.02000045776367
46.15999984741211
47.52000045776367
47.369998931884766
46.41999816894531
47.56999969482422
48.029998779296875
48.04999923706055
47.61000061035156
47.18000030517578
47.27000045776367
47.0099983215332
46.81999969482422
46.189998626708984
46.619998931884766
47.38999938964844
46.59000015258789
46.619998931884766
46.619998931884766
46.81999969482422
46.20000076293945
45.84000015258789
45.66999816894531
45.459999084472656
45.689998626708984
46.130001068115234
45.900001525878906
45.02000045776367
45.29999923706055
45.36000061035156
46.16999816894531
45.9900016784668
46.15999984741211
45.619998931884766
45.54999923706055
45.5
45.029998779296875
44.36000061035156
43.939998626708984
44.099998474121094
44.060001373291016
43.95000076293945
43.31999969482422
44.029998779296875
44.5
44.56999969482422
44.95000076293945
45.310001373291016
45.43000030517578
45.970001220703125
46.2599983215332
46.439998626708984
46.47999954223633
45.20000076293945
45.099998474121094
45.79999923706055
45.25
44.790000915527344
45.2599983215332
45.93000030517578
46.5
46.45000076293945
46.68000030517578
47.540000915527344
46.33000183105469
46.2599983215332
46.84000015258789
45.900001525878906
45.709999084472656
46.4900016784668
46.52000045776367
46.56999969482422
46.70000076293945
46.29999923706055
45.65999984741211
43.06999969482422
39.720001220703125
40.38999938964844
41.060001373291016
42.93000030517578
43.38999938964844
43.099998474121094
41.65999984741211
41.880001068115234
43.279998779296875
42.20000076293945
43.20000076293945
42.90999984741211
42.75
42.939998626708984
42.86000061035156
43.08000183105469
43.84000015258789
44.08000183105469
43.33000183105469
43.599998474121094
43.310001373291016
43.5099983215332
43.27000045776367
43.7599983215332
43.209999084472656
43.04999923706055
43.65999984741211
43.75
43.91999816894531
45.70000076293945
46.220001220703125
45.95000076293945
46.5
46.91999816894531
46.5
46.560001373291016
46.529998779296875
46.529998779296875
46.900001525878906
47.02000045776367
47.02000045776367
47.11000061035156
47.09000015258789
52.25
52.5
53.58000183105469
52.86000061035156
53.220001220703125
52.619998931884766
52.619998931884766
52.900001525878906
54.060001373291016
54.0
53.959999084472656
53.560001373291016
53.27000045776367
53.459999084472656
53.189998626708984
52.529998779296875
52.849998474121094
52.849998474121094
52.97999954223633
53.779998779296875
53.27000045776367
53.75
53.58000183105469
53.689998626708984
53.790000915527344
54.0
54.29999923706055
55.060001373291016
53.93000030517578
54.099998474121094
55.290000915527344
54.9900016784668
54.5099983215332
55.0099983215332
54.0099983215332
53.68000030517578
55.09000015258789
54.7599983215332
55.529998779296875
54.029998779296875
54.22999954223633
54.5
55.439998626708984
55.43000030517578
54.97999954223633
56.060001373291016
56.290000915527344
55.41999816894531
53.38999938964844
54.540000915527344
53.63999938964844
52.06999969482422
52.150001525878906
51.459999084472656
52.060001373291016
51.29999923706055
51.56999969482422
50.34000015258789
50.060001373291016
49.099998474121094
50.29999923706055
51.2599983215332
51.650001525878906
51.54999923706055
51.02000045776367
51.25
54.0
54.5
52.650001525878906
51.2599983215332
51.369998931884766
49.560001373291016
48.189998626708984
48.66999816894531
49.52000045776367
48.5099983215332
49.75
50.130001068115234
51.45000076293945
52.099998474121094
51.529998779296875
52.279998779296875
50.97999954223633
50.20000076293945
50.61000061035156
51.099998474121094
50.65999984741211
50.91999816894531
52.15999984741211
51.779998779296875
51.709999084472656
50.58000183105469
50.599998474121094
51.86000061035156
51.15999984741211
52.380001068115234
52.630001068115234
52.7400016784668
53.400001525878906
54.0
53.45000076293945
52.93000030517578
53.459999084472656
53.7400016784668
53.72999954223633
53.33000183105469
53.45000076293945
54.900001525878906
54.86000061035156
54.56999969482422
55.0
54.459999084472656
54.209999084472656
54.22999954223633
54.31999969482422
54.29999923706055
53.7599983215332
54.88999938964844
55.06999969482422
55.11000061035156
55.209999084472656
55.68000030517578
55.4900016784668
55.41999816894531
50.77000045776367
51.630001068115234
51.09000015258789
50.54999923706055
49.560001373291016
49.349998474121094
49.779998779296875
49.599998474121094
49.459999084472656
49.72999954223633
49.65999984741211
50.0
50.189998626708984
51.0
50.91999816894531
51.040000915527344
50.75
50.36000061035156
50.29999923706055
49.81999969482422
50.400001525878906
49.97999954223633
50.400001525878906
51.790000915527344
51.36000061035156
51.77000045776367
52.08000183105469
52.439998626708984
51.84000015258789
51.599998474121094
51.88999938964844
52.099998474121094
51.869998931884766
51.4900016784668
51.040000915527344
49.060001373291016
49.56999969482422
49.689998626708984
49.5099983215332
49.81999969482422
50.029998779296875
50.15999984741211
50.95000076293945
51.150001525878906
49.52000045776367
48.040000915527344
48.66999816894531
49.79999923706055
50.5
51.06999969482422
50.7400016784668
50.38999938964844
51.06999969482422
51.54999923706055
52.470001220703125
52.790000915527344
53.18000030517578
53.58000183105469
53.209999084472656
53.54999923706055
52.93000030517578
55.529998779296875
55.7599983215332
55.779998779296875
56.2599983215332
56.5099983215332
56.11000061035156
55.720001220703125
56.04999923706055
56.13999938964844
56.310001373291016
56.4900016784668
56.66999816894531
57.45000076293945
57.779998779296875
58.02000045776367
57.81999969482422
58.029998779296875
57.619998931884766
57.959999084472656
57.27000045776367
57.22999954223633
57.27000045776367
57.20000076293945
57.2599983215332
57.849998474121094
57.720001220703125
57.779998779296875
57.689998626708984
58.099998474121094
57.61000061035156
57.29999923706055
57.0099983215332
57.41999816894531
57.209999084472656
57.40999984741211
57.18000030517578
56.209999084472656
55.61000061035156
56.04999923706055
56.029998779296875
55.97999954223633
56.75
56.849998474121094
56.75
57.08000183105469
57.630001068115234
57.380001068115234
56.83000183105469
56.68000030517578
57.66999816894531
57.209999084472656
57.34000015258789
57.060001373291016
56.970001220703125
57.2599983215332
57.279998779296875
57.41999816894531
57.869998931884766
56.88999938964844
56.400001525878906
56.31999969482422
57.119998931884766
56.869998931884766
57.40999984741211
57.400001525878906
56.65999984741211
59.4900016784668
59.93000030517578
60.79999923706055
60.470001220703125
60.09000015258789
59.58000183105469
59.91999816894531
59.25
59.29999923706055
59.11000061035156
58.52000045776367
59.779998779296875
60.150001525878906
59.20000076293945
57.630001068115234
58.0099983215332
57.279998779296875
58.31999969482422
58.810001373291016
59.970001220703125
60.29999923706055
60.41999816894531
60.810001373291016
60.25
60.130001068115234
60.209999084472656
60.52000045776367
60.220001220703125
58.939998626708984
58.79999923706055
59.560001373291016
59.79999923706055
59.79999923706055
60.84000015258789
61.130001068115234
61.720001220703125
62.2400016784668
62.529998779296875
62.29999923706055
62.119998931884766
62.41999816894531
63.029998779296875
63.119998931884766
63.40999984741211
62.79999923706055
63.209999084472656
62.83000183105469
62.72999954223633
62.029998779296875
62.130001068115234
62.119998931884766
62.029998779296875
62.040000915527344
62.540000915527344
62.279998779296875
62.43000030517578
61.95000076293945
62.349998474121094
62.029998779296875
62.119998931884766
62.20000076293945
62.369998931884766
62.56999969482422
62.939998626708984
63.45000076293945
63.54999923706055
64.88999938964844
64.80000305175781
64.26000213623047
63.470001220703125
62.75
63.06999969482422
63.13999938964844
63.22999954223633
63.220001220703125
63.31999969482422
63.97999954223633
64.12999725341797
64.0199966430664
64.16000366210938
64.44000244140625
64.30000305175781
64.44999694824219
64.05000305175781
64.19000244140625
64.13999938964844
64.05000305175781
63.7599983215332
64.0199966430664
63.880001068115234
63.619998931884766
63.810001373291016
64.19000244140625
64.25
64.4800033569336
64.75
64.56999969482422
64.1500015258789
64.25
64.30000305175781
64.68000030517578
64.72000122070312
64.12999725341797
64.12000274658203
64.7699966430664
64.76000213623047
64.3499984741211
64.6500015258789
64.94999694824219
65.36000061035156
65.44999694824219
65.19000244140625
65.27999877929688
65.44000244140625
65.4800033569336
65.44000244140625
65.36000061035156
64.8499984741211
65.11000061035156
64.94999694824219
65.01000213623047
65.16000366210938
64.88999938964844
65.13999938964844
65.44999694824219
67.0999984741211
67.5999984741211
67.62000274658203
67.58000183105469
67.69000244140625
68.5
69.12999725341797
68.70999908447266
68.63999938964844
68.48999786376953
68.41999816894531
68.68000030517578
68.91999816894531
68.12000274658203
68.04000091552734
67.56999969482422
68.16000366210938
67.43000030517578
67.13999938964844
67.43000030517578
67.5
68.37999725341797
68.44999694824219
68.91000366210938
69.5199966430664
69.7699966430664
69.80999755859375
69.44999694824219
70.23999786376953
71.80999755859375
72.2699966430664
71.94999694824219
71.5
68.58999633789062
68.12999725341797
69.95999908447266
69.43000030517578
68.80000305175781
69.22000122070312
70.3499984741211
69.87000274658203
69.94000244140625
69.70999908447266
69.91999816894531
70.44000244140625
69.18000030517578
68.79000091552734
68.08999633789062
68.73999786376953
68.0199966430664
68.22000122070312
68.12000274658203
68.69999694824219
69.19999694824219
69.75
70.55000305175781
71.30999755859375
71.95999908447266
72.72000122070312
72.66000366210938
73.44999694824219
73.27999877929688
73.16999816894531
73.12999725341797
73.5
73.80999755859375
72.31999969482422
72.54000091552734
72.41000366210938
72.48999786376953
71.44000244140625
71.8499984741211
72.23999786376953
72.26000213623047
71.75
72.05000305175781
71.3499984741211
71.27999877929688
72.94999694824219
73.04000091552734
73.16999816894531
72.4000015258789
71.93000030517578
71.69999694824219
72.3499984741211
72.52999877929688
72.06999969482422
72.4800033569336
72.55000305175781
72.05000305175781
72.83000183105469
73.80000305175781
73.63999938964844
72.9800033569336
73.3499984741211
73.5999984741211
73.83999633789062
74.30999755859375
74.37000274658203
74.55000305175781
74.5199966430664
74.06999969482422
75.04000091552734
75.01000213623047
74.30999755859375
74.11000061035156
73.8499984741211
72.91999816894531
72.98999786376953
73.16999816894531
73.30999755859375
73.87999725341797
74.30000305175781
74.19000244140625
73.70999908447266
74.95999908447266
75.54000091552734
75.86000061035156
76.13999938964844
75.94999694824219
76.37000274658203
77.29000091552734
77.3499984741211
77.25
77.37000274658203
77.3499984741211
78.22000122070312
78.76000213623047
78.45999908447266
78.01000213623047
78.75
83.61000061035156
83.11000061035156
83.11000061035156
82.87999725341797
83.12000274658203
83.4000015258789
84.08000183105469
83.93000030517578
83.83000183105469
82.9000015258789
83.2300033569336
83.45999908447266
82.9800033569336
82.69000244140625
82.94000244140625
82.23999786376953
82.25
82.73999786376953
83.04000091552734
82.77999877929688
83.30000305175781
84.0199966430664
83.18000030517578
83.33999633789062
83.22000122070312
80.69999694824219
80.9800033569336
81.43000030517578
82.0
83.33000183105469
84.12000274658203
85.08000183105469
85.16999816894531
84.52999877929688
84.87999725341797
86.2300033569336
85.2699966430664
84.70999908447266
85.4000015258789
84.91999816894531
85.02999877929688
85.22000122070312
85.55000305175781
85.5
85.5
85.97000122070312
86.56999969482422
87.43000030517578
87.5999984741211
87.86000061035156
87.41000366210938
87.23999786376953
88.44999694824219
88.01000213623047
88.75
89.66000366210938
89.66000366210938
89.73999786376953
91.54000091552734
91.58000183105469
91.93000030517578
92.58000183105469
93.72000122070312
92.0999984741211
93.51000213623047
93.58000183105469
91.5
88.0
85.25
89.19999694824219
84.76000213623047
83.83000183105469
87.93000030517578
87.80000305175781
88.41000366210938
90.62000274658203
91.80000305175781
91.01000213623047
91.48999786376953
91.36000061035156
92.36000061035156
94.25
94.19999694824219
93.62999725341797
91.83999633789062
90.86000061035156
92.26000213623047
92.94000244140625
92.43000030517578
93.7699966430664
95.0
96.04000091552734
93.97000122070312
93.5
92.83000183105469
93.91999816894531
92.11000061035156
93.0
92.20999908447266
89.66000366210938
87.08000183105469
90.4000015258789
88.51000213623047
88.87000274658203
88.4000015258789
87.51000213623047
87.88999938964844
87.7300033569336
91.4000015258789
89.4800033569336
90.62000274658203
91.63999938964844
91.4800033569336
92.43000030517578
92.44000244140625
93.41999816894531
94.87999725341797
95.5199966430664
95.33999633789062
94.05000305175781
94.62999725341797
92.41000366210938
90.27999877929688
93.0999984741211
93.91000366210938
93.1500015258789
92.79000091552734
93.19000244140625
92.44999694824219
92.91999816894531
95.0999984741211
95.05999755859375
95.05000305175781
97.05000305175781
97.04000091552734
97.30999755859375
96.33999633789062
96.62000274658203
95.83000183105469
96.01000213623047
96.80000305175781
97.19999694824219
96.31999969482422
96.80999755859375
97.86000061035156
97.2300033569336
97.91000366210938
98.61000061035156
99.16999816894531
100.8499984741211
101.52999877929688
101.9000015258789
100.37999725341797
100.54000091552734
100.66999816894531
100.75
100.55999755859375
101.0
100.06999969482422
99.41999816894531
99.5
101.12000274658203
100.87999725341797
99.62999725341797
97.30000305175781
98.75
97.4000015258789
97.26000213623047
98.33000183105469
98.0
98.94000244140625
99.02999877929688
99.66999816894531
101.25
101.86000061035156
101.0999984741211
102.7300033569336
104.08999633789062
104.5199966430664
104.31999969482422
104.72000122070312
103.88999938964844
106.08000183105469
106.12999725341797
107.26000213623047
107.5999984741211
109.5
106.13999938964844
104.76000213623047
105.37999725341797
105.41999816894531
104.83999633789062
106.81999969482422
107.55999755859375
108.16999816894531
108.76000213623047
109.5999984741211
108.37999725341797
108.0999984741211
108.04000091552734
106.81999969482422
107.30000305175781
106.69000244140625
106.4800033569336
105.8499984741211
105.77999877929688
106.87000274658203
107.55999755859375
108.51000213623047
109.79000091552734
110.2699966430664
111.44000244140625
111.5199966430664
110.22000122070312
108.0999984741211
107.51000213623047
107.2300033569336
108.36000061035156
108.88999938964844
110.51000213623047
112.12000274658203
112.44000244140625
111.86000061035156
111.72000122070312
111.04000091552734
111.93000030517578
113.51000213623047
112.22000122070312
113.75
113.73999786376953
114.19999694824219
113.68000030517578
114.7300033569336
114.44000244140625
114.93000030517578
111.62999725341797
110.63999938964844
109.33999633789062
110.80000305175781
105.79000091552734
104.19999694824219
107.12000274658203
106.94999694824219
108.94999694824219
109.55000305175781
107.83000183105469
108.20999908447266
108.23999786376953
105.11000061035156
101.58999633789062
106.1500015258789
104.76000213623047
101.62999725341797
100.11000061035156
105.38999938964844
105.52999877929688
104.9800033569336
105.9000015258789
106.27999877929688
109.4000015258789
110.91000366210938
108.76000213623047
106.0999984741211
106.63999938964844
104.47000122070312
103.91000366210938
106.80000305175781
103.55000305175781
99.3499984741211
102.23999786376953
102.0
104.58000183105469
105.36000061035156
107.86000061035156
109.02999877929688
109.36000061035156
110.7300033569336
108.20999908447266
105.0
104.30000305175781
103.88999938964844
107.44000244140625
109.04000091552734
108.62999725341797
105.5
101.70999908447266
102.5199966430664
101.3499984741211
98.77999877929688
97.45999908447266
93.9800033569336
93.95999908447266
96.4000015258789
99.5199966430664
100.44000244140625
98.94000244140625
97.19999694824219
98.93000030517578
100.9800033569336
101.70999908447266
103.23999786376953
102.37999725341797
101.63999938964844
101.26000213623047
101.87999725341797
104.95999908447266
104.76000213623047
105.91000366210938
104.86000061035156
105.33999633789062
105.33999633789062
106.19999694824219
104.66000366210938
102.16999816894531
104.33000183105469
103.18000030517578
102.3499984741211
102.7699966430664
105.95999908447266
105.52999877929688
104.29000091552734
104.26000213623047
104.97000122070312
105.4800033569336
106.70999908447266
105.66000366210938
107.36000061035156
107.77999877929688
106.29000091552734
106.87000274658203
109.81999969482422
111.26000213623047
111.16999816894531
110.87999725341797
111.7300033569336
111.66999816894531
110.80000305175781
111.2300033569336
111.43000030517578
109.87000274658203
108.80000305175781
110.9800033569336
112.6500015258789
113.77999877929688
114.33000183105469
114.58999633789062
116.05000305175781
116.98999786376953
116.70999908447266
117.08999633789062
117.04000091552734
116.31999969482422
116.8499984741211
115.5199966430664
116.12999725341797
116.95999908447266
118.0999984741211
118.5199966430664
119.1500015258789
118.37999725341797
119.37000274658203
118.63999938964844
118.58000183105469
119.54000091552734
119.91999816894531
120.37000274658203
120.56999969482422
120.0999984741211
120.54000091552734
121.30000305175781
122.56999969482422
123.83000183105469
124.5199966430664
128.8300018310547
129.02000427246094
129.35000610351562
129.38999938964844
127.69999694824219
125.5199966430664
127.25
126.11000061035156
124.22000122070312
124.75
123.56999969482422
123.81999969482422
123.04000091552734
123.69999694824219
123.69999694824219
126.45999908447266
127.91999816894531
125.76000213623047
126.58000183105469
126.5199966430664
124.73999786376953
125.97000122070312
126.05000305175781
124.04000091552734
124.77999877929688
123.31999969482422
119.01000213623047
120.6500015258789
124.20999908447266
125.5999984741211
128.25999450683594
132.0
131.27999877929688
130.7100067138672
131.55999755859375
131.63999938964844
132.52999877929688
133.57000732421875
133.80999755859375
135.72000122070312
136.4600067138672
137.0
132.72999572753906
133.60000610351562
133.50999450683594
133.16000366210938
134.97000122070312
135.33999633789062
136.2899932861328
135.72000122070312
135.3699951171875
135.8000030517578
137.02000427246094
137.8699951171875
138.00999450683594
138.4600067138672
136.52000427246094
136.22000122070312
134.6699981689453
136.4499969482422
137.3300018310547
138.02999877929688
138.85000610351562
139.32000732421875
140.3000030517578
139.3699951171875
139.8000030517578
135.0800018310547
136.92999267578125
135.25999450683594
130.77999877929688
133.2100067138672
131.8300018310547
135.92999267578125
136.4600067138672
135.24000549316406
135.0
133.6699981689453
132.25
134.72000122070312
136.88999938964844
137.24000549316406
138.0
136.2899932861328
132.8000030517578
133.89999389648438
134.66000366210938
133.5500030517578
136.91000366210938
136.27000427246094
135.6999969482422
136.47999572753906
138.75999450683594
138.1999969482422
136.4600067138672
134.50999450683594
135.08999633789062
136.8699951171875
136.57000732421875
135.66000366210938
136.42999267578125
136.52999877929688
140.07000732421875
138.25
138.44000244140625
136.8800048828125
136.02999877929688
138.44000244140625
136.64999389648438
137.77999877929688
137.0
133.5800018310547
133.22000122070312
136.4199981689453
137.02000427246094
135.6199951171875
136.97000122070312
138.25
139.5
139.52000427246094
139.80999755859375
139.52999877929688
139.02000427246094
136.55999755859375
137.00999450683594
136.25999450683594
135.61000061035156
138.6699981689453
139.1999969482422
143.50999450683594
142.64999389648438
142.7899932861328
142.99000549316406
142.97000122070312
144.16000366210938
143.91000366210938
143.1999969482422
143.77000427246094
143.75999450683594
144.72999572753906
146.05999755859375
146.27999877929688
147.0
148.27000427246094
148.97999572753906
150.1999969482422
148.4600067138672
148.5
148.82000732421875
149.9199981689453
151.32000732421875
151.52000427246094
151.27999877929688
148.32000732421875
146.64999389648438
149.1999969482422
149.47999572753906
150.27000427246094
150.91000366210938
150.75999450683594
150.3300018310547
151.02000427246094
152.8300018310547
154.82000732421875
154.4499969482422
154.17999267578125
153.75
156.2899932861328
157.27000427246094
157.1199951171875
157.39999389648438
158.22000122070312
156.72999572753906
156.4499969482422
158.3300018310547
158.05999755859375
156.50999450683594
157.32000732421875
157.9499969482422
161.02999877929688
161.17999267578125
161.25999450683594
161.72000122070312
162.57000732421875
164.02999877929688
165.42999267578125
166.42999267578125
165.67999267578125
165.27000427246094
164.4499969482422
160.1999969482422
163.07000732421875
165.69000244140625
170.7899932861328
169.5800018310547
170.39999389648438
176.30999755859375
178.41000366210938
180.05999755859375
182.47999572753906
183.25
183.5
181.85000610351562
182.8699951171875
182.64999389648438
185.5
186.47000122070312
181.10000610351562
177.25
163.22999572753906
167.64999389648438
168.2100067138672
157.97999572753906
152.0
162.30999755859375
162.25999450683594
165.6199951171875
165.69000244140625
156.0
150.0
152.5800018310547
151.14999389648438
138.5800018310547
140.72999572753906
135.0
135.0
135.02000427246094
139.0
135.86000061035156
132.52000427246094
141.27000427246094
144.44000244140625
148.3699951171875
149.1999969482422
150.00999450683594
156.55999755859375
150.82000732421875
150.36000061035156
152.19000244140625
157.5800018310547
163.25999450683594
163.5
163.3300018310547
162.3000030517578
168.0
169.24000549316406
172.89999389648438
175.8699951171875
174.99000549316406
166.11000061035156
170.82000732421875
170.91000366210938
170.7100067138672
173.3000030517578
169.38999938964844
171.8800048828125
176.22999572753906
174.00999450683594
173.8000030517578
179.89999389648438
181.6300048828125
182.5800018310547
183.36000061035156
182.85000610351562
182.3000030517578
176.5399932861328
175.67999267578125
177.0
183.9600067138672
183.49000549316406
183.94000244140625
183.2899932861328
182.5399932861328
181.10000610351562
176.60000610351562
180.3800048828125
180.41000366210938
181.4600067138672
181.35000610351562
183.5800018310547
182.3000030517578
182.00999450683594
184.44000244140625
187.25999450683594
191.00999450683594
186.07000732421875
185.17999267578125
184.00999450683594
191.4600067138672
193.69000244140625
194.0
194.3699951171875
195.22999572753906
201.42999267578125
196.55999755859375
195.47000122070312
194.8800048828125
193.5500030517578
197.74000549316406
201.77000427246094
205.0
208.08999633789062
207.99000549316406
208.69000244140625
211.47000122070312
211.0800018310547
206.5
202.02999877929688
205.02999877929688
202.30999755859375
201.38999938964844
203.00999450683594
208.02999877929688
208.38999938964844
202.14999389648438
197.50999450683594
200.86000061035156
201.74000549316406
202.00999450683594
199.57000732421875
199.00999450683594
210.44000244140625
210.30999755859375
211.57000732421875
211.5500030517578
210.92999267578125
206.35000610351562
203.13999938964844
204.75
208.14999389648438
207.50999450683594
208.9199981689453
209.2100067138672
209.25
208.91000366210938
212.85000610351562
212.42999267578125
213.10000610351562
217.36000061035156
219.39999389648438
226.5800018310547
224.30999755859375
224.42999267578125
227.35000610351562
214.9600067138672
205.19000244140625
202.1999969482422
206.6999969482422
204.11000061035156
201.24000549316406
204.02999877929688
206.92999267578125
204.63999938964844
199.9600067138672
196.25
196.3800048828125
202.0800018310547
200.02999877929688
199.1999969482422
202.5399932861328
208.05999755859375
206.80999755859375
206.5399932861328
211.32000732421875
205.5399932861328
206.97999572753906
204.82000732421875
206.72000122070312
208.32000732421875
211.22999572753906
216.80999755859375
220.42999267578125
219.1300048828125
216.00999450683594
219.32000732421875
213.72000122070312
213.08999633789062
213.1199951171875
211.6999969482422
213.16000366210938
208.10000610351562
210.3300018310547
202.10000610351562
203.3699951171875
199.6199951171875
200.1199951171875
203.1199951171875
212.4199981689453
221.14999389648438
218.02999877929688
217.8800048828125
209.72000122070312
212.1999969482422
214.4600067138672
214.16000366210938
214.52000427246094
214.0800018310547
210.92999267578125
209.92999267578125
210.0
208.16000366210938
208.86000061035156
212.4600067138672
214.0399932861328
210.83999633789062
213.35000610351562
212.8000030517578
213.64999389648438
213.17999267578125
212.99000549316406
212.88999938964844
211.2100067138672
210.36000061035156
209.11000061035156
212.8800048828125
212.24000549316406
214.72000122070312
217.9199981689453
216.02000427246094
217.27999877929688
221.85000610351562
220.8000030517578
221.1999969482422
223.02000427246094
223.5800018310547
221.47000122070312
219.67999267578125
214.80999755859375
215.6999969482422
211.94000244140625
213.7100067138672
217.02999877929688
216.72999572753906
213.32000732421875
213.92999267578125
212.74000549316406
212.02999877929688
212.6300048828125
217.2899932861328
222.4199981689453
225.8000030517578
224.22000122070312
230.0800018310547
230.13999938964844
235.08999633789062
231.35000610351562
232.42999267578125
238.69000244140625
239.25999450683594
240.3699951171875
240.4199981689453
240.80999755859375
241.3800048828125
240.88999938964844
242.14999389648438
242.72999572753906
242.9199981689453
240.94000244140625
240.86000061035156
240.17999267578125
232.39999389648438
228.72999572753906
229.0
227.8800048828125
229.5399932861328
233.14999389648438
233.4499969482422
227.25999450683594
224.25999450683594
226.4600067138672
227.1300048828125
231.6699981689453
232.0399932861328
234.30999755859375
233.22999572753906
231.80999755859375
235.94000244140625
233.22999572753906
230.3300018310547
229.35000610351562
230.13999938964844
237.07000732421875
235.32000732421875
231.57000732421875
231.5500030517578
231.8800048828125
231.10000610351562
232.38999938964844
238.0500030517578
242.6999969482422
246.8800048828125
247.19000244140625
252.0
252.44000244140625
254.6199951171875
256.8299865722656
255.16000366210938
257.7300109863281
257.6000061035156
257.82000732421875
256.8399963378906
257.25
255.63999938964844
257.2699890136719
260.1700134277344
260.1199951171875
252.9499969482422
249.0
249.60000610351562
251.1199951171875
245.75999450683594
245.82000732421875
244.69000244140625
251.1699981689453
247.1199951171875
242.57000732421875
238.07000732421875
241.4199981689453
245.49000549316406
243.52000427246094
242.89999389648438
238.60000610351562
243.86000061035156
244.74000549316406
247.50999450683594
250.82000732421875
250.75
249.25
249.55999755859375
246.9600067138672
245.83999633789062
243.0
247.50999450683594
249.80999755859375
252.50999450683594
253.2100067138672
253.6699981689453
256.6099853515625
256.79998779296875
257.67999267578125
254.4199981689453
256.010009765625
258.75
257.9200134277344
262.3999938964844
264.42999267578125
265.4700012207031
264.760009765625
265.9100036621094
267.9800109863281
269.6000061035156
269.6000061035156
272.5
274.29998779296875
277.1499938964844
274.8699951171875
275.32000732421875
276.5799865722656
277.3900146484375
280.54998779296875
279.8299865722656
279.4599914550781
274.45001220703125
276.260009765625
277.2900085449219
283.4200134277344
286.5
286.6400146484375
282.95001220703125
283.8299865722656
286.0799865722656
283.9100036621094
283.739990234375
284.0
284.6499938964844
286.1000061035156
287.6199951171875
287.80999755859375
285.20001220703125
285.8599853515625
286.3399963378906
289.29998779296875
290.0199890136719
291.0799865722656
290.2699890136719
288.6400146484375
298.05999755859375
301.8500061035156
302.0
300.4200134277344
298.95001220703125
296.8299865722656
301.05999755859375
301.5
301.489990234375
300.17999267578125
300.260009765625
298.20001220703125
297.4700012207031
297.0
295.3800048828125
294.0799865722656
298.1000061035156
301.82000732421875
300.760009765625
299.5299987792969
289.5199890136719
294.07000732421875
294.510009765625
297.5299987792969
296.92999267578125
292.94000244140625
282.75
283.010009765625
281.6199951171875
281.2900085449219
280.25
284.04998779296875
285.510009765625
293.9200134277344
293.760009765625
292.75
292.3500061035156
293.489990234375
297.8299865722656
300.5199890136719
302.69000244140625
307.2200012207031
306.1099853515625
306.3599853515625
307.79998779296875
306.4599914550781
308.6000061035156
316.0
321.3599853515625
323.8999938964844
326.3699951171875
330.0
330.6499938964844
329.510009765625
334.4200134277344
334.44000244140625
334.5299987792969
329.9200134277344
330.510009765625
333.7900085449219
334.0299987792969
335.510009765625
338.0
337.1199951171875
342.20001220703125
339.54998779296875
333.55999755859375
333.9100036621094
328.1199951171875
334.739990234375
328.989990234375
329.3900146484375
327.79998779296875
318.0299987792969
319.2300109863281
330.1000061035156
330.79998779296875
332.1199951171875
334.7900085449219
339.0799865722656
324.1099853515625
324.5
323.0199890136719
317.25
317.57000732421875
319.79998779296875
325.75
332.7300109863281
335.42999267578125
340.32000732421875
339.67999267578125
338.82000732421875
335.8500061035156
329.7799987792969
326.1199951171875
315.9800109863281
311.489990234375
310.0899963378906
304.69000244140625
309.8900146484375
317.0799865722656
304.0
303.75
301.739990234375
302.70001220703125
301.1400146484375
295.6099853515625
276.04998779296875
285.1700134277344
293.0299987792969
297.92999267578125
294.45001220703125
306.3699951171875
305.1300048828125
308.8800048828125
299.9599914550781
299.9700012207031
299.8999938964844
299.95001220703125
307.3900146484375
300.70001220703125
294.2200012207031
291.3500061035156
297.0199890136719
293.67999267578125
290.0
286.30999755859375
284.5
280.1000061035156
271.5199890136719
291.6499938964844
293.0
292.1499938964844
293.70001220703125
294.04998779296875
287.1700134277344
278.5299987792969
270.0
280.7799987792969
280.5799865722656
279.42999267578125
275.82000732421875
278.7300109863281
283.20001220703125
289.3699951171875
292.7300109863281
294.8999938964844
298.7699890136719
297.7200012207031
298.32000732421875
299.2900085449219
304.3299865722656
309.04998779296875
311.5799865722656
307.8900146484375
305.5400085449219
309.7099914550781
309.8699951171875
296.7099914550781
296.3500061035156
296.2799987792969
285.0
280.489990234375
281.29998779296875
279.32000732421875
278.3399963378906
278.4100036621094
285.3699951171875
280.05999755859375
273.3800048828125
270.7699890136719
270.0
279.1600036621094
281.4599914550781
276.5
276.2200012207031
280.1499938964844
276.7300109863281
274.3399963378906
271.2699890136719
263.32000732421875
265.07000732421875
259.29998779296875
250.02000427246094
255.35000610351562
255.77999877929688
262.4599914550781
252.77000427246094
251.8800048828125
246.44000244140625
253.42999267578125
253.5
257.1300048828125
261.42999267578125
267.55999755859375
268.92999267578125
270.0400085449219
261.6000061035156
268.4100036621094
267.2200012207031
265.94000244140625
269.6099853515625
264.6300048828125
252.52999877929688
241.52999877929688
241.50999450683594
246.4199981689453
243.02000427246094
244.02999877929688
249.50999450683594
250.3699951171875
253.6300048828125
261.7200012207031
263.2799987792969
256.32000732421875
255.75999450683594
252.89999389648438
254.61000061035156
254.74000549316406
262.3999938964844
265.0199890136719
263.2900085449219
262.17999267578125
252.0399932861328
248.11000061035156
245.94000244140625
254.77000427246094
253.3000030517578
253.67999267578125
258.9100036621094
257.0299987792969
259.07000732421875
256.80999755859375
249.57000732421875
258.8500061035156
267.8699951171875
276.6300048828125
275.8399963378906
272.3800048828125
276.6099853515625
280.1700134277344
278.67999267578125
279.32000732421875
277.6099853515625
286.94000244140625
286.510009765625
286.94000244140625
290.1099853515625
290.4200134277344
289.4700012207031
289.0799865722656
285.55999755859375
277.2200012207031
275.3999938964844
275.1099853515625
274.5199890136719
267.9800109863281
263.8500061035156
260.6600036621094
261.3299865722656
255.41000366210938
254.47000122070312
251.94000244140625
253.22000122070312
254.7899932861328
260.2900085449219
265.1600036621094
251.58999633789062
249.86000061035156
244.02000427246094
242.05999755859375
240.85000610351562
239.63999938964844
238.89999389648438
237.57000732421875
235.1999969482422
236.89999389648438
234.5
234.72999572753906
234.41000366210938
232.72999572753906
234.66000366210938
244.97999572753906
244.10000610351562
246.0800018310547
233.1699981689453
226.72999572753906
224.11000061035156
223.9600067138672
219.1300048828125
228.33999633789062
235.13999938964844
235.3699951171875
234.2899932861328
234.8699951171875
234.5
241.3000030517578
245.8300018310547
230.05999755859375
225.77999877929688
226.0500030517578
231.14999389648438
227.3300018310547
220.0399932861328
213.97999572753906
213.42999267578125
221.27999877929688
225.83999633789062
224.3300018310547
235.0
241.92999267578125
239.2100067138672
240.02999877929688
240.4199981689453
237.6300048828125
239.02999877929688
241.19000244140625
240.7100067138672
244.27000427246094
246.72999572753906
240.8000030517578
238.2100067138672
239.86000061035156
250.9199981689453
249.69000244140625
248.05999755859375
243.77999877929688
242.2100067138672
243.05999755859375
244.16000366210938
247.1699981689453
253.07000732421875
254.30999755859375
247.33999633789062
243.50999450683594
238.7100067138672
238.4199981689453
240.11000061035156
233.8699951171875
233.94000244140625
235.8300018310547
234.1699981689453
235.64999389648438
236.66000366210938
237.39999389648438
225.9600067138672
221.75999450683594
219.35000610351562
226.41000366210938
227.3300018310547
231.11000061035156
233.55999755859375
234.9199981689453
237.08999633789062
235.52000427246094
230.67999267578125
234.50999450683594
239.64999389648438
240.44000244140625
230.89999389648438
242.0
246.8300018310547
242.1999969482422
242.9499969482422
245.47000122070312
257.25
257.1000061035156
254.77999877929688
260.0799865722656
266.2099914550781
262.79998779296875
260.6600036621094
267.1499938964844
269.2799987792969
266.17999267578125
261.8999938964844
256.0
251.58999633789062
250.33999633789062
250.47999572753906
248.10000610351562
249.38999938964844
248.72999572753906
245.7899932861328
245.61000061035156
251.38999938964844
255.97999572753906
253.38999938964844
250.80999755859375
251.5800018310547
247.60000610351562
245.72999572753906
255.86000061035156
259.2099914550781
263.2799987792969
276.32000732421875
269.8500061035156
269.5199890136719
272.17999267578125
275.20001220703125
275.2799987792969
275.5199890136719
272.04998779296875
278.4100036621094
281.4800109863281
283.0
283.95001220703125
285.6700134277344
282.9200134277344
282.0299987792969
284.7099914550781
281.6400146484375
281.9599914550781
283.1700134277344
283.69000244140625
286.1600036621094
287.010009765625
284.5400085449219
285.0799865722656
283.05999755859375
278.7200012207031
275.3699951171875
292.7300109863281
295.25
303.30999755859375
305.1499938964844
303.9100036621094
304.0899963378906
303.3999938964844
304.2699890136719
306.0899963378906
306.30999755859375
307.6700134277344
306.260009765625
306.6000061035156
307.5899963378906
309.95001220703125
