0.0
-0.034301714340159606
-0.11503041271937775
-0.1307008570082715
-0.03299872498995171
0.012015629655032
8.081693790984446e-05
-0.02841586953077524
-0.08232745934665786
-0.1619182415249938
-0.16180351878565347
-0.14790409217155798
-0.17282168616620908
-0.093850091941448
-0.02691970043925096
0.012264005893712238
-0.30418469512452617
-0.6659131514755359
-0.8763168022890611
-1.1596092440066812
-1.2981478804756676
-1.3663687980027106
-1.385101647378363
-1.3353327297115456
-1.2843134771689364
-1.2336936204162399
-1.1608298731962918
-1.1080637119139283
-0.9974570920690837
-0.8372103266960877
-0.7252536800832203
-0.6332622068933347
-0.5563655170515105
-0.4610604775513707
-0.358003060435955
-0.2779666971985293
-0.2200695194102309
-0.1666165466908467
-0.13959104097051522
-0.11443306128730057
-0.14128174342086908
-0.17825663795423452
-0.20120561461281739
-0.2767217004323541
-0.29364505260642204
-0.36897078791274396
-0.4277704252212473
-0.5455447640365918
-0.6028830746583367
-0.6265767914031315
-0.626831725958823
-0.5560704765607767
-0.51104582947967
-0.42288068549765967
-0.35058175524221724
-0.28675110431348827
-0.3483455058426159
-0.41257649842705746
-0.4773433279215311
-0.52344465160742
-0.5775303041569444
-0.6085371268986677
-0.6601973442528077
-0.5926355704421056
-0.5345443531705172
-0.49171459512913884
-0.447768497425308
-0.3890895861565795
-0.3354913589008248
-0.2984498556170152
-0.2173668838112235
-0.15934030971877888
-0.1551390462443294
-0.047173435773629535
0.016414096434793635
0.09396674332507615
0.18157662422797216
0.6095150190191418
0.9506118686460141
1.2971623418085088
1.5459166821989854
1.689687968058223
1.7846690636606226
1.8052422155282812
1.7497338342741884
1.581005254111659
1.4642977754246118
1.4399337608863192
1.374122168439591
1.3053053894823492
1.2588502238432255
1.2950594341746395
1.275165529794151
1.2219133603964991
1.1319649223357047
1.0485926141987747
0.9585588314822076
0.8356145819698355
0.7050386121808643
0.6760684317725776
0.6329029928355254
0.5448058077885349
0.49909076782756046
0.4328570427200731
0.3704476580177456
0.27824164203267543
0.18527966156626263
0.07762821141791676
-0.013980352953808506
-0.009013000888771217
-0.018579900377531544
-0.06335626825804752
-0.13680391239246603
-0.16486893347645548
-0.17381030713467993
-0.11900585279698817
-0.12417060650138723
-0.1164315607335169
-0.1345683915767637
-0.16878311446271965
-0.19286817577705762
-0.24065167685972
-0.3463435258638512
-0.4427532459232353
-0.4893107427749186
-0.5241997664239477
-0.5463585762593937
-0.5646726579464882
-0.5773724114302183
-0.5584065332022803
-0.5300041203306236
-0.4275235261256256
-0.3359787911715486
-0.24925884761823625
-0.1066803217143999
0.003051274512500868
0.11292011354967002
0.2264308468000067
0.17398010056380997
0.17637359297939526
0.1626774690488375
0.10302747409282631
0.054321458388542965
0.09132596326054454
0.16634288422697807
0.2088621810473157
0.24856980210499557
0.33508063904249497
0.40223215823453984
0.3736784772320121
0.3566217841256787
0.38625975145250635
0.33168808896553514
0.31147752409303564
0.2912955433216311
0.2937023408485899
0.31776801438589786
0.3290130557748512
0.28142427637691014
0.16514896924800126
-0.13444165642123096
-0.47851470013494435
-0.83915858214624
-0.9334619811176808
-0.9017796974518646
-0.8642876387105005
-0.8577706273681116
-0.978502139429871
-0.939092258018178
-0.8863456217491077
-0.9059162070743625
-0.8088172905952575
-0.7889384309398224
-0.7468231195190569
-0.690159402520095
-0.6729992935829188
-0.5768996107341877
-0.4695064407016645
-0.3840045350490868
-0.37406428041298767
-0.3117569953594099
-0.2761400238325251
-0.24748146362342993
-0.21901691790617406
-0.1918266513415503
-0.22018934650522226
-0.2279359216360035
-0.16599453422671218
-0.08765287108889197
0.05130594148230472
0.24415063704725526
0.4020300069188991
0.5251316745106962
0.6674464170016137
0.7442178251057072
0.7871102719386371
0.8029705702333843
0.789494004378362
0.7962629868010538
0.8323781384222428
0.859962671846688
0.8837402750630616
0.8468282760008776
0.8744688219037258
1.2722559418699007
1.6794994294210284
1.9347527710356331
2.1358230943821965
2.219558354923514
2.2024327966599273
2.2117798176792576
2.2664900947081534
2.30346834486231
2.3045940787528068
2.3222895754141035
2.2490620833265567
2.1142078058849805
1.9956275557474044
1.8536556746067916
1.6830093008326727
1.604320464803358
1.4605692100883374
1.4014981309109018
1.3464253815519953
1.30787635705083
1.2627695560080383
1.2178253678067463
1.1240618587505296
1.0569360313192178
1.0258038434604728
1.0591243843986504
1.0723625365523546
0.9899439858205312
1.0504998176458926
1.077995251281223
1.0856569334100143
1.014672022867643
0.9706278266971182
0.8285348363298368
0.793920114853151
0.7625392304846201
0.8034512202898583
0.7920466156470098
0.6488430709334736
0.5850928552136665
0.5699595938520048
0.5891007588942401
0.5854180655222478
0.5981977227656898
0.6492563328120511
0.662715456019896
0.5994970679530809
0.4888900778245642
0.4166038026204646
0.2754495550660252
0.011747998926530556
-0.18222583980568885
-0.3345163666546114
-0.41172959239312235
-0.558472332047458
-0.5498123032641686
-0.7058784370656213
-0.8544102934532631
-0.9426969947357975
-1.0258539557782527
-0.9349272036740288
-0.8929198941487826
-0.8195192879045123
-0.8284556716138809
-0.7590074623864211
-0.45423751022855186
-0.24059461285789752
-0.20687894088317194
-0.2451144927802602
-0.2850413147976951
-0.4598553178406206
-0.6514063992236387
-0.804429053612985
-0.8808492963414665
-0.9322800153794972
-0.8973349704273446
-0.8126647951680468
-0.6309699181452899
-0.4997733834694458
-0.42080423681143486
-0.28792736060707114
-0.29780537707733146
-0.2877917715961047
-0.2176355072677083
-0.22400719934267954
-0.25995060462391706
-0.1495363957109319
-0.03180983409643545
0.012925150785214612
0.0222995917659361
-0.05038196691601371
-0.05729314602021418
0.03287369123982842
0.040122579692223326
0.12671222876065258
0.20108619415714912
0.29056924614972957
0.41799236670896533
0.5377913044272091
0.5321890079153491
0.5512504965773175
0.5766547181185402
0.5820096605002192
0.5987176681882715
0.551537846852078
0.6016214550446861
0.6611271835496666
0.7145732665969433
0.7754262125914622
0.803098213696785
0.7462248158517824
0.7378340693271213
0.6702021966800231
0.6063856741744971
0.5407019229949057
0.5102009685963083
0.5363301657951212
0.5514876255698908
0.5802123451441048
0.6607205506795992
0.7106831799230875
0.6779111334403893
0.6596661312504963
0.3187657320276287
0.07437079913626832
-0.17140169454936682
-0.40189123581817654
-0.6608569843335417
-0.8586126126418847
-0.9447331264229604
-1.0676512462338863
-1.1446081513353334
-1.1862740340774351
-1.1695019550331693
-1.1685608208387919
-1.0787229959125355
-0.9936510310729787
-0.8789804646330879
-0.8134236956983187
-0.6929627092599944
-0.6959868578611861
-0.6664928635155078
-0.6748781259028149
-0.6498252940372922
-0.6698571297446847
-0.5534733344409943
-0.41370295590370176
-0.3178292273032639
-0.2047904785304553
-0.0596485230559054
0.042780505784882905
0.09302805796522762
0.0762930239762909
0.08943461323440971
0.09631816298144003
0.09582748459933299
0.060846567119369865
0.021578414738677054
-0.11632773864054258
-0.24777734794352568
-0.35910960688434557
-0.38640280180993614
-0.42412351520089686
-0.4536298986022089
-0.38223321982208347
-0.3378938893575736
-0.2259142877460718
-0.3015322275291439
-0.46902182084777877
-0.5143312165067684
-0.45621923603177805
-0.3552346358310601
-0.27286497601455295
-0.20442318297602213
-0.13171871860490825
-0.07325546340127431
0.04677406869295453
0.16341523873826702
0.3023970931550224
0.4317714527837424
0.5465605042962878
0.6270753804045484
0.7037512847096323
0.6864034170523254
0.8899467622976474
1.030501223276076
1.190303173969376
1.314702944545786
1.3995778475390708
1.404655612433416
1.3942219250077699
1.407651789502367
1.394155061019788
1.3676928941343505
1.3624852458156127
1.3763824095180368
1.4170552922393256
1.440750123197482
1.4540636871030657
1.4335650169626106
1.4235039670020342
1.3706811131643946
1.3280343874860847
1.2252423770689873
1.1403173187536595
1.063976174911808
0.9936351309267053
0.9311896922317899
0.8892033098091687
0.8509610592299452
0.8288512706884958
0.7909151457830603
0.7577638538256579
0.7064030701538044
0.6238109438424146
0.5623635119228325
0.514193844208954
0.46580818711842653
0.4265793842390053
0.3726357218133245
0.2288035729985083
0.18051567857227724
0.09914460592587915
0.012723989917773793
0.019058585880799228
0.02859083089064285
0.010206251400802557
-0.013886496343026522
0.04317890225128451
0.09218262719879533
0.09841428230311067
0.05989599798448353
0.11279590242362048
0.15933788125288828
0.14373038711424613
0.14581851279572078
0.13143376056294898
0.10430714050693268
0.11377405456862988
0.12787197261879157
0.14224624958159637
0.17103254064574003
0.12383036341822162
0.07905582025797031
0.027918239034391945
0.027421065836037428
0.010764879386826465
0.03269208952008995
0.03912851265780404
0.0213893003840937
0.19949800451723831
0.4436629785656905
0.6291067476429788
0.7385101448391183
0.7735295779380991
0.7738037620060467
0.7691888452207394
0.7472349204639954
0.6920034700858437
0.6232949318692533
0.5224743400258376
0.5739399076844975
0.6117101553329718
0.6103993064235169
0.48515142025838287
0.4070209845849746
0.2693742709862974
0.2182906717738149
0.23800269502540772
0.32970849502435584
0.3746664305937202
0.4463041125699476
0.5180850216756809
0.5109838323571907
0.5099671961853645
0.5097410068336217
0.5420453404049965
0.4949668763052131
0.3678831817944186
0.268112326865797
0.2642678817571209
0.2367057542662394
0.32569020057226084
0.3629777927147728
0.4646366469742844
0.5549430654479366
0.6839873140821524
0.7533640675875262
0.7911566421409049
0.7894137897243212
0.884351259472524
0.9422727827912141
0.9769147422825952
0.9937205340031809
0.9708338643351624
0.9450297310223377
0.8909095760127599
0.8311754301320136
0.7142761376756397
0.649648383781539
0.5692743140156082
0.4998157201646265
0.48277768439564284
0.44797257916386
0.41400304334397475
0.4281408123788282
0.38807066644452703
0.35943371907915633
0.3193398417464266
0.2818949942997051
0.2333909077260543
0.22782931490758074
0.23842524676927468
0.2886822801796356
0.33753114284251495
0.41902176997031404
0.5985485369068257
0.6805303717652507
0.6987155647222636
0.619644551472156
0.5179260062051156
0.47301362968430993
0.4292444453631603
0.3733086110753945
0.3180505109446301
0.32856831091165617
0.3282782542354781
0.3817459339414455
0.40732025148778916
0.4195243275120788
0.4235071303103197
0.4297789626371298
0.4194242655447482
0.39616169614792085
0.39416228431240796
0.38810391567418634
0.3478234314908093
0.29235752354803424
0.3221510460503225
0.26763425391072815
0.24101683320280642
0.2190112718876236
0.20964535242757165
0.24698349544669895
0.25268209703378375
0.27022141782892106
0.2633336496456167
0.23100503803546246
0.23016603266796665
0.2181107400851232
0.22452796394128427
0.23178311022419962
0.17738994386300533
0.19816575847924867
0.19942159058616937
0.2069078713750656
0.2199875266819049
0.24288502942270895
0.272415746462471
0.311593023914412
0.35070248809741145
0.3526180466652562
0.36445939984022857
0.356021713715549
0.35891547956845216
0.35310362270820406
0.3325602670044816
0.30868694588563983
0.26652195702175163
0.20811272850605178
0.20225857092061972
0.18818723558256067
0.1470979950250353
0.14992432332081762
0.222225137317011
0.36648082505315926
0.5064363057864512
0.6031374867481958
0.7071264598359903
0.7956977707168278
0.93180730799088
1.0190519701804988
1.0582429674504112
1.0553496134632638
1.0562128543722622
1.040066438964459
1.0235405907661317
1.0204669024135882
0.9386233434905193
0.8574224222730322
0.788021118641467
0.8028434862223577
0.6513471004529237
0.5435778294634446
0.45135342249530197
0.43458054666960777
0.43483476591576675
0.437257753636473
0.5019798661922579
0.5740897207478355
0.6599415136071656
0.6742129435324102
0.6984518360388705
0.8419048008086207
0.9861835817610682
1.1071290821041657
1.178899945837017
1.1865960124575565
1.0490749616744068
0.8862982823387
0.8180683591410514
0.7249753704382869
0.6142621605913945
0.5284979894379092
0.5246829976411505
0.4391336269861341
0.3958207837631278
0.356578159225279
0.3975521767921606
0.37087877958074955
0.24045515904930426
0.18259702458104243
0.030683861217042363
-0.05358618724619646
-0.17962601172726522
-0.20373525715838525
-0.26098642889449764
-0.23187002889933694
-0.16493381880482616
-0.1098140488828534
0.02715830286398102
0.1836216270809956
0.384684269433734
0.5832981754859929
0.7282718496633578
0.8782279882409938
1.0144246926447806
1.0752690983300681
1.0955285479333696
1.1459825238113268
1.1612843197117115
1.0890417945937685
1.0104579242515825
0.910251351245634
0.8117964331177916
0.6998811064149351
0.5954473276149628
0.5491193713182696
0.4842286838904215
0.4589811885398092
0.4084427913014679
0.279634352422903
0.2624806184048083
0.33300112590433173
0.3549420711394049
0.4023893651565089
0.33526243750431206
0.2860286557566383
0.21707337921938574
0.24114479018757606
0.22215615912239173
0.20235426738528872
0.19490408447489926
0.18764380862361918
0.19736712225920883
0.27931702860102803
0.4009660380625917
0.4254953138551656
0.4135395255873675
0.3827076901422828
0.4291756936418807
0.4319739692003566
0.4914656949043348
0.526093360201898
0.5895070363737887
0.5973721772353286
0.6398036606049686
0.6537911653988999
0.6796355100628517
0.6522527543430101
0.5651320625069332
0.5063896399111343
0.36285753877695015
0.24626848473988616
0.1991825407563823
0.16161773981738747
0.1798031303124219
0.20157477352945818
0.18841507414248326
0.21025960666938204
0.3270863127620629
0.41728279351633546
0.5063281686392003
0.5703229420985565
0.6243320418952152
0.7153727896169642
0.8080638943071676
0.8842402497249537
0.9290590288626106
0.9551816720999398
0.9886947366329508
1.0754786195435315
1.132811306014034
1.1672136119275507
1.1625175597462487
1.1559610131077847
1.5404994103960234
1.8306022961003094
1.980391213533494
2.075178642137473
2.195195466074324
2.271388463736102
2.3315239958488405
2.3361138738368084
2.336221527928302
2.2721892902752074
2.178578341351141
2.0851954562260744
1.9978421846306276
1.8212794784131034
1.6797408984506177
1.4858892035513236
1.3274480359849008
1.2831145748301225
1.1850969759505432
1.1067631159189943
1.0814387658263769
1.1298430246657887
1.032041809416242
1.00986673773032
0.9881644568740171
0.7062248739455015
0.5179672140887703
0.4594981059475032
0.38531855381815205
0.4560294122303219
0.5915888420579734
0.7189747255615657
0.7922371901401988
0.787958956757123
0.947934851083744
1.0249764389919989
1.0297817355522056
0.9970814060598201
0.9585035649188143
0.9181535342663807
0.867301996783965
0.8423064151481299
0.813921939945871
0.7680489285916536
0.756062076965577
0.7699635305825865
0.8327074207159342
0.9585301881613475
1.0533650535624162
1.110875583848511
1.111365187178066
1.1198245603443695
1.2349440343762979
1.21134881848252
1.321850089109418
1.3901703837851755
1.4198781963928866
1.5554056971660941
1.6669967671339947
1.7290466415018102
1.79864091130122
1.9706743612178315
2.0718325332179433
2.033345805645965
2.1611033165406326
2.176741214631434
1.9663519357776096
1.4775700974635555
1.3434241297807148
1.0858062613716015
0.5046435943249321
0.29644314109228276
0.20572809080005072
0.18815138704013634
0.2504125872935674
0.4439178597122577
0.5378157968553552
0.6626895965893027
0.65485325056747
0.6603966854686831
0.8430824276408657
1.0850945828449454
1.1650174608223125
1.1800565293566905
1.1050011703796514
1.0495592893928176
1.0412263635580103
0.9973048492734478
0.9946051051407352
1.026625451004037
1.2083323182354917
1.3552723170582794
1.2666900006515505
1.1381799086910576
1.0508495848894341
1.0039570246201208
0.8193665501535179
0.6845520017393198
0.519275540421873
0.16928067608181152
-0.3150661258774221
-0.16445401408222438
-0.3883964210355515
-0.5658056161852869
-0.5483822062300874
-0.74785523596627
-0.8006859877446573
-0.6239499076414603
-0.4743826897351653
-0.5233038105852756
-0.5125923603850424
-0.3300395531586986
-0.2646199685603392
-0.07314162149914694
0.037824509349349
0.2112840119330599
0.4963446099028346
0.7435422250207182
0.9024172221369611
0.9280609207938539
0.9654960510584232
0.8059313680026747
0.6071161014043582
0.5999863733521238
0.7120072022206614
0.6081827397726443
0.6379708761311633
0.5351786077793719
0.4932166232003823
0.541671605627613
0.658020224959813
0.7089708998243509
0.8309529189331784
0.9944323427476576
1.094429277761094
1.1866272586362498
1.1887012225704012
1.1632185629155316
1.0526184494214021
0.9683292857072985
0.9901728840586941
0.9880257066655531
1.0676197976321902
1.0898925182215322
1.0989110753110083
1.0655335870573452
1.102225641525564
1.1096370242116507
1.2583541476180642
1.4307294052875648
1.590958459039328
1.7222947204973167
1.6771331134577423
1.6824665197548683
1.621204363077382
1.5754719860197923
1.4849925957059753
1.4426512530733788
1.2901313104208754
1.2141671637628093
1.1408144316089164
1.1509135790325615
1.0874763061870567
0.9671485693541371
0.7007131233844177
0.5390249986669318
0.28335445756511035
0.16676494425362876
0.07192425495583166
0.10848025537717376
0.05930363067382416
0.07673721485934948
0.2012025411163023
0.35146752485569266
0.4867299751628593
0.5759900065693273
0.815655314192469
1.0930492701045722
1.2564431014138222
1.4531021988956212
1.5244099064894385
1.5054695810838865
1.6226473459567785
1.8315744802304295
1.9496620368221755
2.272839753762085
2.403616217517637
2.32392674259836
2.0507351636415905
1.8699640795890673
1.722978353429454
1.691089571455521
1.6843267818573509
1.6670128878231907
1.6942796330918952
1.744995455047345
1.7792030840002866
1.7322809668937111
1.6127575147380213
1.6084269673694251
1.4351379716503203
1.2814196088632457
1.1415957916480863
0.9623994746509368
0.7400388821068589
0.643544634723483
0.6004959265487599
0.6269339112488836
0.7362291383096249
0.8661190910946033
1.0984128427837732
1.2623078253715363
1.4066440807245328
1.4542390009378607
1.2180897498701313
1.0391341856447553
0.8448057448331667
0.7762598887874219
0.862085721044167
0.9569968183835158
1.1161782789778698
1.26486820180628
1.2688287772377578
1.3428283059835593
1.2650462471992654
1.3388634145776734
1.4364826046919745
1.529300940243786
1.5670439725403327
1.5412643071122574
1.537804316581628
1.5143777060488333
1.5776828669173
1.5726065518344683
1.552303113517496
1.3288484665461482
1.0859837248869866
0.7812210335019927
0.6460229659070791
0.046126904005035385
-0.44434581576443577
-0.5315900486918679
-0.7510368807145653
-0.6431841415657686
-0.5744883746215663
-0.6904162519922039
-0.7606111201685337
-0.7295607603713137
-0.818970657335953
-1.3407706711714127
-1.257271603154095
-1.2844191272754983
-1.539142516774433
-1.7307442983310182
-1.6154385293516782
-1.577686798079398
-1.5109841567665967
-1.3338128739647033
-1.1630512539315987
-0.6777760667225436
-0.3066028291608802
-0.18620669496947073
-0.30514159772808114
-0.38926279548485354
-0.6078847680798845
-0.58796901808185
-0.4850950376367251
-0.6917310033276465
-1.0778793483155482
-1.2564526667024438
-1.3852329445495997
-1.1991178502623114
-0.986188872881911
-0.49063241058766494
-0.17097272902542215
0.13726150999593756
0.4729175904565466
0.4457203263817888
0.4727802506764647
0.13998902923495393
0.09862824288882166
0.14487117959326667
0.21853920433383678
0.3032811224750702
0.09339780130262909
-0.3225893423947781
-0.5586749716759272
-0.7596117636586115
-1.0822874881187943
-1.5844146678748814
-2.2868291597833235
-2.2981586757114343
-2.2313863260621076
-2.2166629191588356
-2.0857352920364463
-1.9952847960933866
-2.1984329687742132
-1.9711738513719723
-1.760288165369687
-1.515972296079923
-1.1900162453800789
-0.9745232818658138
-0.8584013836672142
-0.8174693963757989
-0.5399590019146103
-0.2868676692487071
-0.026275814636989026
0.3050283470088999
0.3991838035452844
0.5505683652365576
0.6222162888539486
0.7486389327828817
0.6724331603851255
0.43435252516837863
0.517287767194162
0.4208151915175904
0.2088115966408708
0.2764575778020486
0.4443689980363814
0.47593052570853445
0.4346075575961379
0.42918817373094953
0.3865470569551235
0.47955984205194113
0.5405861248550252
0.589418017605496
0.7262587295457621
0.8212048133525087
0.8048670577615837
0.9631796184336849
1.200681519720618
1.422533827573261
1.6415633688213944
1.7793035454839838
1.855774632350446
1.9344254880737424
1.9524636002268636
1.8996729483110073
1.8406529038070545
1.6649459495515941
1.5178829315625535
1.570436007864103
1.6567333799046509
1.7756643396973288
1.8557875705951545
2.002713334961669
2.2274245052663986
2.3844784228797096
2.469982060866556
2.7242091274669775
2.639467412580302
2.591655947753182
2.5446053021165227
2.3878031787782135
2.250504905005897
2.1978582238293995
2.217717390289863
2.2215651497456435
2.261484919180603
2.2183281665539596
2.20151490781258
2.166444593993873
2.062427051541661
2.030021268517544
1.9926660192424919
1.9901489413326203
1.973474806597281
1.9155845908651656
1.9281710646834398
2.0436946172182786
2.1420256183247375
2.3286721464611873
2.414065588360799
2.783714316155823
3.1006336799381558
3.3040252099641947
3.491935811636097
3.3823843142300802
3.1247884516259887
3.1019446872775376
2.988868294272038
2.6564141508267056
2.364874571789173
2.1087123429090298
2.0140128009774827
1.615327926175766
1.3946455456731428
1.3087582955044894
1.458689526095995
1.4909309519208733
1.3516218276921705
1.2813184432797868
1.2730597581496852
1.1332212463863698
1.0155330866147665
0.9053729329676656
0.7114254453194917
0.6143848890523742
0.36782141902705234
-0.1358718887138508
-0.26411111092400574
-0.14858231586312343
0.10237121146093386
0.5834041824431466
1.0493608550562783
1.3625820560488364
1.5437942639089783
1.7343875156908553
1.8743171557190976
1.9944984626494033
2.250201588563556
2.46717457743091
2.709564092588238
2.8701879670235826
3.0279393779701707
2.7700183226995136
2.5762623013598045
2.4126499911199915
2.241813448687793
2.219626280511136
2.2487438872832968
2.316129935807396
2.310621067583014
2.271996661074809
2.175957634197175
2.1867992865675774
2.214246339156489
2.25040290355912
2.2530850790477075
2.0843257631250367
1.8637387358547812
1.6816402790423126
1.535760728646835
1.5483533564738252
1.6091783602241776
1.7525697697923022
1.8026620567773648
1.9131023980746704
1.9530988442964201
1.9079331246722404
1.5253338179347509
1.3509852919722505
1.1064556955431044
0.5281334650203746
0.26684780438580447
0.10616105102081974
0.26703431515295506
0.29590102584771216
0.16198183884230843
0.2793740186282321
-0.000383637100355827
-0.2434944810495665
-0.23574850488134302
-0.0451128829836307
0.013020995096553634
0.18047027803666538
0.22903673246682388
-0.08572211332162283
-0.16702086687689643
-0.20567851503182055
-0.24798153882227325
-0.07408260362700503
0.04226694452628976
-0.012243446112108813
0.07202704125518267
0.33027839336759257
0.4530649851244277
0.4180621404609326
0.27100202876951585
0.1558859979475926
0.17560053891580196
0.17309108609475743
0.09017764541454198
0.10874751684445982
0.212200113125391
0.4942535290056185
0.5795741516047315
0.6158840922290096
0.49691500707618275
0.5559911379188236
0.6102981645624652
0.5015041703406098
0.5142555103886082
0.3620328201591292
0.04559479431782165
-0.07281745515476246
-0.017980421888125875
-0.054584108965400446
-0.19830944247300408
-0.10363999479943686
0.040316344742649335
0.19890994023708686
0.3105278591184515
0.5555789585053788
0.6487032717769523
0.6568352913863293
0.4738409848527567
0.4064361248717603
0.18466400910287462
0.07820903091052855
0.20929723439840586
0.3726359211029262
0.7723731950277397
0.9682656179889193
1.2527024261447082
1.3623581490212473
1.4606660182332405
1.5872530587742517
1.6611633905484382
1.6682301464688294
1.6707097813491885
1.789226596914915
1.8736569302325563
1.9950355682088912
2.086541863744941
2.1942856353045954
2.406059131534647
2.5740743401340183
2.6803648542465623
2.6716705873948854
2.6232444089220905
2.564184125087735
2.6195165135645198
2.6968339672000923
2.7498117539202838
2.684995731051316
2.457632652753034
2.2323462397854144
2.0734775524138342
1.9317591045124232
1.9438975531938638
1.9001439926937564
1.8258628374817931
1.79232725001404
1.8684772320770549
2.009751158432465
2.177304791235855
2.216758159882744
2.1968790677466927
2.26316413355471
2.424918125331857
2.52401406617912
2.5704965779966926
2.680526539391451
2.759319623390894
2.6803182817354525
2.596652683466658
2.73444555660825
2.6516970035811767
2.5893535917358577
2.395331463031596
2.4162500811102348
2.564647857882875
2.5918581062616113
2.7383978619268134
2.7302639937178412
2.7765368953440372
3.0196681038181623
3.2499320128867737
3.345438212441991
3.318322447708937
3.340630124451053
3.1860200630217435
2.8084084010942263
2.7342300009048586
2.8507645991035417
3.287699385191331
3.3891415025251206
3.7610511110845266
4.467463260577404
4.952458855701451
5.573553615967825
6.017390341896004
6.680254928515069
6.783636396933218
6.808865678574705
6.6712662191362995
6.618260711125032
6.651281086979878
6.605342524191798
6.265928017202242
5.463527012186688
4.15835806922712
2.863444481127914
1.9837998344058576
0.31554447544633035
-0.6895619357962062
-0.6092372905773686
-1.1998747242606385
-1.16712702086474
-1.4695937995057307
-2.0647502196739254
-3.3810161925070474
-3.5520959426776244
-4.227190984096154
-5.870218270511629
-5.51349892878315
-7.038650746015634
-7.263898297033336
-7.849789634122516
-8.035090489610582
-8.516279636022574
-8.905516636725025
-8.123004077056748
-7.53063079646833
-6.247595914112026
-5.6825108036693734
-4.335022443536275
-3.4309207443113507
-3.130204278882161
-2.6076468025000565
-2.282592391408315
-1.0893148957523522
-0.28399123458973463
0.4810228812742423
1.0757084554306289
1.5588866957512266
2.5730135836843715
3.193050797401895
4.054069902460839
4.80690276048955
5.059555711082481
4.622295346427848
4.68173732045932
4.507433681366365
4.569191234764446
4.525620187030626
4.101675250610327
4.330644779850303
4.602680205742018
4.393218776645398
4.519671552356698
4.720400258458255
4.965866808214429
5.186152257891962
5.3857918979295505
5.645159682275221
5.446598982414173
5.008791476480127
4.670921777854858
4.562780132514064
4.565657417417839
4.413773251772682
4.40641350037896
4.1725391606297535
3.948135887683833
3.572571543740395
3.2567574292193058
2.9395038287941304
2.8050235309774223
2.634191266721075
2.6362551229380244
2.64372650333317
2.4248081421820302
2.567082170486941
2.741831833281708
2.9623700050617856
3.662992025662902
3.3269786630721114
3.143071098442249
3.058891753381886
3.3274252286343824
3.5533424751026246
3.855775307432822
3.9554492438559237
4.420830758150743
4.841960361738813
4.792053223452882
4.897772095468753
4.604899603249606
4.491282746601684
4.7555277929476745
5.003292308425557
5.264836479831075
5.7639400968583345
5.8938484152181445
6.293818344442087
6.6543215095913695
6.809081703409134
6.326241198662416
5.977961603848485
5.6122376896720425
4.933084155659344
4.261803897859181
4.382917139150379
4.2005077428541995
4.249041603387354
3.503943190979328
2.781329052122828
2.3869013628213906
1.9046926127395807
1.6679223429055696
1.4506470833185574
1.3524326456266635
2.179843656659557
2.543999364372951
2.7723955994480036
3.1917673509776705
3.1752427690386185
2.7886754998635013
2.0655399890262913
1.9389174995797873
1.778527162244444
1.6485512737390025
1.6380172631543815
1.7076220096640498
1.5999028586489032
1.8865631400021527
1.9652109837956289
2.057881245443724
2.328800797557051
2.8878534145451056
3.726110617341419
4.526271128934468
4.83196605615268
5.155209345523019
5.699114692153813
4.9155755693689684
4.002368599304759
2.3167239023651405
1.6580929114956007
0.650925268003931
-0.25247843710477014
-0.8473102560156747
-1.0348591047198852
-1.4675553364745042
-1.9605502803399872
-2.525483408746112
-2.767804911809179
-2.536827866157779
-2.8717966759890317
-2.894101704767394
-2.509250819799405
-2.049903640521194
-1.8405592909610107
-1.410667158849833
-0.8878661853891003
-0.9683174309322453
-0.686068868086835
-0.8136967994966824
-0.5917108884119386
-0.351218098947669
0.25841229954110645
1.1790237179091605
2.003332074512713
2.466783555333052
2.7060488215822716
2.862669200306499
2.518794154689857
2.254973587050415
2.034545398727346
1.8458387436765804
1.7838507446659548
1.2243580614518237
1.0249336415110122
0.013817814935833894
-0.6157886930701864
-1.2815397897350636
-1.7997032522252425
-1.858097541466151
-1.0881427021131742
0.0779256190608919
1.0249264965953557
1.3300133457863978
0.9651663185090342
1.1102564651828004
1.1227315289569049
1.2050662704215256
1.3132765923610634
1.1621228595437287
0.7608239858067236
0.5446399722455624
0.20712108495604298
-0.08201322890363372
-0.008463039148097096
0.05005548088260525
0.20382296855999016
0.22943861512430885
0.4176053708360712
0.49326095952659443
0.456772451205012
0.43255146456112925
0.4030609168020476
0.5125705745761877
0.25668770519556006
-0.048823707114308945
-0.0690533851606574
-0.00912996511141273
0.03233921591979083
0.47528650088122504
0.8280766441035041
1.0288314348163112
1.493481696089077
1.9481969837361248
2.0493193980880164
2.2431976508672733
2.5458298927450755
2.689306212000588
2.574031934985129
2.51341541045349
2.0599593242452556
1.6979635970029108
0.9442869346632676
0.8248612427249782
0.8279909892081605
0.6510935728360607
0.30086131448737774
0.13551312712331764
-0.26042015454515877
-0.59717303878449
-0.5518685138638659
0.12011452747569251
0.695484940516252
1.2165242687076443
1.896466631805481
2.630934918910583
3.2218603237832326
4.129145255022991
4.236914964815725
4.8865122623855655
5.328601222134893
5.892647412593902
6.1884364693382565
6.364813429699296
6.452005822888424
6.5504957667193935
6.47722749588138
6.4792282487773605
6.44684447114571
6.2450975879802115
6.055750627232499
5.805683620811976
5.318643908330699
4.361120590513195
3.4623082790477326
2.82076225925033
1.8424484811252455
1.3253940651744074
1.2689507346713924
0.9653669058818366
0.21315336690383901
-0.4448277953642332
-0.5667799831560387
-0.9917085293053276
-0.8035846921648329
-0.7555266383401715
-0.3335372954814204
-0.10920372924400112
-0.0071852754750807435
0.30416535767594155
0.4911864024317083
0.12795638495612138
-0.1875990099921978
0.01722334140194448
0.30433773094245
0.35670024638011455
0.14477033251253602
0.30733493441150017
0.33228137094158683
0.07761231581866923
0.18990721413314304
0.8006237937613037
1.806050000035924
2.476670566238454
3.136595880917838
3.8851236555947537
4.634710021156593
5.173961708009898
5.7433007139246115
5.892574772811429
6.25428465783051
6.565318294045369
6.574643014224591
6.468734959715761
6.497110161303084
6.173279653452397
6.166706846763674
6.1231896954107015
6.052820466273545
5.337598465085875
4.552879007432949
3.859860722094453
3.2473842286799197
2.405843551523674
1.6138012772898094
1.2349209800474341
1.1417829229401661
0.6346020384311544
0.15422293317621438
-0.8006517849118495
-1.2181673818185743
-1.1229658329320102
-1.2725035677017331
-1.542681933636743
-1.7335893720580486
-1.5953704859833522
-1.5733997054310578
-1.0907342337403065
-0.6251615556511467
-0.27161952623225716
-0.16543629538566051
-0.050843711495076604
-0.14236402603756915
-0.22042207175658746
-0.405904042544762
-0.14135789375023933
0.30843054534489056
0.5583974171605348
0.8292435495350787
1.3231624706359923
1.7469110091373352
2.218544069112596
2.4407209776717025
2.508801640971001
2.814347704293624
2.904398252489841
3.197123749757253
3.6197766086411605
3.8905169183386477
4.17157644389431
4.211019998810684
4.48909190594361
4.869585358250276
5.072312873781129
5.229182267150804
5.775113926156962
6.13782339612726
6.533132521597736
6.568169730921568
6.562250203922076
6.433370619814411
6.551047925883324
6.690640613307096
6.605697932313149
6.4415327048974405
5.941158645292262
5.66569548480237
5.551235293775335
5.776417878809923
6.168610201287379
6.3561251018649045
6.2303777466114525
6.035328633337258
5.836069787572455
5.4866100747617566
5.143112186491294
4.998853753963658
4.780203971044216
4.794534206822846
4.746336903037104
4.5643433336013
4.218972505700094
3.9409879066740814
3.9064291416738115
4.077343279326385
4.30438605635527
4.311960622117454
4.081293518669781
4.335882570643719
5.0914049537524875
5.648451320697575
5.858576619292421
5.907780496194562
5.646069864248034
5.426940045092692
5.502129226953514
5.361926227984043
5.186985936463088
4.936569073682449
4.683320263127769
4.354951832388679
4.050447103150759
3.529591406013367
2.9584406322394443
2.579351573844974
2.4763134409146232
2.768618926671934
2.9979903283190197
2.7167510213139963
2.0211156407163458
1.4929555489009658
1.3636795328766311
1.3250319120190852
1.2629009031127794
0.7866119401967353
-0.4450877639527562
-1.3667309547450373
-2.239165648968253
-2.324416598807659
-2.842555988737274
-2.7653976544977468
-2.32642486549463
-1.8171832771968184
-1.397496183491171
-1.1022139264491102
-0.9659993808823515
-0.5746523937705206
0.25223962728421156
1.0136815304839502
1.844400264881699
2.5492154194664636
3.006956447257892
3.5985551018221145
3.8934133317350756
3.997893086945396
4.192137569737497
5.338375372078588
6.269719215603743
7.507896915005006
8.212931899835041
8.971658870394606
9.53326327125933
10.059269611749812
10.326433510522293
10.492257251383307
10.419645043308151
9.833184584653907
9.391676813287006
9.280961414081162
9.036601272943017
9.01658595799887
8.867039047463606
8.820333271151696
8.830004142634778
8.475301884136172
7.929307132782299
7.42951944749376
6.296755917973826
5.89192215018744
5.025776241356084
4.249213553801837
3.5453061727375825
2.436487917442321
1.7936640514762416
1.9659976362928546
2.082599925416787
2.0010482630981414
2.6673991695635664
2.908585757721653
2.1821243248782025
2.0914534995482086
1.2188030979415316
0.43346337220924624
-0.49708316263200913
-0.6317607344612384
-0.25862451445027546
0.1555255856161466
1.0972619064518199
1.7268576295490448
2.2562927723707276
2.4355786882332495
2.3089727398265723
2.0582242160394912
1.3804223144209118
-0.17387212695098242
-1.5890729328468751
-2.6669755748723105
-3.4627472875005765
-3.9901137165272758
-4.095372771657253
-5.205699789474352
-5.58551872721813
-6.4217256949274315
-6.949447114923089
-7.42171222935076
-8.151473661340333
-8.603207569291442
-9.48769227336021
-9.416816177479234
-9.004285329057723
-7.906782478320679
-6.73982963488578
-5.925837280742087
-4.845635759895401
-4.918119519068512
-4.544730594102589
-4.598459510969974
-4.300174679776035
-3.4869870547076403
-3.514522892060313
-4.081571784267396
-4.482518785628315
-4.309214842756717
-4.201706553636939
-4.769193980019622
-5.3828201311035855
-5.818990136134516
-6.688708462732393
-6.151550345596661
-5.443616676723707
-4.708868718706242
-4.385873659251274
-3.6648284668021347
-3.3987684969791303
-3.635005592259972
-4.652169883250963
-5.640179661399543
-5.340869522492767
-5.2776397112384075
-5.608297646973256
-6.093020947423213
-5.548995486146396
-4.481976782868912
-3.5287070547885264
-2.3260182679410946
-1.4585430626077596
-0.37139296910726216
0.1200362118354974
0.8714416940231899
1.4167133887495424
2.3877772331077836
3.497096916892019
4.202720884635028
4.26493185155141
4.353617700074892
4.816221106760906
4.7975064485006556
3.8203648714798533
3.1604345869060353
2.256382177484454
0.5882348782164399
-0.9806932944571258
-1.7552019630234668
-2.96343363043502
-3.8212396294580344
-4.068452522316079
-4.131215496122536
-4.576043456280445
-5.413261350977336
-5.473836300488358
-6.296522243262075
-5.8322844805546765
-4.890761331820215
-5.063406725286541
-4.586550641255769
-4.375264153181433
-3.5057337183380355
-3.792048055270982
-4.1821566413584605
-5.24982592398635
-5.634012171992424
-6.584768614472807
-7.669436519113503
-7.971562545657434
-8.087113173572561
-7.661095409767029
-8.256311612396644
-8.70354602160728
-9.001025593447821
-8.486162010602868
-8.068235607456188
-7.417516141938506
-6.553533081243756
-5.216412364785128
-4.218651728876239
-3.3449785252130937
-2.4500517640875046
-2.084737989941459
-1.8760754615450992
-1.3920683471428674
-1.1637198218202798
-1.4198712164933909
-2.5456895473149075
-4.254685531371422
-5.3672634398411105
-5.597833749490633
-6.256338912360718
-6.487175861699569
-6.10829020048692
-5.790493332835666
-5.018426195911331
-3.65115292129326
-2.7624781903402322
-2.7056253093305145
-2.3287107528196884
-2.280489394877577
-1.997347426177896
-1.491894497482349
-0.810849701969687
-0.09332609532225433
0.4108692597968684
0.549930275514896
-0.21211606775187875
-0.882526878800661
-1.2892301506906279
-1.3825819918781121
-1.6370021130711052
-1.396482338300416
-0.9735518711276541
-0.4260866545033082
-0.3496850203935651
-0.4078923604464535
-1.0016679843628253
-0.1121002555269115
1.1979849365771997
2.5561647431463257
3.373359428926733
3.720695703896922
4.560680096782335
5.260944434612043
5.690600242595622
5.755765623690081
5.899175510958514
6.49154434654514
6.7109598515135644
7.196475049851188
7.6192975882673295
7.8031116460276735
7.747319234733993
7.523581288448327
6.941863888854698
5.736907850264345
4.622974876891021
3.645700528495638
3.082585667293074
1.747921271460143
0.45417772791694233
-0.7449005023496511
-1.7955184833008957
-2.683547189587273
-3.6949249757164466
-4.669366921366816
-4.993509855576065
-5.156260489659701
-4.751164518306382
-4.204936260315662
-4.8985179107551176
-5.367751534278568
-6.219854490953139
-6.867629072240447
-7.314431145587321
-7.746263198767224
-8.275518930474988
-8.433932846934823
-8.7060354887563
-8.857500214470207
-8.958191413117362
-8.563254693563067
-8.441031298766575
-8.616030193736208
-8.029535181299394
-6.829181186839378
-5.785381041380958
-5.093909640732733
-5.495246918402046
-6.145124176219838
-6.890581859000349
-7.368982536686104
-6.982555478020117
-7.053331999737367
-6.312848185759037
-5.58337674482803
-5.109365253071843
-4.706087275933072
-3.8602587089912674
-2.744349798838215
-1.5667644654294008
-2.16909173868234
-2.980840565656621
-2.855335442790647
-3.0228125824008885
-3.4354768304108063
-4.363398593126277
-5.507344636638209
-5.771264296208216
-5.395346828475482
-4.959567082206547
-4.909431237582794
-3.340812672336199
-1.7443069946982632
-0.9171378844743288
-0.22511507655428886
0.30048771169538213
0.7048715591958512
0.9769693115709686
1.2452287301647118
1.6789333044202692
2.203016239325734
2.5813377341427497
2.391231615968735
2.100964083536809
3.0310281971769655
3.6892720829648624
4.189272172792073
4.148767132715676
3.664510705874079
3.183517656857191
3.0121011517666716
2.6855261549630995
2.964642020262545
3.501333828414829
3.905848273233488
3.5233351428742594
2.8388786492779445
1.9320376118286333
1.3072248914655518
1.0126018481805374
0.27245520755772645
-0.26746027674366246
-0.8286187082499623
-1.4526765885895827
-1.4081333702646361
-1.4521154859137937
-1.4891718211515865
-2.3372449985785977
-3.5167076283675556
-4.191709136621824
-4.498086657602045
-4.548859204673164
-3.9847767684777295
-3.27884655881914
-2.630965567163628
-2.004038428983449
-1.8521840772521898
-2.0216184182312418
-1.4700165117881738
-0.8328352940992261
-0.36720584457486893
-0.11228525461578442
0.6782340791943398
1.3026214952059263
1.3422116344412416
1.764770567216999
2.4697981814729246
3.93932402789153
4.547193861662322
4.845584033527558
5.88488659873164
6.565881000477418
6.776506334216009
6.8228204340975935
7.437080063472877
7.901391313395209
7.947772674012384
7.321571555770561
6.421253917022625
5.212728705529969
4.113938248203311
3.4662378056957266
2.476543622329416
1.7479054270140466
1.0980841186710961
0.32516951647579617
0.10200058140836177
0.2594374345499091
0.5058688765592194
0.4761969018202876
0.4116256903921567
0.2462601764977137
-0.18365681679051704
-0.0932080835071929
0.5267535247955948
1.3774152264641089
2.886539387405662
4.293668845623074
4.772832487567769
5.217500093800425
5.387568084616021
5.887791128539334
6.444743479262513
6.473412579468857
6.330365636840099
6.5673473862704554
6.960566692008001
7.528353137335046
7.802052594114741
7.923587145518297
7.701956819572274
8.019689316791812
8.00093694848988
7.371759070399264
6.847454653825309
6.865194362444413
6.505701926876895
6.362100845846385
6.142788892602368
5.907343125659679
5.468888110374735
5.035127432166462
4.319613821651842
3.2032491077362693
3.883551656303041
5.126938422607452
6.2365231988392225
6.899171001891887
7.327751152120811
7.4994556058729245
7.6290885853482
8.061716624028577
8.149254641524294
7.993346114868018
8.203692845211833
8.099505488137254
7.834636255054306
7.576921561163942
7.470541899499494
