-7.102407455444336
-8.34928035736084
-8.57065200805664
-9.161674499511719
-9.783600807189941
-9.881063461303711
-9.826115608215332
-10.145689010620117
-10.502573013305664
-8.889776229858398
-9.630791664123535
-9.361948013305664
-9.480822563171387
-9.650867462158203
-7.565309524536133
-8.178811073303223
-7.797567367553711
-7.818970680236816
-7.906190872192383
-5.65537166595459
-6.2394208908081055
-5.840244293212891
-5.854351997375488
-5.943947792053223
-3.7478981018066406
-4.362458229064941
-3.9980649948120117
-4.050103187561035
-4.1796722412109375
-2.105184555053711
-2.757479667663574
-2.427901268005371
-2.66721248626709
-0.6396236419677734
-1.2949929237365723
-0.9616527557373047
-1.033989429473877
-1.1722722053527832
0.9511122703552246
0.3410525321960449
0.7258477210998535
0.7106518745422363
0.634669303894043
2.969693899154663
2.4360806941986084
2.8989765644073486
2.962728977203369
2.9656922817230225
5.529040336608887
5.065864562988281
5.5949883460998535
5.719965934753418
5.778411865234375
8.466886520385742
8.029641151428223
8.575957298278809
8.70898151397705
8.765983581542969
11.390958786010742
10.912460327148438
11.407489776611328
11.479317665100098
11.465412139892578
13.822419166564941
13.237530708312988
13.61846923828125
13.569080352783203
13.427457809448242
15.369256019592285
14.63774585723877
14.869247436523438
14.668410301208496
14.374143600463867
14.978081703186035
15.063021659851074
14.719161033630371
14.286126136779785
15.386847496032715
14.390737533569336
14.367725372314453
13.92369270324707
13.393983840942383
14.250659942626953
13.191692352294922
13.115397453308105
12.627761840820312
12.068907737731934
12.903278350830078
11.856050491333008
11.800819396972656
11.343356132507324
10.823514938354492
11.824753761291504
10.848504066467285
10.871219635009766
10.498205184936523
10.068816184997559
11.372138977050781
10.504961013793945
10.639961242675781
10.38183879852295
10.069334030151367
11.728999137878418
10.980387687683105
11.232786178588867
11.090267181396484
10.890939712524414
12.869451522827148
12.218236923217773
12.562639236450195
12.506181716918945
12.386451721191406
14.560159683227539
13.958020210266113
14.342865943908691
14.317882537841797
14.220376968383789
16.403078079223633
15.78423023223877
16.14240837097168
16.080814361572266
15.936835289001465
17.922597885131836
17.219797134399414
17.485454559326172
17.323226928710938
17.070999145507812
18.692346572875977
17.857131958007812
17.98617935180664
17.683979034423828
17.289310455322266
18.477848052978516
17.49981689453125
17.488460540771484
16.522172927856445
17.350452423095703
16.26803207397461
16.161724090576172
15.63794231414795
15.037338256835938
15.719619750976562
14.615448951721191
14.501693725585938
13.985149383544922
13.406734466552734
14.246443748474121
13.22486686706543
13.208395004272461
12.803422927856445
12.350357055664062
13.641926765441895
12.793400764465332
12.745498657226562
12.490521430969238
14.405531883239746
13.769678115844727
14.1451416015625
14.097660064697266
16.599315643310547
16.142230987548828
16.68844223022461
16.840137481689453
16.93348503112793
19.76046371459961
19.37529754638672
19.973886489868164
20.157691955566406
20.262287139892578
22.534143447875977
23.036314010620117
23.102630615234375
23.069217681884766
25.271926879882812
24.600358963012695
24.87568473815918
24.70119285583496
24.41459083557129
25.800935745239258
24.844587326049805
24.832128524780273
24.36890983581543
23.794740676879883
24.346385955810547
23.128076553344727
22.86514663696289
22.164880752563477
21.368915557861328
20.00029754638672
19.615215301513672
18.816387176513672
17.94629669189453
17.870506286621094
16.535612106323242
16.204410552978516
15.48483943939209
14.718827247619629
15.095786094665527
13.954896926879883
13.83691692352295
13.348152160644531
12.828739166259766
14.020503044128418
13.169085502624512
13.345739364624023
13.154417037963867
12.93287181854248
14.996817588806152
14.421098709106445
14.862106323242188
14.921610832214355
14.935267448425293
17.59195327758789
17.1705322265625
17.741758346557617
17.90621566772461
17.998558044433594
20.726715087890625
20.27297592163086
20.783710479736328
20.85976219177246
20.83625030517578
23.060009002685547
22.389446258544922
22.66127586364746
22.477937698364258
22.17633056640625
23.473100662231445
22.4697265625
22.40059471130371
21.87049102783203
21.468273162841797
20.124866485595703
19.724063873291016
18.872852325439453
17.912626266479492
17.332504272460938
15.750223159790039
15.131937026977539
14.084955215454102
12.919659614562988
11.87535285949707
10.190503120422363
9.496156692504883
8.400554656982422
7.2459821701049805
6.386434078216553
4.811526775360107
4.249635696411133
3.307803153991699
2.3269450664520264
2.093170166015625
0.7562174797058105
0.4440317153930664
-0.23818016052246094
-0.9513559341430664
-1.408158302307129
-1.4402079582214355
-1.8451261520385742
-2.2854928970336914
-0.9100699424743652
-1.7253599166870117
-1.5281825065612793
-1.7160344123840332
-1.9523282051086426
-0.049062252044677734
-0.7179346084594727
-0.389462947845459
-0.46114492416381836
-0.5962562561035156
1.5238027572631836
0.8999366760253906
1.260878562927246
1.2099266052246094
1.0846800804138184
3.178908586502075
2.5314364433288574
2.863105297088623
2.778336763381958
2.615842819213867
4.58873987197876
3.9011411666870117
4.194478511810303
4.074085712432861
5.784505367279053
5.085699081420898
5.374302387237549
5.255936622619629
5.070371627807617
7.044994354248047
6.383310317993164
6.715627193450928
6.647218704223633
6.517417907714844
8.688762664794922
8.100337028503418
8.508552551269531
8.51791000366211
8.466925621032715
10.872581481933594
10.358704566955566
10.838285446166992
10.915000915527344
10.926563262939453
13.483657836914062
13.005956649780273
13.513580322265625
13.609712600708008
13.631641387939453
16.162322998046875
15.655964851379395
16.12485694885254
16.17220115661621
16.135395050048828
18.432334899902344
17.8299560546875
18.19446563720703
18.129592895507812
17.97329330444336
19.885013580322266
19.155555725097656
19.38919448852539
19.1904354095459
18.898038864135742
19.504587173461914
19.588294982910156
19.242210388183594
18.80583953857422
19.88888931274414
18.884048461914062
18.85076904296875
18.394855499267578
17.8563232421875
18.683013916015625
17.61055564880371
17.519004821777344
17.014358520507812
16.43675422668457
17.204708099365234
16.132081985473633
16.049907684326172
15.564017295837402
15.01432991027832
15.918294906616211
14.907319068908691
14.894308090209961
14.484668731689453
14.01784896850586
15.205123901367188
14.298371315002441
14.393538475036621
14.09543228149414
13.742914199829102
15.28347110748291
14.495845794677734
14.709771156311035
14.529415130615234
14.293004035949707
16.16580581665039
15.48153305053711
15.79411506652832
15.70716667175293
15.55835247039795
17.653953552246094
17.029029846191406
17.39279556274414
17.348474502563477
17.233407974243164
19.374177932739258
18.744935989379883
19.094478607177734
19.025983810424805
18.876787185668945
20.85637664794922
20.1544246673584
20.422218322753906
20.263301849365234
20.015453338623047
21.6549072265625
20.82689094543457
20.963443756103516
20.66888999938965
20.281829833984375
21.491134643554688
20.518718719482422
20.512008666992188
19.551382064819336
20.376428604125977
19.289146423339844
19.175838470458984
18.642786026000977
18.03052520751953
18.662553787231445
17.536300659179688
17.39773178100586
16.853620529174805
16.24489402770996
16.97756576538086
15.915169715881348
15.855474472045898
15.408544540405273
14.917149543762207
16.082809448242188
15.189359664916992
15.309455871582031
14.746166229248047
16.518159866333008
15.835358619689941
16.167911529541016
16.028751373291016
18.410964965820312
17.918209075927734
18.43149757385254
18.553241729736328
18.61981201171875
21.387229919433594
20.98958396911621
21.579544067382812
21.758625030517578
21.862430572509766
24.169925689697266
24.69031524658203
24.778310775756836
24.769853591918945
27.06487274169922
26.42902374267578
26.742048263549805
26.606918334960938
26.361000061035156
27.873708724975586
26.959678649902344
26.988994598388672
26.566640853881836
26.032033920288086
26.690900802612305
25.503347396850586
25.26813316345215
24.592252731323242
23.817066192626953
22.49105453491211
22.10562515258789
21.301841735839844
20.4221134185791
20.289382934570312
18.92636489868164
18.562639236450195
17.806331634521484
16.999557495117188
17.232589721679688
16.037485122680664
15.862719535827637
15.314976692199707
14.734777450561523
15.737381935119629
14.822071075439453
14.93513011932373
14.680944442749023
14.397708892822266
16.28774642944336
15.659111976623535
16.050352096557617
16.063568115234375
16.034740447998047
18.589431762695312
18.143230438232422
18.694576263427734
18.84415626525879
18.926692962646484
21.656082153320312
21.21282386779785
21.738908767700195
21.835020065307617
24.1583194732666
23.52785301208496
23.84287452697754
23.705455780029297
23.452104568481445
24.87697410583496
23.901872634887695
23.861251831054688
23.359458923339844
22.735342025756836
23.06000518798828
21.737638473510742
21.355247497558594
20.519481658935547
19.571413040161133
19.005233764648438
17.419307708740234
16.792911529541016
15.734190940856934
14.585538864135742
13.562456130981445
11.8751220703125
11.173596382141113
10.066228866577148
8.895435333251953
7.962279319763184
6.355249404907227
5.757862091064453
4.777435302734375
3.755197525024414
3.3837077617645264
1.9974286556243896
1.6347789764404297
0.9012894630432129
0.13637256622314453
-0.5256171226501465
-0.6069974899291992
-1.0599021911621094
-1.5466623306274414
-0.2987484931945801
-1.1520428657531738
-0.9903964996337891
-1.211191177368164
-1.4777593612670898
0.3510932922363281
-0.33710384368896484
-0.02528238296508789
-0.11098957061767578
-0.2576136589050293
1.841890811920166
1.2153477668762207
1.5754313468933105
1.5252485275268555
1.4022135734558105
3.509721279144287
2.8682210445404053
3.206289052963257
3.1281516551971436
2.972327709197998
4.96366548538208
4.281143665313721
4.578779220581055
4.461772918701172
6.174788951873779
5.473559856414795
5.758431911468506
5.635036945343018
5.443148612976074
7.391429424285889
6.718718528747559
7.039017677307129
6.957721710205078
6.814267158508301
8.94135856628418
8.33755874633789
8.730340003967285
8.724352836608887
8.658269882202148
11.021671295166016
10.495223045349121
10.963221549987793
11.029474258422852
11.03182601928711
13.56983757019043
13.088933944702148
13.595054626464844
13.703390121459961
13.74366569519043
16.34032440185547
15.859588623046875
16.355876922607422
16.432353973388672
16.426353454589844
18.825000762939453
18.25931167602539
18.66173553466797
18.63587760925293
18.519567489624023
20.545223236083984
19.843351364135742
20.104846954345703
19.934066772460938
19.669626235961914
21.23965072631836
20.384862899780273
20.494274139404297
20.17303466796875
19.760543823242188
19.922428131103516
19.906639099121094
19.46669578552246
18.942543029785156
19.80235481262207
18.73748779296875
18.651775360107422
18.151206970214844
17.575923919677734
18.3404541015625
17.263322830200195
17.175037384033203
16.681476593017578
16.12261962890625
16.99074935913086
15.965314865112305
15.936738014221191
15.510502815246582
15.026164054870605
16.156326293945312
15.229372024536133
15.303936958312988
14.984942436218262
14.611356735229492
16.08879852294922
15.280547142028809
15.474234580993652
15.274152755737305
15.01862621307373
16.838848114013672
16.138978958129883
16.437095642089844
16.336898803710938
16.176143646240234
18.244537353515625
17.613651275634766
17.973102569580078
17.926162719726562
17.810211181640625
19.95899200439453
19.336013793945312
19.6936092376709
19.634931564331055
19.497291564941406
21.521512985229492
20.837539672851562
21.12472915649414
20.986530303955078
20.760601043701172
22.471832275390625
21.66928482055664
21.83182144165039
21.56360626220703
21.20306396484375
22.491239547729492
21.544269561767578
21.562278747558594
20.64813995361328
21.525527954101562
20.449562072753906
20.345611572265625
19.819808959960938
19.212562561035156
19.84506607055664
18.71381378173828
18.567550659179688
18.013017654418945
17.391117095947266
18.067893981933594
16.98154067993164
16.895353317260742
16.415952682495117
15.884038925170898
16.91583824157715
15.974288940429688
16.044891357421875
15.733378410339355
16.993988037109375
16.258710861206055
16.53927230834961
16.43990707397461
18.539794921875
18.003999710083008
18.476699829101562
18.5605411529541
18.59212875366211
21.27408218383789
20.85500144958496
21.427261352539062
21.592479705810547
21.686309814453125
23.993087768554688
24.522890090942383
24.62394142150879
24.632043838500977
26.995859146118164
26.3885555267334
26.732484817504883
26.630325317382812
26.419111251831055
28.0429630279541
27.167116165161133
27.234556198120117
26.849878311157227
26.352128982543945
27.11285400390625
25.955129623413086
25.747116088867188
25.09547233581543
24.341262817382812
23.061382293701172
22.6769962310791
21.8697452545166
20.98194694519043
20.796955108642578
19.407197952270508
19.01219940185547
18.220184326171875
17.373443603515625
17.463043212890625
16.21314239501953
15.9805908203125
15.372404098510742
14.729466438293457
15.534022331237793
14.550779342651367
14.595666885375977
14.273500442504883
13.9229097366333
15.618931770324707
14.929694175720215
15.263016700744629
15.221375465393066
15.141091346740723
17.564876556396484
17.083736419677734
17.606016159057617
17.74407196044922
20.56035614013672
20.13092613220215
20.675853729248047
20.795711517333984
20.825286865234375
23.259540557861328
22.6744327545166
23.038320541381836
22.95294952392578
22.75446891784668
24.383642196655273
23.4959659576416
23.543548583984375
23.130306243896484
22.594648361206055
23.179874420166016
21.941360473632812
21.640663146972656
20.884056091308594
20.012271881103516
19.65448760986328
18.13030433654785
17.561412811279297
16.555770874023438
15.455631256103516
14.549750328063965
12.891897201538086
12.215083122253418
11.127714157104492
9.972305297851562
9.059006690979004
7.450443267822266
6.847825050354004
5.858729839324951
4.8246612548828125
4.401705265045166
2.9940221309661865
2.608398914337158
1.8507049083709717
1.0606942176818848
1.4275193214416504
0.2960853576660156
0.1900930404663086
-0.28642702102661133
-0.7955231666564941
-0.4727506637573242
-0.3237032890319824
-0.5546469688415527
-0.8287978172302246
0.993412971496582
0.30847597122192383
0.6263060569763184
0.5492959022521973
0.41400909423828125
2.5623695850372314
1.9566583633422852
2.3395936489105225
2.3141231536865234
2.217477798461914
4.412309646606445
3.80195951461792
4.171871185302734
4.126049995422363
4.002832889556885
6.091754913330078
5.441098213195801
5.769988059997559
5.68350076675415
5.520930767059326
6.8327226638793945
7.141500473022461
7.040719509124756
6.870133399963379
8.874664306640625
8.218291282653809
8.553833961486816
8.486770629882812
8.356643676757812
10.483654022216797
9.87044906616211
10.253570556640625
10.237833023071289
10.1620454788208
12.498218536376953
11.963827133178711
12.424705505371094
12.484794616699219
12.48206901550293
15.012615203857422
14.532160758972168
15.040340423583984
15.140464782714844
15.169919967651367
17.744892120361328
17.260574340820312
17.755088806152344
17.831584930419922
17.827342987060547
20.24112319946289
19.683507919311523
20.095367431640625
20.080177307128906
19.975677490234375
22.042259216308594
21.355409622192383
21.63237762451172
21.477386474609375
21.228885650634766
22.846229553222656
22.006563186645508
22.130538940429688
21.823171615600586
21.42373275756836
21.627323150634766
21.618810653686523
21.184711456298828
20.664894104003906
21.528059005737305
20.4609375
20.371234893798828
19.86492919921875
19.28213882446289
20.013656616210938
18.922082901000977
18.81768798828125
18.30638885498047
17.72822380065918
18.529605865478516
17.47921371459961
17.4244441986084
16.97089195251465
16.45818328857422
17.497943878173828
16.53942108154297
16.581884384155273
16.230358123779297
15.823921203613281
17.20205307006836
16.360820770263672
16.521778106689453
16.28932762145996
16.001920700073242
17.73044776916504
17.001686096191406
17.271923065185547
17.144947052001953
16.958614349365234
18.95830535888672
18.30744743347168
18.648513793945312
18.584821701049805
18.45380401611328
20.567859649658203
19.936878204345703
20.288265228271484
20.22517204284668
20.084896087646484
22.111513137817383
21.431604385375977
21.732872009277344
21.621089935302734
21.422924041748047
23.22438621520996
22.453807830810547
22.649024963378906
22.414043426513672
22.087139129638672
23.476852416992188
22.5633544921875
22.61432647705078
21.763891220092773
22.735736846923828
21.691049575805664
21.61661148071289
21.118408203125
20.53668975830078
21.2320556640625
20.11681365966797
19.983951568603516
19.440134048461914
18.82623291015625
19.51052474975586
18.421239852905273
18.329479217529297
17.841949462890625
17.299442291259766
18.285993576049805
17.325414657592773
17.375322341918945
17.04167366027832
16.664356231689453
17.443187713623047
17.69823455810547
17.573753356933594
17.408184051513672
19.02861976623535
19.484737396240234
19.554378509521484
19.57439422607422
22.239646911621094
21.82164192199707
22.398574829101562
22.572172164916992
22.678203582763672
25.07283592224121
25.634342193603516
25.770904541015625
25.81818199157715
28.320100784301758
27.765024185180664
28.16388702392578
28.119089126586914
27.967388153076172
29.779354095458984
28.968252182006836
29.100860595703125
28.781381607055664
28.348485946655273
29.297876358032227
28.199827194213867
28.04927635192871
27.452543258666992
26.750368118286133
26.959787368774414
25.644027709960938
25.293153762817383
24.515079498291016
23.6519775390625
22.129669189453125
21.736106872558594
20.940967559814453
20.086637496948242
20.128398895263672
18.854904174804688
18.595382690429688
17.95714569091797
17.28142547607422
17.990230560302734
16.97427749633789
16.985668182373047
16.629661560058594
16.24530792236328
17.844879150390625
17.126522064208984
17.43293571472168
17.366981506347656
17.265344619750977
19.64627456665039
19.158905029296875
19.67822265625
19.805278778076172
19.875106811523438
22.626916885375977
22.211528778076172
22.775590896606445
22.919618606567383
22.978302001953125
25.527912139892578
24.989904403686523
25.404800415039062
25.374021530151367
25.2333984375
27.052104949951172
26.231624603271484
26.34770393371582
26.00385093688965
26.331205368041992
25.160037994384766
24.92501449584961
24.232032775878906
23.421409606933594
23.22905158996582
21.752946853637695
21.228172302246094
20.262451171875
19.197853088378906
18.370960235595703
16.729938507080078
16.065147399902344
14.98502254486084
13.832121849060059
12.898999214172363
11.275201797485352
10.653364181518555
9.641284942626953
8.580719947814941
8.060060501098633
6.614750385284424
6.189510345458984
5.390542984008789
4.557945251464844
4.792522430419922
3.6166112422943115
3.466479778289795
2.9464755058288574
2.3948357105255127
2.5620055198669434
2.6769158840179443
2.4141197204589844
2.1105356216430664
3.8600282669067383
3.156266927719116
3.458021402359009
3.367675304412842
3.221766471862793
5.353817462921143
4.747525215148926
5.132099151611328
5.110339641571045
5.019295692443848
7.24053955078125
6.641547679901123
7.023746013641357
6.990957260131836
6.8812971115112305
9.012121200561523
8.375194549560547
8.71155834197998
8.630399703979492
8.472463607788086
10.468670845031738
10.101414680480957
9.99876880645752
9.825031280517578
11.812314987182617
11.147661209106445
11.473746299743652
11.396102905273438
11.25436782836914
13.377209663391113
12.769697189331055
13.158082008361816
13.147310256958008
13.076356887817383
15.427735328674316
14.899169921875
15.366500854492188
15.433826446533203
15.439262390136719
18.001140594482422
17.533802032470703
18.056617736816406
18.17296600341797
18.22031593322754
20.859500885009766
20.40021324157715
20.92157745361328
21.026737213134766
21.05295181274414
23.56843376159668
23.047941207885742
23.4984073638916
23.52320671081543
23.45996856689453
25.65680503845215
25.01510238647461
25.337844848632812
25.229116439819336
25.0272216796875
26.784982681274414
25.991825103759766
26.161930084228516
25.900165557861328
25.545677185058594
25.91996955871582
25.951303482055664
25.55571937561035
25.072996139526367
26.038246154785156
25.001895904541016
24.941259384155273
24.4622859954834
23.905080795288086
24.702802658081055
23.62980842590332
23.542278289794922
23.046173095703125
22.4815616607666
23.314321517944336
22.271495819091797
22.222980499267578
21.774425506591797
21.265562057495117
22.310813903808594
21.352436065673828
21.394376754760742
21.04175567626953
20.633777618408203
22.005645751953125
21.162166595458984
21.32098388671875
21.086624145507812
20.797630310058594
22.524568557739258
21.79668426513672
22.068687438964844
21.94445037841797
21.761947631835938
23.75897216796875
23.108417510986328
23.451278686523438
23.39095115661621
23.26491928100586
25.404142379760742
24.785062789916992
25.150146484375
25.102556228637695
24.979568481445312
27.068632125854492
26.41294288635254
26.731552124023438
26.627758026123047
26.439037322998047
28.27662467956543
27.520301818847656
27.730663299560547
27.511581420898438
27.201160430908203
28.642292022705078
27.745996475219727
27.813915252685547
26.995817184448242
28.009517669677734
26.97627067565918
26.91172218322754
26.42168617248535
25.846250534057617
26.547727584838867
25.429851531982422
25.29183578491211
24.740270614624023
24.11595916748047
24.752641677856445
23.642005920410156
23.52617835998535
23.01192283630371
22.44010353088379
23.324289321899414
22.325220108032227
22.33474349975586
21.958988189697266
21.538070678710938
22.132240295410156
22.339853286743164
22.167991638183594
21.95537567138672
23.39682960510254
23.811939239501953
23.842636108398438
23.826026916503906
26.397747039794922
25.95473861694336
26.510074615478516
26.665624618530273
26.757291793823242
29.13300323486328
29.699583053588867
29.845088958740234
29.905134201049805
32.46703338623047
31.938648223876953
32.367218017578125
32.354896545410156
32.2381706237793
34.16710662841797
33.39791488647461
33.573299407958984
33.29711151123047
32.90763854980469
33.98426055908203
32.92633819580078
32.81415557861328
32.253665924072266
31.585268020629883
31.877986907958984
30.583255767822266
30.250940322875977
29.4872989654541
28.634334564208984
27.10714340209961
26.70071029663086
25.88802719116211
25.011571884155273
24.960588455200195
23.647985458374023
23.345626831054688
22.661102294921875
21.93593406677246
22.465478897094727
21.383686065673828
21.327922821044922
20.90388298034668
20.451026916503906
21.84669303894043
21.062335968017578
21.304443359375
21.176288604736328
21.014957427978516
23.23544692993164
22.701913833618164
23.17922592163086
23.26866912841797
23.30548667907715
25.98748207092285
25.558908462524414
26.114904403686523
26.255964279174805
28.90182113647461
28.384841918945312
28.824979782104492
28.82343101501465
28.715700149536133
30.651771545410156
29.875404357910156
30.03744888305664
29.740982055664062
29.323549270629883
30.26348114013672
29.14034080505371
28.95219612121582
28.304502487182617
27.537221908569336
27.459331512451172
26.015090942382812
25.518516540527344
24.57709503173828
23.532651901245117
22.739591598510742
21.100549697875977
20.432952880859375
19.34522247314453
18.179916381835938
17.18145751953125
15.526875495910645
14.87000560760498
13.81884479522705
12.71538257598877
12.045671463012695
10.544851303100586
10.061697006225586
9.202749252319336
8.308433532714844
8.350794792175293
7.109591960906982
6.894121170043945
6.309033393859863
5.692882537841797
5.61337947845459
5.670711040496826
5.352412700653076
4.9955549240112305
6.600031852722168
5.853198051452637
6.114602565765381
5.986664295196533
5.805898666381836
7.720991134643555
7.044729709625244
7.361722946166992
7.274632930755615
7.120361328125
9.162872314453125
8.507342338562012
8.834203720092773
8.747053146362305
8.583832740783691
10.556652069091797
9.867305755615234
10.15690803527832
10.030204772949219
9.826184272766113
11.679579734802246
10.954596519470215
11.057615280151367
10.830768585205078
12.650943756103516
11.927999496459961
12.194541931152344
12.056159973144531
11.852545738220215
13.783819198608398
13.110834121704102
13.433138847351074
13.355820655822754
13.217995643615723
15.36829662322998
14.773077011108398
15.17419719696045
15.175905227661133
15.11645793914795
17.489582061767578
16.96171760559082
17.42538833618164
17.484073638916016
17.475339889526367
19.95642852783203
19.447982788085938
19.922008514404297
19.981658935546875
19.964191436767578
22.3592472076416
21.802005767822266
22.21730613708496
22.208452224731445
22.11296272277832
24.220401763916016
23.550949096679688
23.84675407409668
23.711750030517578
23.484113693237305
25.16631507873535
24.348054885864258
24.492841720581055
24.205415725708008
23.824769973754883
24.086915969848633
24.087726593017578
23.660402297973633
23.144624710083008
24.002058029174805
22.926647186279297
22.825298309326172
22.303905487060547
21.702571868896484
22.35738182067871
21.233232498168945
21.092802047729492
20.542085647583008
19.921180725097656
20.575368881225586
19.469966888427734
19.35746192932129
18.843578338623047
18.26811981201172
19.10684585571289
18.085227966308594
18.07080841064453
17.661148071289062
17.19552230834961
18.392017364501953
17.4896240234375
17.58950424194336
17.296287536621094
16.948633193969727
18.501880645751953
17.717247009277344
17.933237075805664
17.753854751586914
17.517162322998047
19.379867553710938
18.688631057739258
18.992218017578125
18.894107818603516
18.731826782226562
20.772178649902344
20.123580932617188
20.460914611816406
20.387351989746094
20.24020767211914
22.26750373840332
21.5947208404541
21.897932052612305
21.780353546142578
21.57941246032715
23.38888168334961
22.625680923461914
22.830230712890625
22.60626792907715
22.2917423248291
23.723739624023438
22.824909210205078
22.890249252319336
22.066150665283203
23.065946578979492
22.026004791259766
21.953432083129883
21.453872680664062
20.86722183227539
21.523405075073242
20.38606834411621
19.650310516357422
18.99907875061035
19.53893280029297
18.39054298400879
18.234214782714844
17.676740646362305
17.059036254882812
17.790315628051758
16.73556137084961
16.687286376953125
16.251771926879883
15.769336700439453
16.978656768798828
16.24489974975586
16.00582504272461
15.725960731506348
17.565710067749023
17.256088256835938
17.22548484802246
17.14957046508789
19.557899475097656
19.066070556640625
19.57575225830078
19.689010620117188
19.74190902709961
22.43454933166504
22.000057220458984
22.54697608947754
22.67674446105957
22.72495460510254
24.74834442138672
25.182998657226562
25.179834365844727
25.080062866210938
27.146747589111328
26.427215576171875
26.653583526611328
26.429346084594727
26.09241485595703
27.326509475708008
26.31975555419922
26.257434844970703
25.745134353637695
25.122892379760742
25.53845977783203
24.278181076049805
23.975282669067383
23.23720359802246
22.405738830566406
20.92058563232422
20.513139724731445
19.694766998291016
18.807941436767578
18.69860076904297
17.357891082763672
17.02340316772461
16.302963256835938
15.538352966308594
15.93149471282959
14.799351692199707
14.691433906555176
14.213821411132812
13.70640754699707
14.93671703338623
14.098133087158203
14.28718090057373
14.107556343078613
13.896750450134277
15.98475456237793
15.413573265075684
15.857027053833008
15.91669750213623
15.92807388305664
18.56179428100586
18.126972198486328
18.68179702758789
18.82680320739746
18.896629333496094
21.5389404296875
21.05065155029297
21.52401351928711
21.559974670410156
21.493797302246094
23.57572364807129
22.85390281677246
23.072839736938477
22.835203170776367
22.478134155273438
23.604036331176758
22.543075561523438
22.416475296020508
21.82927894592285
21.20746612548828
19.812530517578125
19.361976623535156
18.462997436523438
17.45714569091797
16.754562377929688
15.136672019958496
14.485533714294434
13.409490585327148
12.251079559326172
11.244672775268555
9.578141212463379
8.904862403869629
7.8330078125
6.704751968383789
5.938374042510986
4.398778915405273
3.8740577697753906
2.9710638523101807
2.0305447578430176
1.9247171878814697
0.6222481727600098
0.3432502746582031
-0.3054943084716797
-0.9851245880126953
-1.3106675148010254
-1.311506748199463
-1.6861720085144043
-2.097367763519287
-0.6421318054199219
-1.433687686920166
-1.2143301963806152
-1.381606101989746
-1.5989561080932617
0.3512601852416992
-0.30521249771118164
0.03408479690551758
-0.028278350830078125
-0.15552949905395508
1.9802429676055908
1.3593015670776367
1.7221856117248535
1.6723194122314453
1.5474071502685547
3.639380931854248
2.99047589302063
3.32057523727417
3.2342135906219482
3.0702130794525146
5.040136337280273
4.352372646331787
4.646084785461426
4.333734512329102
6.248066425323486
5.553910255432129
5.847943305969238
5.735790252685547
5.557192325592041
7.556927680969238
6.904866695404053
7.247332572937012
7.189535140991211
7.0707268714904785
9.276516914367676
8.69976806640625
9.119608879089355
9.1404390335083
9.100685119628906
11.53767204284668
11.033163070678711
11.521434783935547
11.606094360351562
11.624784469604492
14.19778060913086
13.723396301269531
14.233285903930664
14.330607414245605
14.35263729095459
16.877056121826172
16.366456985473633
16.830068588256836
16.87112808227539
16.82707405090332
19.09701156616211
18.48407745361328
18.837377548217773
18.760705947875977
18.592105865478516
20.45421600341797
19.696361541748047
19.901535034179688
19.67431640625
19.35357093811035
19.84942626953125
19.906543731689453
19.534446716308594
19.072715759277344
20.08420181274414
19.05718231201172
19.002639770507812
18.526424407958984
18.047521591186523
19.275840759277344
18.339351654052734
18.384796142578125
18.018234252929688
17.579761505126953
18.771198272705078
17.841716766357422
17.903621673583984
17.562671661376953
17.158828735351562
18.504993438720703
17.642833709716797
17.779260635375977
17.519569396972656
17.203237533569336
18.84428596496582
18.08936882019043
18.3365478515625
18.1905574798584
17.990158081054688
19.986713409423828
19.35067367553711
19.715911865234375
19.686500549316406
19.600601196289062
21.921669006347656
21.385549545288086
21.845523834228516
21.90521240234375
21.90220832824707
24.429767608642578
23.94690704345703
24.451717376708984
24.5473690032959
24.571247100830078
27.122365951538086
26.627769470214844
27.11089324951172
27.17493438720703
27.157222747802734
29.52561378479004
28.951496124267578
29.346332550048828
29.313735961914062
29.191513061523438
31.204837799072266
30.50066566467285
30.760887145996094
30.589893341064453
30.326385498046875
31.90738868713379
31.05961036682129
31.178058624267578
30.46990966796875
31.680484771728516
30.723949432373047
30.742647171020508
30.342912673950195
29.865419387817383
30.910804748535156
29.925533294677734
29.929580688476562
29.529735565185547
29.0668888092041
30.247020721435547
29.336849212646484
29.43088150024414
29.13551902770996
28.791240692138672
30.40494155883789
29.662687301635742
29.826196670532227
29.676605224609375
31.907703399658203
31.377599716186523
31.965795516967773
32.02556610107422
34.88909149169922
34.721336364746094
35.558013916015625
36.001319885253906
36.38758087158203
40.101806640625
40.015357971191406
40.914207458496094
41.39984130859375
41.807838439941406
45.30883026123047
46.1219482421875
46.500572204589844
46.78074645996094
49.931053161621094
49.57722473144531
50.17102813720703
50.315635681152344
50.34867858886719
52.69513702392578
52.05879211425781
52.366065979003906
52.22222137451172
51.96678161621094
53.469703674316406
52.56639099121094
52.617271423339844
52.2293701171875
51.744285583496094
51.602752685546875
51.51997375488281
51.02159118652344
50.4500732421875
51.258888244628906
50.21520233154297
50.17347717285156
49.741722106933594
49.26195526123047
50.489288330078125
49.62944030761719
49.791587829589844
49.582061767578125
49.341224670410156
51.36643981933594
50.79261779785156
51.247039794921875
51.33384704589844
51.39103698730469
54.295806884765625
54.00250244140625
54.72723388671875
55.07197570800781
55.37236022949219
58.89964294433594
58.77216339111328
59.639381408691406
60.101776123046875
60.49409484863281
64.1344223022461
63.98881530761719
64.80953979492188
65.19743347167969
65.487548828125
68.66190338134766
68.31099700927734
68.9036636352539
69.04220581054688
71.33206939697266
70.6532974243164
70.9087905883789
70.70317077636719
70.37553405761719
71.59413146972656
70.57199096679688
70.4913558959961
69.95907592773438
69.31648254394531
69.67981719970703
68.40864562988281
68.09966278076172
67.36122131347656
66.67571258544922
67.11933898925781
65.92674255371094
65.72265625
65.11563110351562
64.44786834716797
65.03868865966797
63.944366455078125
63.86161804199219
63.397857666015625
62.89387512207031
64.08586120605469
63.222808837890625
63.384246826171875
63.175254821777344
62.93529510498047
64.37228393554688
64.81450653076172
64.88456726074219
64.91973114013672
67.72683715820312
67.3905258178711
68.06783294677734
68.36101531982422
68.60697937011719
71.96345520019531
71.78107452392578
72.59725189208984
73.01416015625
73.3687744140625
76.96320343017578
76.83251190185547
77.68718719482422
78.13072967529297
78.5003890991211
82.08209228515625
81.93090057373047
82.75914001464844
83.17086029052734
83.50511932373047
86.96681213378906
86.77509307861328
87.5638427734375
87.93861389160156
91.62493133544922
91.41878509521484
92.19965362548828
92.57291412353516
92.87857818603516
96.32373046875
96.15144348144531
96.9726333618164
97.39289855957031
97.75135040283203
101.38655090332031
101.28590393066406
102.18177795410156
102.67898559570312
103.11582946777344
106.98660278320312
106.96166229248047
107.93073272705078
108.49726104736328
108.9992904663086
113.0310287475586
113.04625701904297
114.04736328125
114.6378173828125
115.15465545654297
119.17471313476562
119.16616821289062
120.13371276855469
120.68025970458984
121.1434555053711
124.94377136230469
124.84369659423828
125.71098327636719
126.14916229248047
126.49642944335938
129.93101501464844
129.72927856445312
130.49072265625
130.8197784423828
131.05519104003906
134.1255645751953
133.77146911621094
134.38197326660156
134.56231689453125
134.65196228027344
136.82940673828125
137.3195343017578
137.3863983154297
137.37001037597656
139.7590789794922
139.20603942871094
139.6331787109375
139.64666748046875
139.58636474609375
141.90208435058594
141.3440399169922
141.77581787109375
141.80325317382812
141.7663116455078
144.2052459716797
143.70494079589844
144.20217895507812
144.30238342285156
144.34506225585938
147.05908203125
146.6608123779297
147.2643280029297
147.47445678710938
147.630126953125
150.6953887939453
150.41619873046875
151.13873291015625
151.46719360351562
151.73988342285156
155.14207458496094
154.96836853027344
155.79197692871094
156.21653747558594
156.57992553710938
160.21522521972656
160.10476684570312
160.98370361328125
161.45523071289062
161.85670471191406
165.55137634277344
165.4415283203125
166.3112030029297
166.76351928710938
167.13584899902344
170.6839141845703
170.50599670410156
171.2983856201172
171.66456604003906
171.94229125976562
175.1607666015625
174.85963439941406
175.52328491210938
175.75595092773438
175.89613342285156
178.68690490722656
178.24119567871094
178.76087951660156
178.85179138183594
181.24989318847656
180.685546875
181.09437561035156
181.08261108398438
180.99070739746094
183.17791748046875
182.56796264648438
182.9446258544922
182.91464233398438
182.8189239501953
185.0842742919922
184.53062438964844
184.97866821289062
184.99668884277344
184.83364868164062
186.97959899902344
186.41160583496094
186.8565673828125
186.92019653320312
189.68557739257812
189.32675170898438
189.9835205078125
190.25994873046875
193.85519409179688
193.6904296875
194.5327911376953
194.98471069335938
195.38265991210938
199.152099609375
199.0913543701172
200.0196533203125
200.53868103027344
200.98399353027344
204.67312622070312
205.5427703857422
205.9814453125
206.32496643066406
209.68359375
209.40438842773438
210.07501220703125
210.29827880859375
210.41139221191406
213.0036163330078
212.44979858398438
212.83917236328125
212.77670288085938
212.6016082763672
214.33509826660156
213.50408935546875
213.62423706054688
213.30250549316406
212.88003540039062
212.94969177246094
212.90892028808594
212.44796752929688
211.90924072265625
212.78817749023438
211.75869750976562
211.72662353515625
211.30030822753906
210.82183837890625
212.03050231933594
211.15792846679688
211.30455017089844
211.07717895507812
210.81640625
212.77395629882812
212.17626953125
212.60696411132812
212.6705780029297
212.7054443359375
215.55331420898438
215.24574279785156
215.95909118652344
216.2957763671875
216.59181213378906
220.1306915283203
220.01612854003906
220.9010009765625
221.38601684570312
221.80606079101562
225.56021118164062
225.46253967285156
226.33628845214844
226.78199768066406
230.52149963378906
230.2490997314453
230.9235382080078
231.14675903320312
231.25511169433594
233.76443481445312
233.14344787597656
233.4571075439453
233.30975341796875
233.03990173339844
234.42515563964844
233.4550323486328
233.42388916015625
232.93836975097656
232.3392791748047
232.8117218017578
231.56886291503906
231.2837371826172
230.56455993652344
229.7535400390625
229.73211669921875
228.37484741210938
228.00140380859375
227.2203369140625
226.37391662597656
226.40371704101562
225.114501953125
224.83340454101562
224.1680145263672
223.45950317382812
224.0232696533203
222.94715881347656
222.89402770996094
222.46971130371094
222.0135498046875
223.38365173339844
222.58648681640625
222.8143310546875
222.67115783691406
222.4945831298828
224.13754272460938
224.61343383789062
224.70802307128906
224.7578125
227.54205322265625
227.17457580566406
227.80813598632812
228.04530334472656
228.2225799560547
231.299560546875
231.00064086914062
231.6890869140625
231.96804809570312
232.17478942871094
235.27459716796875
234.96466064453125
235.63449096679688
235.88832092285156
236.06455993652344
239.0516815185547
238.7008056640625
239.32977294921875
239.54383850097656
239.6823272705078
242.20457458496094
242.8178253173828
243.02220153808594
243.15762329101562
246.08468627929688
245.73733520507812
246.382568359375
246.62574768066406
246.80648803710938
249.90443420410156
249.62396240234375
250.33998107910156
250.65713500976562
250.91432189941406
254.24826049804688
254.04588317871094
254.8383026123047
255.22927856445312
255.55697631835938
259.0738830566406
258.9205017089844
259.75482177734375
260.2491149902344
260.7218933105469
264.6204528808594
264.57513427734375
265.507568359375
266.0208740234375
266.4524230957031
270.1676025390625
270.0419006347656
270.8848876953125
271.300048828125
271.6252136230469
274.97735595703125
274.7181396484375
275.4224548339844
275.6946105957031
275.8731384277344
278.771728515625
278.3594970703125
278.9112243652344
279.031982421875
279.0611572265625
280.9853515625
281.4088439941406
281.4075927734375
281.321533203125
283.4916687011719
282.86224365234375
283.21124267578125
283.14471435546875
283.0027160644531
285.0630187988281
284.41644287109375
284.7580261230469
284.6937255859375
284.5634765625
286.71417236328125
286.1151428222656
286.5124816894531
