40.709449768066406
40.33511734008789
39.74309158325195
40.2480354309082
41.432064056396484
41.08382797241211
40.570167541503906
40.36122131347656
40.012977600097656
39.59508514404297
40.256744384765625
40.3873405456543
39.9781608581543
41.03158950805664
41.07511901855469
40.92711639404297
37.139976501464844
35.86018753051758
36.57408905029297
35.17241668701172
35.93855285644531
36.21714401245117
36.426090240478516
36.957157135009766
36.922332763671875
36.87881851196289
37.0877571105957
36.89622497558594
37.51435470581055
38.19342803955078
38.210960388183594
38.16710662841797
38.14080810546875
38.45646667480469
38.71073532104492
38.65812683105469
38.570457458496094
38.6318244934082
38.44768524169922
38.4740104675293
37.94792556762695
37.75502014160156
37.798851013183594
37.141265869140625
37.570892333984375
36.85192108154297
36.808067321777344
35.96635055541992
36.281986236572266
36.43980407714844
36.56256866455078
37.26401138305664
37.07987594604492
37.59719467163086
37.57966232299805
37.61472702026367
36.35213088989258
36.13294219970703
35.92249298095703
35.913734436035156
35.650699615478516
35.703311920166016
35.32628631591797
36.43103790283203
36.413516998291016
36.31705856323242
36.369667053222656
36.580101013183594
36.615177154541016
36.51872634887695
37.053565979003906
36.96589279174805
36.49242401123047
37.62350082397461
37.38676452636719
37.693641662597656
38.00051498413086
41.97242736816406
42.11271286010742
43.10350036621094
43.01582336425781
42.647560119628906
42.66510772705078
42.29684829711914
41.73569107055664
40.578304290771484
40.94657516479492
41.867218017578125
41.53402328491211
41.5164909362793
41.761993408203125
42.71771240234375
42.349449157714844
42.095176696777344
41.9892692565918
41.9892692565918
41.84807586669922
41.389190673828125
41.115604400634766
42.015750885009766
41.87456512451172
41.353878021240234
41.68040466308594
41.406822204589844
41.34504699707031
40.912620544433594
40.718475341796875
40.356658935546875
40.286048889160156
41.133262634277344
40.983219146728516
40.56846618652344
40.136016845703125
40.44490432739258
40.56846618652344
41.23032760620117
40.68316650390625
40.79790115356445
40.515506744384766
40.27722930908203
40.286048889160156
39.94187927246094
39.15645217895508
38.962310791015625
39.227054595947266
39.18293380737305
39.174102783203125
39.09468078613281
39.04174041748047
39.2888298034668
39.36825942993164
40.18898010253906
40.259578704833984
40.38313293457031
41.1773681640625
41.14208221435547
41.406822204589844
41.724517822265625
40.18898010253906
40.69200134277344
40.54197311401367
40.02131271362305
40.01247787475586
40.85085678100586
41.37152862548828
41.212669372558594
41.309757232666016
41.953975677490234
41.9892692565918
41.14208221435547
41.24797821044922
41.76865005493164
40.95674514770508
41.24797821044922
41.2391471862793
41.47743225097656
41.75981903076172
41.99079513549805
41.40450668334961
40.56060028076172
38.25986099243164
37.02509307861328
35.950225830078125
37.94005584716797
38.99715042114258
39.02379608154297
38.659610748291016
37.149452209472656
38.5174674987793
38.64183807373047
37.851234436035156
38.98828887939453
38.25986099243164
38.45528030395508
38.62406539916992
38.23320388793945
39.068214416503906
39.35248947143555
39.30805969238281
38.62406539916992
39.18370819091797
38.99715042114258
38.97051239013672
39.00603485107422
39.03268814086914
38.45528030395508
38.588531494140625
39.31694412231445
39.627864837646484
40.480648040771484
41.422271728515625
41.52886199951172
41.57329177856445
42.150699615478516
41.84867477416992
41.750953674316406
41.65323257446289
41.46669006347656
41.75982666015625
42.20399475097656
42.301692962646484
42.4349479675293
41.9286003112793
42.665897369384766
46.965370178222656
48.191246032714844
47.693790435791016
47.95139694213867
47.40065383911133
46.76105880737305
47.29405212402344
48.102420806884766
48.32449722290039
48.306739807128906
48.78641891479492
48.111297607421875
47.533897399902344
47.65825653076172
47.36511993408203
46.93871307373047
47.764862060546875
47.37137985229492
48.158355712890625
48.23883819580078
48.4624137878418
48.4624137878418
48.51607131958008
48.015262603759766
48.22989273071289
48.605506896972656
49.3835563659668
49.374610900878906
48.47136306762695
50.000614166259766
49.91119384765625
49.893310546875
49.16891098022461
49.42826461791992
48.34615707397461
49.312007904052734
49.36567306518555
50.1973762512207
49.81281280517578
48.408756256103516
49.03477478027344
49.499820709228516
49.920127868652344
49.785987854003906
50.0363883972168
50.57297134399414
50.35835266113281
49.616065979003906
49.00794219970703
49.23151779174805
48.337215423583984
46.65591812133789
46.799007415771484
46.772193908691406
47.20145034790039
46.18193054199219
47.4965705871582
45.60063552856445
45.216087341308594
45.421775817871094
45.1445426940918
46.763248443603516
46.316078186035156
46.65591812133789
45.806331634521484
46.55754089355469
49.26728439331055
48.92746353149414
47.39820098876953
46.64697265625
46.50388717651367
44.858367919921875
44.18762969970703
44.07137680053711
44.45592498779297
44.43803405761719
45.16243362426758
46.01811599731445
47.2160758972168
47.0089111328125
46.6756477355957
47.42326354980469
46.09918975830078
46.26132583618164
46.92784881591797
46.207275390625
45.82896041870117
47.36021423339844
47.6934814453125
47.15303421020508
46.864810943603516
45.96407699584961
46.522525787353516
47.594390869140625
46.88282012939453
47.80155563354492
47.89162063598633
48.26993179321289
48.95449447631836
49.23371505737305
48.179866790771484
48.51314163208008
48.70228958129883
48.612205505371094
48.82838439941406
48.22490310668945
49.278751373291016
49.584999084472656
49.74711990356445
50.053375244140625
49.927276611328125
49.143638610839844
49.64803695678711
49.053565979003906
49.017539978027344
48.91846466064453
49.224708557128906
49.855224609375
49.864227294921875
50.12543869018555
50.85502624511719
50.791969299316406
50.07138442993164
50.24252700805664
46.639625549316406
46.936851501464844
46.3333740234375
45.88299560546875
44.94626235961914
44.91923904418945
45.58577346801758
44.83816146850586
44.91923904418945
44.98227310180664
45.38759994506836
45.09938049316406
45.95506286621094
45.98208999633789
46.39640808105469
46.009117126464844
46.68466567993164
45.81391525268555
46.086021423339844
45.64158248901367
45.9136848449707
45.378536224365234
46.79349899291992
47.27422332763672
47.065608978271484
47.45563507080078
48.072418212890625
47.93635177612305
47.60075378417969
46.974910736083984
47.283287048339844
47.25608444213867
47.20166778564453
46.82070541381836
46.69373321533203
45.478309631347656
45.19713592529297
45.07014846801758
45.7050666809082
45.46924591064453
45.41481399536133
46.43069076538086
46.24928665161133
47.0837516784668
45.19713592529297
43.92729949951172
44.8433952331543
45.841129302978516
46.41255187988281
46.403480529785156
46.41255187988281
46.60302734375
46.60302734375
47.437496185302734
47.70052719116211
48.26288604736328
48.53499984741211
48.74360275268555
48.70732879638672
48.94314956665039
48.154029846191406
50.711856842041016
50.61208724975586
51.31049728393555
51.45561218261719
51.48283767700195
50.9658317565918
50.98396682739258
51.41026306152344
51.3195686340332
51.3195686340332
51.67331314086914
52.05424880981445
52.571258544921875
52.661964416503906
52.7889518737793
52.62568664550781
52.8796501159668
52.55310821533203
52.71638488769531
52.4243278503418
52.53384780883789
52.57036209106445
52.58860397338867
52.63424301147461
52.83503723144531
52.889801025390625
53.0905876159668
52.96280288696289
53.02669906616211
52.83503723144531
52.44257354736328
52.561222076416016
52.63424301147461
52.5794792175293
52.6251106262207
52.41520309448242
51.301727294921875
52.068382263183594
51.59377670288086
51.34736251831055
52.19615936279297
52.25091552734375
51.958858489990234
51.84933090209961
52.71638107299805
52.77113723754883
52.41520309448242
51.931480407714844
52.889801025390625
52.96280288696289
52.3878288269043
52.57036209106445
52.406070709228516
52.241790771484375
52.60685729980469
52.69813919067383
52.75288772583008
52.971927642822266
52.19615936279297
52.12314224243164
51.94973373413086
52.406070709228516
52.223533630371094
52.6251106262207
52.5064697265625
52.25091552734375
54.45047378540039
55.6734619140625
55.66434097290039
55.33577346801758
54.852054595947266
54.64213943481445
54.687767028808594
54.578243255615234
54.24055480957031
54.039764404296875
53.58342742919922
55.14411163330078
55.18974685668945
54.91594314575195
53.574310302734375
53.86635971069336
53.04494094848633
54.09242630004883
54.80913162231445
55.71878433227539
55.45231628417969
55.920928955078125
56.15983963012695
55.49827194213867
55.61772155761719
55.691219329833984
56.13227081298828
55.36962127685547
54.3956413269043
54.44159698486328
55.33287811279297
55.08478546142578
56.3895378112793
56.05876541137695
56.940853118896484
57.12461471557617
57.86887741088867
57.59323501586914
57.501338958740234
57.24406433105469
58.456947326660156
58.383426666259766
58.383426666259766
58.39263153076172
58.107791900634766
58.14454650878906
57.87807846069336
57.795379638671875
57.09705352783203
57.501338958740234
57.24406433105469
57.24406433105469
57.740238189697266
57.55648422241211
57.53810119628906
58.06183624267578
57.5289192199707
57.61160659790039
57.455406188964844
57.427833557128906
57.24406433105469
57.648353576660156
57.85051345825195
58.365047454833984
58.512081146240234
59.054203033447266
60.4416618347168
59.844398498535156
59.40335464477539
58.42020034790039
58.043460845947266
58.512081146240234
58.47532272338867
58.2823600769043
58.19966125488281
58.86122512817383
58.806114196777344
59.467674255371094
59.68953323364258
59.652557373046875
59.643310546875
59.73575973510742
59.615570068359375
59.49540328979492
59.73575973510742
59.73575973510742
59.37523651123047
59.144134521484375
60.03157043457031
59.171875
59.39372253417969
59.41221618652344
59.532379150390625
60.077781677246094
59.83744812011719
60.02231979370117
59.818946838378906
59.54164505004883
59.85593032836914
59.75423812866211
59.96685791015625
60.02231979370117
59.356746673583984
60.114768981933594
59.96685791015625
60.068546295166016
60.179466247558594
60.3551025390625
60.521522521972656
60.74336242675781
60.88203048706055
60.59546661376953
60.76185989379883
60.604698181152344
60.76185989379883
60.715633392333984
60.57697296142578
60.53075408935547
60.29964828491211
60.040809631347656
60.53075408935547
60.44755172729492
60.12400817871094
60.54923629760742
61.3812255859375
62.425804138183594
62.78633117675781
62.7031364440918
63.10988998413086
63.285526275634766
64.16371154785156
64.06202697753906
63.85865020751953
63.60906982421875
63.784698486328125
63.72923278808594
63.82169723510742
64.07128143310547
63.285526275634766
63.21155548095703
63.25778579711914
64.53150177001953
62.73715591430664
62.95098114013672
62.93238067626953
63.638954162597656
63.85279846191406
63.93645477294922
64.72673034667969
65.04283142089844
65.46121215820312
64.93126678466797
65.17298889160156
66.71631622314453
67.19979095458984
67.42290496826172
67.30205535888672
66.89295959472656
65.37753295898438
64.87548065185547
65.68436431884766
65.33103942871094
64.98704528808594
65.08002471923828
65.88887023925781
64.99634552001953
65.33103942871094
65.32174682617188
66.20498657226562
65.57276153564453
64.34555053710938
64.89408111572266
63.676151275634766
64.08521270751953
63.37864685058594
64.22468566894531
63.75052261352539
64.5779800415039
65.06144714355469
65.07073211669922
66.1491928100586
66.72563171386719
67.66462707519531
68.1945571899414
68.1480941772461
68.66871643066406
69.00341796875
68.60364532470703
68.42699432373047
68.97551727294922
68.8453598022461
68.01792907714844
67.9063491821289
67.59024047851562
67.47869110107422
67.18118286132812
67.07890319824219
67.57164764404297
67.31134796142578
67.67391967773438
67.37641906738281
66.39093017578125
67.404296875
68.41769409179688
68.43640899658203
68.83829498291016
67.66996765136719
67.75407409667969
67.43629455566406
68.38031005859375
67.96903991699219
67.9410171508789
68.06250762939453
68.07186889648438
68.27748107910156
69.17476654052734
69.88511657714844
69.10935974121094
68.80091857910156
68.6046371459961
69.48321533203125
69.14673614501953
69.87578582763672
69.8010025024414
70.29639434814453
69.88511657714844
70.38985443115234
70.2496337890625
70.5113525390625
70.04401397705078
69.3617172241211
69.54864501953125
68.4737777709961
68.4737777709961
69.02523040771484
69.04393005371094
69.62342071533203
69.73558807373047
69.40843200683594
69.81037902832031
71.0067367553711
71.03477478027344
71.30583190917969
71.30583190917969
71.42733001708984
72.08161163330078
72.42742919921875
72.57698059082031
72.52088928222656
72.53958892822266
72.81999206542969
73.66119384765625
73.67987060546875
73.70792388916016
73.49295043945312
73.61444854736328
78.33452606201172
78.4093017578125
77.74567413330078
77.74567413330078
78.55883026123047
78.64298248291016
78.95140075683594
78.76446533203125
79.0355224609375
78.5962142944336
78.39059448242188
78.44669342041016
78.55883026123047
77.94824981689453
78.15489959716797
77.40343475341797
77.52555084228516
78.64339447021484
78.07038116455078
78.2112808227539
78.78429412841797
79.73306274414062
78.28643798828125
79.06610870361328
79.15064239501953
76.1634750366211
76.64254760742188
77.7603759765625
77.48795318603516
79.05670928955078
80.06184387207031
80.39060974121094
80.17454528808594
79.5545883178711
81.5835952758789
81.14208984375
80.62544250488281
80.33424377441406
80.31546783447266
80.3248519897461
80.2215347290039
80.51273345947266
80.52210235595703
80.35304260253906
80.73817443847656
81.1139144897461
81.82783508300781
82.84234619140625
82.92689514160156
82.87051391601562
82.49476623535156
82.73902893066406
84.16683197021484
82.99264526367188
84.67410278320312
84.63650512695312
84.54258728027344
86.05493927001953
86.32735443115234
86.25221252441406
86.73129272460938
88.35641479492188
88.2248764038086
87.11642456054688
89.2488021850586
88.54427337646484
86.21463775634766
82.66387176513672
85.79193115234375
84.17623901367188
79.85516357421875
82.83295440673828
83.72533416748047
84.38288879394531
85.70417022705078
87.4501724243164
86.82727813720703
87.50678253173828
86.34593963623047
86.57244873046875
88.77145385742188
90.05497741699219
88.903564453125
88.49774932861328
87.62946319580078
87.8182373046875
88.37506103515625
88.07304382324219
88.58269500732422
89.12065124511719
91.11200714111328
91.32907104492188
89.10176849365234
88.5732421875
88.88471221923828
89.28108215332031
87.667236328125
87.89373779296875
87.28028106689453
84.74153137207031
82.27825927734375
88.50719451904297
84.43951416015625
84.364013671875
86.13831329345703
83.54292297363281
84.66600036621094
87.13871002197266
87.1859130859375
85.15679168701172
85.66641998291016
87.65779113769531
86.69514465332031
88.31844329833984
87.84652709960938
88.87527465820312
90.66842651367188
91.01763153076172
90.70618438720703
89.6585922241211
89.98892211914062
87.8843002319336
87.11984252929688
88.960205078125
90.43250274658203
88.26179504394531
89.6585922241211
88.25239562988281
88.78087615966797
89.8095932006836
90.80998992919922
90.42306518554688
91.48953247070312
92.40498352050781
92.206787109375
92.51821899414062
91.84814453125
92.08512878417969
91.16568756103516
91.33631134033203
92.51165008544922
92.41687774658203
93.51639556884766
93.18463134765625
93.23204040527344
92.9002914428711
93.79127502441406
93.68699645996094
95.53534698486328
96.36945343017578
96.86235809326172
97.14671325683594
95.62064361572266
96.33155059814453
95.78179168701172
96.02825164794922
95.59221649169922
96.13249969482422
94.90975952148438
95.60169219970703
95.60169219970703
96.55903625488281
95.86709594726562
95.17516326904297
93.26045989990234
93.91448974609375
92.45478057861328
93.48795318603516
93.46900177001953
94.79601287841797
93.88605499267578
94.5590591430664
95.88604736328125
96.54009246826172
96.7960205078125
96.66329956054688
98.75809478759766
99.93343353271484
99.4405517578125
100.42633056640625
99.63960266113281
98.9571304321289
100.72965240478516
102.34101104736328
102.04718780517578
105.05192565917969
103.90499877929688
102.06613159179688
99.8765640258789
100.54955291748047
100.73912811279297
101.96187591552734
102.40735626220703
102.49267578125
103.2035903930664
103.78175354003906
103.952392578125
103.31732177734375
102.56851196289062
103.84811401367188
102.43988800048828
102.42084503173828
102.36376953125
101.68819427490234
100.84135437011719
101.86898803710938
102.34474182128906
103.1440200805664
104.28582763671875
104.91383361816406
106.58848571777344
106.5218734741211
106.88345336914062
106.29351043701172
103.22964477539062
103.46751403808594
102.96322631835938
104.07649993896484
105.84630584716797
106.29351043701172
107.43533325195312
107.873046875
106.70267486572266
107.72078704833984
106.28398895263672
108.06333923339844
108.71987915039062
109.1099853515625
108.9006576538086
108.45345306396484
108.86258697509766
108.82452392578125
110.00442504882812
109.56671905517578
109.58575439453125
107.3211441040039
106.69316101074219
105.47521209716797
106.81684875488281
101.01264190673828
100.77472686767578
104.25727081298828
102.38280487060547
105.61793518066406
105.34200286865234
103.23916625976562
103.39139556884766
104.31436157226562
102.85857391357422
97.35883331298828
103.04886627197266
101.77383422851562
98.81462097167969
98.70045471191406
101.631103515625
100.78424835205078
101.01264190673828
102.29714965820312
102.49698638916016
106.53140258789062
106.33158111572266
104.25727081298828
101.68819427490234
101.75479888916016
100.31181335449219
102.51929473876953
103.48446655273438
99.97734832763672
97.19646453857422
98.53435516357422
98.49613189697266
101.7452621459961
102.38553619384766
106.18889617919922
105.30016326904297
105.96910095214844
107.11585235595703
103.70425415039062
104.34453582763672
100.16845703125
102.81552124023438
103.77117919921875
104.23942565917969
104.59298706054688
101.32476043701172
98.32411193847656
99.356201171875
99.08861541748047
97.00534057617188
93.87090301513672
89.95283508300781
96.0975112915039
96.69001007080078
95.93505859375
97.06266784667969
96.6326675415039
93.07774353027344
97.40672302246094
97.53094482421875
98.23811340332031
99.64288330078125
99.00260162353516
98.23811340332031
97.52137756347656
100.35003662109375
100.70361328125
101.41080474853516
102.93022155761719
100.99031066894531
101.97459411621094
101.48722076416016
102.4141845703125
100.41692352294922
98.37190246582031
101.65924072265625
99.79578399658203
98.21900177001953
101.04763793945312
102.46196746826172
101.32476043701172
100.59848022460938
100.98076629638672
100.57937622070312
102.1466064453125
102.07015228271484
102.15615844726562
103.41758728027344
103.36978912353516
102.83238220214844
105.00130462646484
106.49845123291016
107.09344482421875
107.83242797851562
107.65008544921875
107.51571655273438
107.99557495117188
107.73643493652344
107.19900512695312
107.24700164794922
105.94181823730469
106.05697631835938
108.28350830078125
109.04166412353516
109.88619232177734
109.97257995605469
111.2393798828125
112.83248138427734
112.9092788696289
112.78450012207031
115.3757095336914
112.33345031738281
112.91886901855469
113.15879821777344
112.06472778320312
112.2182846069336
113.18759155273438
114.22408294677734
114.38722229003906
115.13579559326172
114.55035400390625
115.05902862548828
115.09739685058594
114.47358703613281
115.34690856933594
115.48126983642578
116.07630157470703
116.17227935791016
115.90354919433594
116.86323547363281
118.3987808227539
118.7730712890625
120.38538360595703
119.97270202636719
123.94586944580078
124.65604400634766
124.54087829589844
125.3374252319336
122.72705078125
121.12434387207031
123.70592498779297
122.98615264892578
120.462158203125
120.45255279541016
120.44295501708984
122.00727081298828
118.37957763671875
119.70399475097656
121.38966369628906
124.19276428222656
123.3643569946289
121.58235168457031
122.23735809326172
122.97904205322266
121.54380798339844
121.60160064697266
121.52454376220703
120.34938049316406
121.11033630371094
119.13565826416016
115.436767578125
118.63477325439453
121.20667266845703
123.12354278564453
126.572021484375
127.72793579101562
127.24628448486328
126.65868377685547
127.45816802978516
127.58341979980469
127.96874237060547
130.19384765625
130.70437622070312
131.91807556152344
131.9373779296875
132.7175750732422
128.52740478515625
129.009033203125
129.22097778320312
129.03794860839844
130.69471740722656
131.56166076660156
132.4093475341797
132.02406311035156
131.92770385742188
131.44607543945312
132.7850341796875
133.31484985351562
133.7964324951172
133.7964324951172
132.04331970214844
131.26309204101562
131.40753173828125
131.60020446777344
133.34368896484375
134.17210388183594
135.54957580566406
135.0390167236328
136.14678955078125
135.84817504882812
135.19317626953125
131.26309204101562
132.9873046875
131.86993408203125
127.35225677490234
129.74111938476562
130.30947875976562
133.7867889404297
132.65017700195312
130.8007049560547
133.5074920654297
129.48695373535156
129.19703674316406
131.5648651123047
133.7683868408203
132.65696716308594
134.13565063476562
133.15951538085938
128.91676330566406
130.9076690673828
131.1879425048828
131.01400756835938
133.48812866210938
133.2368621826172
131.4778594970703
133.01455688476562
135.3533935546875
134.4352569580078
132.90826416015625
131.51651000976562
131.5552215576172
132.90826416015625
132.7149658203125
131.75816345214844
132.78260803222656
133.87474060058594
136.33921813964844
134.76385498046875
134.47393798828125
132.77291870117188
134.68653869628906
134.86050415039062
133.1112060546875
134.36761474609375
132.47332763671875
130.13449096679688
131.7098388671875
133.48812866210938
132.52166748046875
131.1202850341797
133.60411071777344
134.4352569580078
134.9958038330078
134.8701934814453
136.82241821289062
135.70132446289062
135.0054931640625
132.8019561767578
133.7877197265625
131.79684448242188
132.6376495361328
135.24710083007812
136.01058959960938
139.35458374023438
138.0401611328125
139.76048278808594
138.56207275390625
138.9003448486328
139.70249938964844
139.615478515625
139.22894287109375
139.4221954345703
141.06520080566406
141.210205078125
142.1379852294922
142.3699493408203
143.0948028564453
144.9407501220703
145.29832458496094
145.34666442871094
145.09449768066406
144.95875549316406
145.06544494628906
146.65582275390625
147.431640625
147.71287536621094
146.8013153076172
145.02664184570312
144.79391479492188
145.31756591796875
145.39512634277344
147.16009521484375
146.78187561035156
146.558837890625
147.1116180419922
148.6050262451172
149.8560028076172
150.8257598876953
150.01116943359375
149.70086669921875
151.00033569335938
152.64892578125
152.64892578125
152.6197967529297
153.8707733154297
154.15200805664062
152.82345581054688
152.93011474609375
155.76181030273438
153.82229614257812
154.2199249267578
152.81375122070312
155.24783325195312
157.1873321533203
156.46002197265625
158.3413543701172
157.2261505126953
158.244384765625
161.1439208984375
162.0458221435547
161.46395874023438
160.68814086914062
161.6773223876953
160.048095703125
157.37158203125
160.4554443359375
162.9573516845703
167.5540008544922
165.08111572265625
169.10560607910156
174.6719970703125
174.45867919921875
178.07582092285156
178.3279571533203
182.9924774169922
178.861328125
179.1231689453125
178.15342712402344
179.7438201904297
181.56695556640625
182.1114959716797
179.33041381835938
173.66131591796875
166.17384338378906
163.4316864013672
165.4736785888672
153.81459045410156
157.53887939453125
168.02137756347656
159.96990966796875
165.8432159423828
161.68133544921875
157.11105346679688
146.4632568359375
156.4789581298828
149.39015197753906
135.22225952148438
154.4466552734375
131.68270874023438
142.52500915527344
136.5252685546875
138.7715301513672
133.5594482421875
132.22727966308594
144.24612426757812
142.86534118652344
151.80169677734375
145.568603515625
155.80799865722656
153.35755920410156
147.91209411621094
150.9751739501953
149.5846405029297
160.7089080810547
158.97805786132812
160.57278442382812
160.58251953125
160.9423065185547
168.90628051757812
167.13650512695312
172.15406799316406
173.67105102539062
170.22874450683594
163.18853759765625
168.73126220703125
166.689208984375
169.73281860351562
169.2466278076172
165.1236572265625
172.5333251953125
174.26422119140625
169.75228881835938
173.90444946289062
175.77142333984375
177.5023193359375
178.53306579589844
179.58323669433594
181.58636474609375
177.47312927246094
174.78932189941406
175.54776000976562
178.10520935058594
179.80691528320312
178.56222534179688
181.03903198242188
178.864501953125
178.94253540039062
177.0508270263672
177.2848358154297
176.88502502441406
178.6890106201172
178.27944946289062
180.30767822265625
180.74647521972656
178.36720275878906
182.54067993164062
183.6717987060547
185.0759735107422
191.9407501220703
181.63380432128906
183.0672607421875
184.23736572265625
188.75213623046875
189.40545654296875
191.43370056152344
190.2928009033203
195.5779266357422
196.88455200195312
192.91586303710938
195.3536376953125
191.44345092773438
193.50094604492188
198.44473266601562
199.6051025390625
201.12628173828125
205.4557647705078
203.0667724609375
207.5327606201172
208.98568725585938
208.3518524169922
201.91612243652344
203.16427612304688
202.86196899414062
198.8445281982422
197.8303985595703
206.33338928222656
203.55433654785156
206.4796600341797
197.4988555908203
196.28976440429688
198.7762908935547
196.9918212890625
198.98104858398438
198.82501220703125
199.90736389160156
211.15040588378906
207.98133850097656
207.64002990722656
210.96514892578125
207.19146728515625
203.0667724609375
198.31796264648438
203.9833526611328
203.50555419921875
203.70054626464844
205.04623413085938
206.22613525390625
204.97494506835938
209.7449951171875
208.2201690673828
208.8750762939453
211.5924072265625
216.16696166992188
221.47459411621094
223.75209045410156
220.44827270507812
222.14906311035156
226.4303741455078
212.4037322998047
209.42242431640625
198.09361267089844
206.52914428710938
200.74252319335938
199.43270874023438
200.7816162109375
204.07571411132812
200.42974853515625
198.33795166015625
195.874755859375
197.97630310058594
202.74632263183594
196.07022094726562
198.6116485595703
203.1373291015625
204.7208251953125
202.58993530273438
205.5907745361328
207.6727752685547
201.5440673828125
205.63966369628906
201.27035522460938
205.10202026367188
205.8351287841797
210.94728088378906
216.4113311767578
217.83843994140625
215.8834991455078
214.71054077148438
214.71054077148438
209.39312744140625
209.81341552734375
209.9600372314453
210.0480194091797
211.3578338623047
205.3463897705078
208.44497680664062
198.11312866210938
200.10716247558594
197.90785217285156
197.77102661132812
201.77862548828125
211.51422119140625
218.2587432861328
218.6790313720703
213.46914672851562
206.2554168701172
211.67059326171875
210.5856475830078
211.6315155029297
212.3352813720703
209.62770080566406
206.8640594482422
208.17727661132812
206.1878204345703
205.91342163085938
209.5885009765625
209.5983123779297
210.93112182617188
209.7943115234375
211.89157104492188
211.06834411621094
209.96092224121094
210.0785369873047
210.00990295410156
211.69554138183594
207.56967163085938
206.31521606445312
209.00048828125
209.92169189453125
209.85311889648438
214.90023803710938
215.03746032714844
214.2240447998047
218.1441192626953
219.46719360351562
216.60549926757812
218.3009490966797
220.46681213378906
219.67300415039062
217.2523193359375
217.9775390625
213.34202575683594
213.54782104492188
208.01063537597656
213.9300079345703
215.23345947265625
213.14601135253906
210.6371307373047
212.01898193359375
208.7653045654297
208.40267944335938
212.11695861816406
219.8591766357422
220.4766082763672
221.43702697753906
224.94552612304688
227.6896209716797
228.2482147216797
234.1577606201172
227.32699584960938
234.86337280273438
234.7261962890625
238.146484375
237.17625427246094
237.3624725341797
237.62705993652344
238.90113830566406
237.97010803222656
239.6067352294922
240.09674072265625
238.83248901367188
239.87371826171875
239.47097778320312
236.700927734375
230.35537719726562
229.1373291015625
230.39468383789062
224.93319702148438
228.2631378173828
232.7423553466797
229.72669982910156
223.52850341796875
222.7132110595703
227.49693298339844
223.3615264892578
229.63833618164062
228.30242919921875
232.92897033691406
231.57339477539062
230.6500701904297
233.4987030029297
232.84056091308594
226.63255310058594
226.26907348632812
231.80917358398438
233.37098693847656
231.28854370117188
228.22381591796875
232.2904815673828
231.07247924804688
227.7425079345703
231.59307861328125
238.05650329589844
244.657470703125
243.46888732910156
245.47274780273438
248.7633819580078
251.31735229492188
251.37628173828125
253.91053771972656
251.06190490722656
254.9026641845703
256.1207275390625
254.15611267089844
253.68467712402344
255.96353149414062
252.6139678955078
256.5234069824219
256.91632080078125
257.32891845703125
250.05015563964844
248.03648376464844
247.71231079101562
247.39801025390625
243.4001007080078
242.10350036621094
245.3057403564453
247.98739624023438
242.80091857910156
241.86773681640625
234.76585388183594
238.7244415283203
243.75375366210938
240.8363494873047
238.7735595703125
239.3643035888672
242.67237854003906
241.38262939453125
246.9059600830078
247.83145141601562
247.60499572753906
245.4586639404297
245.82293701171875
243.57818603515625
243.47972106933594
241.914306640625
246.91578674316406
249.88914489746094
248.66831970214844
249.6725616455078
253.2661590576172
253.90611267089844
255.875244140625
254.3688507080078
253.40403747558594
256.86962890625
255.4223175048828
258.5728759765625
261.40838623046875
261.1721496582031
262.5701904296875
260.92596435546875
264.5688171386719
267.2073974609375
266.7151794433594
267.4043273925781
273.36083984375
273.3707275390625
275.60565185546875
273.13446044921875
273.6463928222656
273.03594970703125
276.639404296875
278.14581298828125
276.6886291503906
276.4129638671875
272.73077392578125
275.00506591796875
277.0529479980469
281.7196960449219
285.1951904296875
284.5847473144531
282.1135559082031
281.7984924316406
282.07415771484375
280.50872802734375
280.4201354980469
282.6845397949219
282.0840148925781
285.0474853515625
284.9884338378906
283.8758850097656
282.0151062011719
282.5172424316406
285.3330078125
288.3260498046875
290.0490417480469
288.5525207519531
286.78680419921875
292.7448425292969
300.2319030761719
300.51800537109375
298.5155334472656
297.9137878417969
295.0334167480469
295.65484619140625
299.4723815917969
297.78558349609375
297.7362365722656
297.0654602050781
297.0556335449219
296.108642578125
296.1382141113281
293.2183532714844
291.6992492675781
292.96185302734375
295.72393798828125
300.6856689453125
301.08026123046875
295.80279541015625
290.308349609375
290.80157470703125
294.5302734375
295.4970397949219
295.2898864746094
290.1801452636719
279.674560546875
280.1481018066406
278.0962829589844
285.1789245605469
279.2701110839844
284.8435363769531
289.134521484375
290.85089111328125
290.85089111328125
290.2393493652344
288.9075927734375
292.2911071777344
298.6437683105469
300.0839538574219
303.1221923828125
304.0494689941406
303.2405700683594
306.545166015625
304.9668273925781
303.9508056640625
305.9039001464844
318.78680419921875
319.9507751464844
327.1221923828125
324.9027099609375
328.61175537109375
329.46990966796875
331.8768310546875
331.5019836425781
332.4193420410156
331.3934631347656
326.31329345703125
327.9212341308594
332.1530456542969
331.5118408203125
334.9051818847656
335.13250732421875
337.2572326660156
339.0755615234375
335.8341369628906
333.70941162109375
333.9367370605469
325.8034362792969
332.6717529296875
326.7027893066406
326.1987609863281
325.61572265625
319.2119140625
322.3545227050781
330.98187255859375
331.03131103515625
329.18328857421875
338.51226806640625
335.4091796875
324.4792175292969
330.71502685546875
321.0796813964844
319.9925842285156
316.1483459472656
323.4415588378906
329.2820739746094
330.75457763671875
338.4233093261719
337.2374267578125
337.9292297363281
335.33013916015625
332.3653869628906
330.8138427734375
325.1413879394531
312.6598815917969
310.1892395019531
310.34735107421875
310.5746765136719
311.2763671875
314.5276184082031
301.21600341796875
306.55255126953125
299.0912780761719
299.7633056640625
298.0536804199219
292.54913330078125
292.8851623535156
285.0978088378906
293.2211608886719
296.3143310546875
304.6353454589844
307.3233947753906
305.1294860839844
309.7742004394531
297.707763671875
302.3426513671875
297.4112854003906
300.9788513183594
307.5506591796875
298.8244934082031
291.57080078125
291.5312805175781
296.9369201660156
296.59033203125
287.9055480957031
285.1327209472656
284.9247741699219
277.54718017578125
291.72802734375
294.421630859375
295.88726806640625
292.0845642089844
297.273681640625
293.045166015625
287.0439758300781
276.20037841796875
273.17010498046875
285.6972351074219
282.8154602050781
277.3490905761719
273.7543640136719
284.3603515625
291.5299987792969
292.3519592285156
297.51129150390625
296.253662109375
301.1060485839844
296.5804443359375
301.1456604003906
300.7297058105469
307.68157958984375
312.3457946777344
310.8108215332031
305.3147277832031
306.41400146484375
311.9100646972656
307.85980224609375
296.59033203125
298.44219970703125
294.0849304199219
282.4887390136719
279.31976318359375
284.8257751464844
277.1114196777344
277.7947082519531
282.5282897949219
283.5780029296875
278.0818786621094
271.3677673339844
277.9928283691406
267.5948181152344
280.468505859375
286.8162536621094
274.8238830566406
281.70635986328125
279.0425109863281
287.162841796875
274.6555480957031
272.06097412109375
262.00958251953125
266.8818054199219
258.01873779296875
252.86927795410156
258.5832214355469
258.9595031738281
264.2278747558594
252.19764709472656
251.2646026611328
250.6888885498047
258.7189636230469
257.69659423828125
260.5751037597656
263.9300537109375
271.2156677246094
269.8558654785156
270.40179443359375
272.5457458496094
268.01953125
266.75897216796875
270.4811706542969
268.4066467285156
262.82830810546875
251.11570739746094
240.4652099609375
242.67869567871094
249.8948211669922
243.15512084960938
245.8152618408203
251.8601531982422
251.2546844482422
256.9422302246094
265.71673583984375
262.92755126953125
254.57986450195312
258.3318786621094
254.92726135253906
257.6568603515625
260.90264892578125
264.2377624511719
266.4115295410156
265.677001953125
262.5503845214844
251.79066467285156
250.8477020263672
252.19764709472656
254.8180694580078
252.3663787841797
257.60723876953125
260.32696533203125
262.8779296875
258.43109130859375
256.91241455078125
250.03378295898438
266.7490234375
274.3622131347656
278.6601257324219
275.95037841796875
272.78399658203125
280.3772888183594
281.5485534667969
280.81402587890625
278.24322509765625
280.2085266113281
287.0177307128906
284.8935852050781
289.74737548828125
291.2958068847656
290.54144287109375
289.7755432128906
288.6316223144531
284.6329345703125
276.2774658203125
274.97442626953125
274.327880859375
277.37164306640625
266.6686706542969
263.8238525390625
261.5758056640625
260.0837707519531
259.0194396972656
254.70245361328125
251.9073486328125
256.7217102050781
257.1494140625
263.05792236328125
265.2362976074219
250.654052734375
250.8828125
244.07908630371094
243.44247436523438
243.2236328125
241.16461181640625
237.68316650390625
239.702392578125
236.65863037109375
236.1911163330078
235.15663146972656
239.7919464111328
236.2408447265625
231.6652374267578
239.4636688232422
247.56051635742188
247.87881469726562
245.48159790039062
232.99815368652344
228.0345916748047
224.21495056152344
224.5531463623047
232.99815368652344
227.34825134277344
236.2707061767578
237.2355499267578
235.22625732421875
234.89801025390625
240.8363494873047
245.9391632080078
249.33108520507812
230.0936279296875
225.5478515625
234.61949157714844
230.89932250976562
226.9603271484375
218.93310546875
213.11412048339844
220.2162628173828
226.6619110107422
227.6566162109375
223.31971740722656
241.69180297851562
245.79989624023438
240.26937866210938
240.68716430664062
241.1260528564453
241.076171875
240.61732482910156
241.44525146484375
244.4178009033203
246.96144104003906
246.8716583251953
241.15597534179688
239.72955322265625
254.50254821777344
254.0536651611328
254.38284301757812
249.57489013671875
244.507568359375
243.7594451904297
246.78187561035156
244.80682373046875
251.8791046142578
256.2781066894531
256.5773620605469
248.3878631591797
244.0786590576172
239.8492431640625
241.1958770751953
243.8192901611328
237.5948944091797
238.133544921875
236.36798095703125
233.94403076171875
240.4078369140625
239.2208251953125
238.98143005371094
228.52761840820312
221.7545623779297
224.36801147460938
226.55255126953125
228.27822875976562
235.18093872070312
237.91409301757812
238.63229370117188
239.74951171875
235.22084045410156
231.35052490234375
239.6198272705078
241.9739227294922
241.43527221679688
240.00885009765625
247.38038635253906
247.5399932861328
242.10360717773438
247.19085693359375
252.11851501464844
263.93890380859375
257.70452880859375
256.1284484863281
266.8915100097656
266.0635986328125
262.96136474609375
262.4426574707031
270.6421203613281
271.4900207519531
269.32000732421875
262.1499938964844
258.05999755859375
252.6699981689453
251.50999450683594
254.77000427246094
249.22000122070312
250.16000366210938
249.4199981689453
246.27000427246094
251.11000061035156
255.2899932861328
256.8699951171875
254.14999389648438
253.6999969482422
252.32000732421875
248.58999633789062
253.9199981689453
260.7900085449219
265.44000244140625
276.20001220703125
279.42999267578125
272.2300109863281
273.7799987792969
272.2900085449219
277.6600036621094
280.57000732421875
276.3800048828125
275.2300109863281
280.510009765625
284.04998779296875
288.29998779296875
287.2300109863281
287.17999267578125
284.3399963378906
291.6000061035156
289.3900146484375
282.8299865722656
283.489990234375
289.8399963378906
286.1400146484375
288.79998779296875
288.3699951171875
288.45001220703125
286.1099853515625
285.760009765625
281.7699890136719
275.4200134277344
295.3699951171875
304.8299865722656
307.260009765625
305.55999755859375
305.4100036621094
304.3999938964844
305.4100036621094
310.6499938964844
308.6499938964844
307.0
312.30999755859375
310.1099853515625
308.9700012207031
309.4599914550781
311.739990234375
