nan
nan
nan
nan
nan
nan
nan
nan
nan
nan
nan
nan
nan
nan
52.69232067130854
54.50925771805357
36.66368909374591
29.173560441167936
25.86505481479917
23.414264457985904
29.632462904544926
31.88735784881256
34.12943344690238
38.44394112039778
34.54397893572712
33.60456273764259
36.23548769933853
28.545603411796005
32.566057236108456
37.277138319070964
55.555576031685995
67.055421633149
62.27351369491538
85.89216577023771
83.92441661225683
81.3602431414677
78.06794753040309
74.46814431411835
70.80925715835536
72.09303872917302
58.94736525094665
58.94736525094665
50.31847830180542
25.723534195461866
38.97277624242537
31.61765530859765
31.46341939967864
19.787237323641296
20.96435857511074
24.130888598344313
26.774840022594148
36.219068769018726
36.219093179774816
41.961406508542595
46.27660653775135
48.53479866275882
37.956190558928455
40.944867699058165
34.59018259271905
39.88658308466896
38.08664732234462
46.76725183314987
38.428880237207615
49.91362578023394
48.5008648662468
39.15661543128264
41.61490241731476
37.05359385630364
37.777762707381605
36.323850290234205
60.69519398378445
63.23123595386226
58.35473586868796
68.85882874646845
69.260712517784
70.90241183161088
78.50469422140525
86.65895170997663
87.1004798857332
89.57058110194882
88.5947451920014
84.60001724244479
84.56916072037416
82.02138974391103
75.87208496422059
67.85094126128914
72.24167798493228
71.64578877025875
70.94773056017235
69.89049106905122
69.6969612050092
55.70470692149158
51.75097334020077
41.63027810045021
39.72223738091669
42.18291624890708
41.04046274639079
40.45585036405321
42.45143963347009
60.406888655138616
56.11745026584622
42.151688893254516
48.76325707538268
46.386554837352975
43.20555430392761
27.042792893084563
28.13764728866842
27.470356923151154
29.511670060209056
41.44619458595383
41.37323813598195
41.74066821603529
40.44749503629544
32.68483472117083
35.54687645519182
48.67424789758113
39.78299694341489
43.55141746246447
41.6071585489715
43.308544914119764
45.26114783152781
45.43688946434338
39.26174217428399
26.436830328107256
31.401910341169017
34.077107829634194
37.75283037144794
31.74223974289525
28.953799517919308
19.780235903186423
26.045055122977963
41.1764878051636
46.04903187716461
51.694901555945165
61.399538619319614
66.6666978325383
86.53300265280403
93.11294244741914
60.74951714320325
65.29517177749996
63.47826317713409
58.399999023436905
58.870959802915415
62.88210140433076
65.40027670793131
58.76132956627116
58.94738472446419
62.29283274400489
57.2100456866723
50.0
48.735980866524834
50.34015653220951
56.66154341358205
55.00794777574476
56.44371372777928
64.19963757173059
66.17642933944182
59.38694602070309
47.448016758668686
41.41915250951154
28.103066360002376
18.15221285319074
15.71844987338308
33.21889246782639
38.83648180687023
36.019734778233136
37.59657076770035
31.105983830020378
38.419247049508485
37.8640761288807
34.28952716578896
39.580759529395166
39.19413458757247
42.4281173210925
51.54716968095014
55.52845982315925
64.58852780845709
57.86350473064116
51.95094049153068
47.68279617838649
52.97079738725799
62.322293303394275
53.67964343296506
53.00146388351933
61.13901670224709
44.382032906429835
53.96144945601697
59.20302396603105
60.40517309814737
71.2605048481942
71.82867923484837
70.86883482747753
71.72061074159159
84.52174974524456
77.4725320790942
78.9178929208906
77.75736415572102
74.68807522233713
75.9729420953094
86.63193260169714
86.53845640842329
84.75247539710598
74.57305434169696
73.9299550251592
84.97757368097834
86.83693406269742
82.22636957949128
81.60695847926179
79.45334420575922
75.13368438517423
77.11358119846616
80.09669224961945
79.96755807201019
78.98733843075345
79.72311765076826
74.78665512885924
74.32535452857758
72.8827353974521
52.89575479131861
39.7380021777625
50.55249841405662
43.4838850039156
53.05866250367897
58.80758163218364
56.756736224762214
50.326773756623524
48.73523171872366
44.66767920229802
41.97733441323581
51.62948921711103
64.13223932563795
63.175642150817
56.666672446509
69.60408031226919
64.5714351109096
72.66880338735238
59.18699257592326
60.47244529669305
49.110826531070195
55.66150417229513
55.66150417229513
63.926951177983454
59.888269870841604
48.91090417747026
48.0362569100569
50.67049549434335
58.18181467888141
48.56114104271134
50.821592250258334
54.17581390318469
57.79602591669022
51.15765761597815
54.33253972153606
49.41634164237746
43.352593508577115
29.37498981754228
31.93999521629893
38.25417314691123
36.45970232288131
27.350460790642774
35.25573386974255
29.032287835806784
26.171543248393682
23.674611391014263
23.524084196287998
36.6972637601814
37.25657905574525
37.93970033875389
38.09925461028018
49.4931024311043
60.058304822729156
58.5643232163845
50.71895845269849
51.733335300022205
45.94594218042494
46.905286813546304
45.8120834532662
44.46073939651085
47.199997558593076
39.130420915011
44.74327111468158
45.673084711652585
54.66561777328478
50.53060103435906
32.9509884998216
39.74104895046442
40.71429016291088
45.623638093036014
50.514395378408494
56.56681652976826
58.80240412773163
66.63308296814265
66.43003413497455
62.73946454651318
57.6884384349845
49.71041799300467
46.01038071858608
53.063154988156825
51.042608740461965
51.871649390600474
60.10151356367137
61.05054265863602
61.12759576738423
67.46361564992985
62.584377623293406
57.079638549031095
56.306299533601766
59.665890677477705
63.13253920178105
65.74657562439991
67.95775530745067
64.40679146262735
72.52128074590946
69.59250835288519
67.60128868031482
57.059701509112536
55.77212886267463
48.57549013800865
57.894723207201956
53.99646445106504
55.03474958707133
60.84905999884838
59.38012620259624
68.34785573923624
66.23379105052253
63.08596121966211
53.13589915358769
51.87834980912827
30.68780078619183
36.251386628682354
29.600877634446984
30.135430412964805
27.079108211354498
27.300598182050795
30.157167021530928
22.987405955364736
23.58036580695875
21.927228193495512
19.06219936429523
18.588486900730707
27.619996622444603
26.467680046945414
47.92626566090009
42.20878453714626
52.91482275339089
47.13714924859121
56.72081802338062
53.11203538431585
50.07362529136907
51.90839605741029
60.72319391779664
62.85377029593582
59.07990079942363
63.440855804490674
62.22221594288694
60.948893761674384
55.96556358012642
54.231218656081914
51.879692778516876
61.88339809949564
59.53487904453969
60.1880800894959
56.913186829361635
50.78910036647358
34.615392310447135
27.204507782552312
37.06897232109737
30.550637555721334
20.75849245664876
36.120401551140226
37.177293546658824
50.99336911824241
35.218504333704836
29.945351819549273
37.12869473454415
44.990730422861866
48.62466029033013
55.130791657855895
56.95019441518346
58.70238892188939
55.493910661475965
61.220270382219624
62.72728778991247
60.744694623016194
63.26315087822433
60.3859383551679
78.58196949932807
99.11191365093131
83.24228548399425
87.23996154613327
84.60390148385483
86.30872008983228
86.57894538710383
86.25335971061762
80.10011792621734
77.57404628535119
78.12929776517522
74.96298330801504
73.79847400298907
74.43268614260049
76.394862433386
77.3972774540799
88.05514662927912
79.7402834172567
78.31635532753863
75.218678022539
66.66666666666667
67.98943187231053
66.06684056720341
66.9173147984378
62.921331458844094
64.94248904644614
65.43904695213146
63.69044645573817
59.33334435355587
53.96224459536882
49.44233068195193
48.091558595666676
47.547147539662085
34.999993188038744
43.19069035638479
40.89066324836485
54.59466147041539
52.808959868327996
45.68531162498887
27.760215163749482
42.17172130713262
34.03753093848837
31.096142456532014
40.540538550193126
42.3529508562128
39.065434554749835
39.733855884172414
52.59515137035528
52.0140081678682
48.00666114950453
44.530051477857704
51.93592121654755
54.08718510541875
58.81484286255206
54.50082006771568
57.712314421566504
58.626812825475795
54.36895433236274
54.720647868503505
58.823552169859134
62.17825192642823
44.24241490124151
42.8571318921873
44.65405334510534
55.485207957764615
40.61694338834425
45.647059668308934
51.73330023864794
45.43082240216731
68.48188111351506
76.03877889488919
74.52418200411853
70.38082427633702
65.2116324025171
62.119193385971116
70.2222302597782
69.80854031867061
68.00577076111216
63.37819359974272
60.65807095229935
66.70701502649275
67.97067439927847
67.80485694428033
43.38843800278063
34.13462332014288
29.873767313256522
38.29786478529151
47.10426833459344
54.51348313953515
52.45153988422813
55.786028974184596
59.337001903132055
56.23037728342513
59.912852038785246
51.258293805338354
53.884705309839006
50.52879066004137
53.08642033450663
51.46870753834064
63.291157577463736
57.27764216691309
60.669967376267174
52.489899775584796
60.00001883801473
58.408207237647524
61.15108769233584
64.39393501526843
62.99114835450676
60.44498513494079
64.1657261636962
70.04892421293853
80.47753373355513
80.36723475858292
73.5202734700644
76.89824603785492
66.00796413875877
69.72867806512396
51.851836461281984
54.24434942352985
42.09301128974165
45.249982118589514
52.927909931876705
53.89908718427014
33.660117682257905
45.07038923889788
38.74090891457474
39.90500405028515
41.27761318253263
40.39411597792364
41.309812301938855
48.14815468910739
60.84653842039507
62.051247942267075
68.25396985583885
72.54002159625479
77.52807624250902
71.50256882595629
66.24003066408122
52.888914257424965
54.25529941307015
56.99999291556609
58.07860383246434
56.59574399009587
57.49279934919309
59.14124899150885
57.365448124421846
58.3102575766942
56.17197990749491
51.95196691639746
37.79068563959712
44.46861610312407
48.12203041357955
61.74691665843216
72.87063778580024
67.66914381921279
59.8006985562495
59.01633808312999
70.4081026927557
49.39473149465206
52.900218259833636
43.76727701554615
47.632350159706384
55.55552484151555
52.391872187860066
53.45209026818439
52.40176309200761
50.52634875865537
51.34573100228093
50.20239569787519
56.69456667991439
60.3486262473644
41.609124440289676
62.028311647650085
57.45199052923667
58.35305015312698
58.25472971270841
53.90630898405369
59.84043146811571
60.26317480203665
65.4156192408626
65.24067334682421
63.68721989101456
62.637339604529004
62.011175565491286
60.504180130276445
71.99993896499896
60.08977354759469
57.758609349925024
49.39746484828615
56.55175316748747
51.785670494952385
42.76099638570001
46.70850443529774
56.852759441315044
70.7981651082054
72.03203409110098
73.210608103048
74.61232057628503
76.22638847702977
81.80328688996173
81.00643419349645
81.40285983474243
81.53589923232464
80.44976418861215
80.86959175441577
86.36363636363637
85.87569972068646
69.58174629190732
60.09499594971485
56.5891702102912
66.59662383956507
43.6800691404562
44.038163901975146
33.95521432048577
42.92839533755976
46.67772633777452
49.65752574599031
54.76925749471517
57.52210895644826
59.60731608925432
53.566609779990266
61.988279306752446
70.07125589419624
71.65351762869338
69.0797079674267
88.66139537454329
82.31703133050256
66.09544300416768
58.364778546367454
61.46681351084901
58.445926788908544
51.66665758406403
50.24510330989978
52.68064438968912
50.39023029371038
50.93714618336471
39.89216000789675
43.184700747293505
37.99757957269795
33.22782543472715
38.83698747130061
40.171845805880615
45.38545842228081
36.373605644076115
43.82141665933833
43.19344294043141
47.44317873943102
45.64153376882876
50.43193403458933
54.37377615111946
57.075879131093856
57.31592251165205
63.276812211608295
71.87164684522959
71.78108566526303
84.22939950212975
79.06698717422213
84.85237270224503
84.20347908504476
88.59158122996612
76.05637586488876
72.83581307747141
69.27451361297625
61.93656773924019
54.305846071332795
43.4238295093456
42.94738769531249
40.96384619273553
38.877354046350504
31.65620091680609
27.962994621278376
41.26984703658358
45.58818249544479
44.09670144578993
53.72906411377463
45.84414992489487
48.59060526399334
47.19685990218031
55.38279858983591
53.279637721430746
50.06106325519783
52.611936049557045
50.26110323712238
53.835999927338925
67.42630101401622
65.91867023490677
52.54735902236852
52.85505238935681
48.10892167907071
65.39683270138335
61.33950344891655
68.61632194616526
62.500015685487156
70.17834554000132
65.80547764452704
67.81118784183647
66.3394825261626
66.62036663681394
56.90939122173967
45.82090232070874
53.87151429225019
47.46009511839971
48.9520992279227
46.12955519263335
49.081798752295825
47.68435516587058
49.40375074896705
41.65205148833468
49.295825727445276
55.14021690303536
56.66663437294885
56.735323100360915
61.61787666654848
71.20920799256098
73.7302935112724
92.9006289230312
93.12379713290444
91.00870184995875
91.00870184995875
90.33013223643133
91.83260332349518
98.72057443198547
98.60128045527298
91.04915523635721
91.3171594145958
96.41965366375149
96.45467001066062
88.58441046061071
87.59297718189924
88.31769578575
88.22136532701656
89.26939048521501
87.24825799954769
87.23397529547857
81.05876059361968
78.96550726239052
79.03778777357225
81.4385386970379
72.07114172801042
43.55178476377889
36.330268037253916
43.326455894309895
54.45546050270995
41.89651362244415
42.49148201817256
45.11401238349315
54.38850516165577
42.560951555097375
50.46730138131543
52.31316564941317
37.662339378062086
39.698453288758195
49.17079293261898
47.07337491658296
56.76923501279684
59.6843709721998
57.09923566315132
58.805016923208875
55.40438375787088
60.081177177474814
55.26685190086506
59.396247144015334
55.30242780095496
54.89730747373553
73.34036513373954
70.95711509973184
67.84409641845886
70.36572025618602
60.71427302118344
56.22832780047387
56.60375136262692
63.8365100519783
75.81121408670055
65.18047328172557
71.39541774528085
73.9758690612539
81.21958708212767
86.6071392078779
70.76021826326333
77.81689983192044
76.60605690696022
75.65947637082166
81.06449222340311
80.82903438761271
79.31404151763591
78.74449431744661
80.16442803039213
78.8343563068109
70.7339266528311
78.15191869947843
73.30316481733472
57.66525649933337
48.95522891133827
53.2531489487375
48.77316563190423
39.80384949115044
43.41144936477905
44.810783029072304
46.35665052043859
47.264211052461015
47.49105118802486
46.62210193209896
49.96424064233139
43.46210528105746
45.2101534139855
54.341199412426434
65.56206912663316
56.60375901096694
60.17611052613309
73.38899692639369
67.65771223550956
66.79075543416204
63.37162838038902
62.093573407872604
57.811099581360054
67.76212300034446
66.4767905641344
60.87931392251782
57.71468931573056
50.51108504436942
46.20370350747434
44.198413030932514
47.11711748864869
48.29180251185622
37.76274044505999
28.943924903625355
51.06382828559078
41.35485991833929
39.87951065220329
39.31899488610639
34.828974091473086
40.96847581859866
47.293452712008495
46.762583017728744
42.60074914340428
46.26233354738339
49.58650320621536
48.986923061004525
56.39555048702757
60.71948676762129
50.88596037563971
66.83674521965473
67.72249541622234
63.19522068474066
69.40122006431538
67.78059457379257
52.55333555919298
49.78435075121151
62.57017806046783
64.80939046294532
51.8561461302962
58.87004865567576
49.799657529011995
52.82372362191119
52.82374415392128
50.44937518084946
48.117141455174945
52.36737354930639
58.366880997339585
56.81158074210691
65.9934422122916
66.42621185871285
60.72752729756641
51.39751571190788
63.197023122842275
62.357393215793415
71.85099888107938
73.58682006973865
67.51939168660998
63.40847338038431
63.88888086134865
63.001239651476325
56.768495423480736
67.94425673729832
69.86898435808166
77.14603089008665
79.34061953995621
74.12728078819278
75.55768181962819
67.87566856017932
69.4189526339694
62.01973929392454
66.66669392427836
58.37274952379371
63.013704356841416
59.54048306822253
63.88637722509519
51.805978645557346
43.39625055780989
32.78983078490209
35.08313236365044
35.29931268292749
37.17948383546065
39.04846240982042
44.70686179185059
42.957767919665734
43.575869629531645
53.95244014617046
53.810615960649
54.75113851146279
50.44390886105881
60.99496800823777
67.45478999265181
75.31059598176999
75.9637386971766
80.27163626480636
73.74491529787345
77.35717341369642
77.83220323881585
81.53851313208095
84.35758846392277
76.57039013966319
66.97730819407565
58.4591463487285
60.364012819558425
55.880696186499264
56.004495440339085
58.806979550882794
56.48038740305058
61.23057556842213
65.30366660763784
61.37885778630028
53.70237109274302
51.91103452846445
44.948269394879986
42.60934757104809
49.823628944633015
62.156225685995885
54.3454449772251
48.466279683871306
47.33540770291073
47.49997814492537
51.30436961979782
53.33334275234957
53.548409779696655
59.45294167833379
62.468302183699
68.03855586531901
60.05613923901571
53.45542903425604
54.4934586033593
52.478352867025826
59.529213575573884
68.5996984932215
67.18403297611093
68.79832035497299
67.942234767108
59.14985095760358
60.32188657889398
48.86040126004414
55.113638826635224
55.975226932915724
59.2848093298725
73.02934484541645
69.90882992020444
73.73660840249539
70.91367214729263
69.31918984097004
65.22124562997851
61.16598615249147
47.59135317906402
49.956398684311175
39.897251326000045
52.4179856148287
26.565462514844995
22.836677711179775
36.30504322985021
33.18605134581928
43.60514175450569
42.01207855905881
38.41294099823105
35.670109385067654
38.85297759065146
36.543584700666024
32.35591191970184
44.527015668060486
44.45078594728775
38.55781814678996
46.051347789595305
51.3392769965972
44.080437540785596
47.52578198020814
43.548986221113715
44.45680649932914
55.9655172323075
55.31841245495898
49.90086323614467
48.0432771012275
58.98134505784488
42.33071593338703
50.70546716448387
60.78718498142697
51.84417690085197
39.35726488106136
44.25828071431333
43.63410713909611
48.02431434729108
48.917098847100995
48.41629675232952
47.13656893537478
52.56211099642668
60.75843596796912
52.84581066295751
57.97430111476787
45.687240431493976
48.844114218159824
57.189410370391656
64.62882056392075
63.12085135945937
55.373999611604546
43.438412772636205
44.27591569258034
34.5143789770886
32.80506925550222
27.246592071188665
20.76823907813496
38.1477116707665
38.0554718084483
42.60434118850919
39.38646880463617
36.56959331576277
31.185567073657815
39.318187975685646
43.779378306030736
49.847515574197715
50.50166456029046
49.85142957318463
52.23106380586764
57.24033376146253
71.55310834469883
62.56518105506096
62.79794188057974
68.20896967028463
59.80907924234766
62.981887172756124
74.01747515967811
67.7506860516866
59.0311208374819
50.38631221100268
55.251375305043155
51.94198084545338
49.95498585711254
57.55218393503987
54.814815061063435
51.36727307041608
48.21352176671043
45.486723333492
48.97570188437703
50.41666740252652
51.44071956332614
49.33465591206606
58.043029463058026
65.00284953160003
52.5649692587954
66.25325879906873
76.8877102214777
72.69199103413456
71.10014795252991
77.45972733464083
82.00757014740763
82.1763520341705
83.34919463082376
75.50367715471558
76.2765831384052
66.35424539465828
62.09080662846333
69.8466843342739
78.10597624350409
75.1233656684943
70.90065581049508
73.07692307692308
75.41461076346737
77.02169410061614
77.09768550213481
81.18407048981511
65.72552547828933
69.50262185300247
69.89663853452643
70.90429220447754
70.980361064404
68.26302012324808
68.90752306714181
67.28074663368285
68.86393913615716
62.73059884191015
59.33975749377886
59.20838073451599
56.82170483034673
49.8649921852038
70.29697921938617
70.33367472231495
69.77325182518923
78.2485193837878
80.55548063177444
81.90357935316135
80.30685297165036
83.49404368617651
78.06230772563804
89.12863966355067
89.30812517469012
88.437483422472
93.6055383009388
75.99724950053056
68.01468096117193
71.61498264200038
68.64492557336638
61.10331962491484
59.16668287290173
55.661877708162734
58.40398296494054
45.282155162347756
49.39394179595358
42.27160880820524
47.859037810790866
46.32988143459137
40.942909483996246
47.786817738539526
53.43691461638347
43.21357881949031
45.06460156160362
51.904786773872
48.417544161385884
50.612037571274456
41.02029874220081
40.89256479745661
46.29891350288756
49.57947121075749
47.43887063787329
56.826540909383816
63.43724390596629
61.03566093501513
58.16240561888385
63.500447396294476
63.61244557660783
64.46173068689559
71.09825406055505
70.78462671553807
78.63615304752581
94.26356454662879
93.40854601105809
70.51832908059225
67.93890393910465
60.058512431380166
55.37125535594834
62.896229049358105
67.96048862642735
68.07315212340961
65.9075185048288
64.48204483012618
55.25042060308011
58.157119544172154
55.786108760115205
57.41735493571594
54.59015081209398
68.87291295518129
61.72354586138305
61.45314792773679
63.407243333871705
63.736292213275945
63.59076940029874
65.4943091246916
64.69490913467324
68.71795808124742
69.85232998858571
61.57411986108796
42.5680604049071
47.31114519327518
44.04051316186713
37.60813182375872
46.29454812217074
47.380511773339286
54.509350794373454
48.533033711777584
43.16405598073575
46.07117002986155
40.006423721014066
37.32626844359348
42.42893774171918
47.14369672232796
51.595213180276794
51.186212060727634
51.43697607132855
51.94589578340599
51.27089213785557
50.77703700610712
43.63776404729573
50.74407885590918
53.99768967366641
44.85942020370758
58.344769845284404
63.276366848978924
56.602931258845544
47.95778242909292
47.327917204547774
43.51627813221856
49.38037611631575
61.70340191448001
52.79899206777528
55.003007337904485
58.48624916772314
58.46244486970954
54.202125026073816
58.9699098602693
49.2836681228817
47.97177529315517
51.354639882364545
50.63749678055324
59.03244524636915
52.60277316994863
42.553166217824504
47.48790354681865
54.1531160850272
49.37179105759925
43.46628513859543
43.51809071534567
49.19279112700589
51.26521500682499
55.50482189155021
55.59495802864019
52.09843356315985
54.98983394800979
46.07178588554277
53.45524862221147
54.451354258644685
52.58622744989711
54.68591381526634
59.39616107137325
70.07542391345773
61.4692681111567
63.16292511229037
58.545630077135
59.55982512220667
57.22598018430417
60.35806245409681
61.36243531086491
69.97080812817019
71.11609752256935
80.59041439230928
80.69952050688455
77.19551718779208
77.12800982162723
74.16383010211632
84.22964095302609
81.27697942710311
85.6327598686042
83.64477734857546
82.14276678026404
86.04887354887354
90.704771523602
90.78945539516013
79.71486843492184
65.92591022760988
61.11104383261379
62.235066870900496
59.62920126470089
59.25152825406291
55.29046217842281
53.76784007831377
60.81080866736352
67.05990517967123
70.24589138754784
68.5986084950178
61.4655269935729
58.813357404511244
67.99666158886554
83.02518724058476
84.734149054505
83.76682915347203
85.35600753063177
83.28719065029482
76.3759058684903
78.10086448936651
81.76632138824314
68.55166883621864
66.5197926959608
57.28500270580083
67.15370640732576
72.15842499986861
66.72605172756128
67.19388576025744
62.95280160393144
65.07274100016497
67.90830736764788
68.86005259261512
71.40798824464513
68.6046511627907
65.56123521416015
66.64936072210108
57.51271212745425
66.86643734951879
66.9654166794203
70.42414397479298
65.89201671755654
68.38965800721783
75.86997430100128
74.63168088391193
75.17299214930013
74.6838884624168
79.04236967055482
72.48080845207888
71.97654777140825
73.1925632642663
79.47866655436074
78.77345590922329
77.25213007057513
67.41472176450418
61.38964755520501
45.66458780592936
33.86017663086797
37.59244882114984
23.193566553690914
28.565816710294545
36.046299374285034
33.67195369807591
39.401192926864695
37.557073499563
33.743502913023214
27.73385377660103
35.74518781297142
34.11085071726073
31.288461160655988
44.876807006026254
38.19509598117616
41.99131800626694
43.71820502707486
43.1071502218409
36.83312133021929
38.82666948408902
41.71206967451843
42.62182705085329
47.98702114773441
49.649070137430314
49.737262153107025
51.61213848569064
55.549883966027046
48.23179504046487
61.65632282073974
61.79661307353999
65.42006704735849
65.10781609909247
70.18155191102784
71.76124495571463
69.91206784221046
69.47566938799322
67.42715034733145
76.17756044432957
65.38063591928947
59.550354169531474
70.18670231560823
65.54444953266638
69.29955667640334
60.27140943546038
56.99114213731764
62.01640245524028
63.28612283336773
57.91682122341747
54.82176275361294
58.314595600726136
55.4977987329292
55.04846327538775
60.22098981753003
72.58833461036366
61.12346279441395
60.141218956257795
57.722098634315316
61.15054571153545
69.68196018873793
59.68146225048417
59.9937962415248
64.83586845765713
59.096207538320805
51.5765127662342
48.48862225507757
45.3191229637633
47.05399356201589
41.36101896054158
55.859398574107594
65.43753763261167
56.02622079919728
59.404083076593025
58.25753242949293
64.65557547372916
71.45048680577189
54.12792639581412
55.909490895882044
60.513548764581834
64.90873356701255
66.17130048324627
66.36615291961486
65.14256349856808
67.78736564507004
68.42573600437343
66.02921200886412
64.678275294173
58.3700888092636
58.9478012401081
57.20146439523515
74.9525874642495
75.0134781777174
77.02431815881941
69.27519181667664
72.13620760954961
71.73911761497159
72.65165747021496
57.72705703435295
57.66666957310267
63.336814177583705
54.49071973938325
58.87774892942365
65.12644099093032
56.34690371995696
58.18055367186424
46.334253351128226
40.11359675335138
45.382039731773375
37.959463097468586
38.71037718488789
39.13236380893346
47.389745987221445
58.23776511413394
54.98575556373479
59.22668390668787
63.141464605564025
50.94826449395585
49.47676850902658
41.57100085990125
57.18920145864173
58.131861424708106
55.851666868231234
59.672125406528835
58.872708494518754
56.66666783592212
60.122702951171895
45.281518383763675
50.576049777380874
54.751004656083964
56.24672841668474
67.6338196959693
77.12709347446639
80.26780218552071
77.79825105936328
81.51604644603667
58.30696897330045
53.80049816736811
42.94840940346933
51.144706088620964
43.46715138070552
43.60323833012718
44.167370345401636
44.62763383158402
38.600966130966775
32.42239101904414
28.880320380457444
32.65951244124879
35.70501445882586
28.394540459368685
38.26708544390447
44.790152676927555
56.551990779844
45.5508964242084
55.84354929927888
59.750176748415086
50.81047211530717
51.6346598140387
50.865539396854444
56.72366222533236
60.253567802840244
62.5734276329924
63.070296248045935
73.14486579029915
68.5960733128063
63.43011768094188
62.03485154492464
57.611553155267465
55.013918154380825
52.84671045059828
62.45704095709143
59.12066150935011
56.17777785815333
55.18181780350093
40.775326227055245
36.00808103521034
23.918451062985273
20.64627099992408
30.536807360113674
46.432463297170145
53.442053781665315
59.95389748217197
53.553786350896985
46.833744228558025
51.27105910921411
49.39296679578907
55.359218579343384
53.458458534112026
61.841588999929755
56.22552895689691
59.91628195274794
57.741066016687945
53.81426981293751
46.990246427816814
36.59647363038904
38.23120687445191
43.22884802762082
59.75247082740953
47.31327592520406
47.27024829935042
44.88826167085081
42.787031061183484
54.00928316006346
51.78571969203847
45.27364128289374
56.89572239958586
59.524922959711624
50.75886688458448
61.79680024062744
59.64995389321218
60.57061373521044
63.726326363788566
68.04214386583043
63.27330581889702
65.45120808677115
68.2144442337467
64.34108943922585
68.5435244939655
72.79691784225574
57.885379326603676
56.761690178549024
47.14631945435241
48.53679361575548
50.28554672164826
48.48569509218923
39.01949170040982
39.12420496211943
38.681379698641045
35.13831248085916
38.02024577969767
50.2227461531031
54.03088549588637
54.299634383693416
64.8370904123545
66.98047313372537
77.59956144751686
77.59357531699719
64.33551756693181
72.79834627347962
76.61326748723174
77.62123407169547
81.55888837062817
82.2950960737038
80.81933556488258
77.26636765769598
74.82616856068162
75.30024095903863
73.03339521421196
67.73790865480751
67.66729918920375
59.21851384260408
70.28363751283874
37.75025510074206
35.869598268460486
28.73680791214259
23.363363925828807
32.23590397562127
41.34043212059464
35.31155778666943
30.465936099031342
26.766079018327314
34.28035249620322
32.080867876551025
39.863816816191886
39.140407075880034
46.460181721305524
51.26119305930223
51.57592335758103
53.12995351030451
58.828666003969495
48.289363200945964
42.567122421962715
52.260137081721645
61.8776613774644
60.04141317274466
50.886852434601586
60.91235415317251
52.000008360976814
49.26032720249431
48.198197651828764
57.685148728765974
64.63465661774792
60.79097826912183
63.28513046112774
74.79639270479966
76.75199123019895
73.66919831529633
74.27442797244419
72.95324267604072
80.42116186969454
79.06086374156406
77.64705079814267
83.3544158410957
82.65335426750676
71.28093505664872
68.82797085980324
71.89005237390468
70.35421092502017
51.94304575568121
44.96377866956382
44.42114564952061
39.36475860249242
37.94059626437121
28.100774994999206
32.67229343063379
40.33846421101312
35.14741316184562
30.03061527400224
27.144637197818394
27.236197511515012
34.95059746427279
32.1648545439221
36.25479257946282
38.188675479020596
43.33800941565379
42.35777459377866
53.29949973648186
55.8424224970216
52.10025062291557
46.19104008136055
53.43029902057258
51.548846944583936
63.544405163093415
54.75179277457601
54.687505926607066
65.29602416311836
67.34921253933956
68.47867536485423
68.79806700337006
72.74682995112927
68.70641684421606
63.311915559068765
61.46360904693996
71.43916009384476
67.33026819258312
76.21345505352396
78.60509843907823
82.08655750901484
79.64201654568326
72.00621133640784
78.91146651107448
80.09453304840719
75.83198770990859
75.87759366932134
79.07652060431462
83.2529032135943
87.1988521949255
78.19111262946514
82.64547769905293
78.50211739962484
79.13369218762033
80.96268502106305
75.69892379026216
79.66809373773282
65.6120939460154
65.12609792916135
68.91213867494542
72.86167937114512
70.5260118860259
69.05317861828503
60.969169420813756
65.74800827491595
65.45125232186886
63.23682034021708
57.64939323531235
58.90990765688185
60.960035351605654
65.8132074329641
75.88358379786543
69.69827983074528
61.1111484881798
52.19512114435432
50.39365753939579
59.40602286410106
70.73050887900936
66.61821891680097
59.31313066159248
71.83362247970732
78.18815288059902
76.84538258279254
73.64251650836077
69.71903935491892
63.944416064651726
66.73527074847502
73.81283501769104
70.06182255990342
67.47091736388404
62.95254913390597
60.79210852589818
61.93681190412912
67.28662723790147
50.98605394114394
26.353226202056643
30.134844016860644
42.942683322196835
55.741712124953544
63.96355688779269
50.28120326390311
33.62707058407171
36.966111598013434
44.7394003580306
47.451114687853156
47.148763986393014
41.56139206714722
31.948964462863383
34.85716398275114
34.43219026304765
42.139889470378385
34.376159487112936
35.12964869786162
39.55133137115193
45.380949840364146
50.563889425986034
49.41708296166923
43.86571755310519
46.6775733706707
53.08305323857432
59.762708524735714
77.10376246278389
77.34145298291746
79.60506541600267
77.61342335563661
87.39589822581225
82.05888948826271
80.53157974353859
86.15932406273087
86.56417992195857
89.78502619548777
88.09770210162752
88.17916122915763
86.63538348373876
86.93557739588674
85.14533680784673
85.14170309210384
84.68646032305324
73.3348589752519
77.07701693345578
80.92146824964601
78.90869471835485
73.15759198308038
71.41197466927512
66.42830349637416
73.72234083135046
61.76260376561908
56.182781364594696
52.667877030303764
40.988699883102235
49.56544547364823
44.22661862226701
49.138343477844835
46.391754121815474
34.03216393183914
39.133303885383924
45.47783883962316
45.883759576471014
41.851204753266046
49.50634271767625
49.6266778301212
42.977449585213535
47.75419606088714
46.77462996924767
40.60072008070055
41.92133387258514
48.088269735851576
52.36941053384922
57.967254175246694
60.439142749215115
54.49892396807432
54.915498581792875
54.33388916460728
45.23882607373271
46.35294770941152
50.5733468781256
35.891907024883956
40.41740594354729
41.37201697026858
44.669175760400776
36.68614913794355
32.88234606683074
23.115668098029502
19.70695580085791
17.60660015089747
17.578905784451518
17.848620127969884
17.0994599740329
18.01666259765625
17.396194094501336
32.96378859827974
37.97120910967239
45.66196595976647
47.6197541462105
45.59614913419044
46.66111647770603
47.49188440494836
46.959741711336626
48.74075373478811
50.873215708653376
56.37690010967701
54.0389325479999
49.223229018842055
54.18542705404169
52.506006295525204
49.766678185111886
38.02758131393701
34.27477499047496
35.2412830238117
27.58340087080048
45.62647422498602
44.18227931017174
48.47155140803675
43.221904806183936
42.069669493978395
45.02465332799949
45.9302172241971
39.20858994905551
32.93596470892818
43.43832078333541
46.70342919461958
45.12891294924353
43.293699191048375
53.93773239265398
49.87544737637397
48.666923867211324
50.99852949210062
52.64613055699309
52.44287149708424
52.24498662960494
59.121205972628
68.33998923546982
74.37403552058944
71.17230205238457
72.72871364477048
72.6936482073507
77.62142996987605
75.50420553635696
66.04396335278761
53.45495358561645
50.80204936345372
48.22614533535697
36.28539752083779
37.02547173411697
37.90369584218315
34.20320602250029
28.181013884261777
28.253639252572924
29.997087644152735
29.997087644152735
26.21957571487278
27.332888461970366
25.195212358950204
40.26082711486157
43.33863431406095
39.851816373571005
49.56626319498502
49.84540708232701
51.26610235368351
48.73522058310839
47.10414314836783
40.165184196109664
42.280231665151966
41.00355586392316
41.58711082694275
41.09900356426247
45.63913035648278
41.11593727072573
31.97811325530209
36.0622165912422
30.324342653187106
37.784719414164464
30.862328930242434
39.34472527173746
43.72422708363157
56.41101759437111
51.85184831917224
60.676404404325275
68.29684579995563
58.667700166854004
56.94045827217741
55.605996532584435
70.40741880627422
63.03425872908402
50.38455397824577
34.295467108107594
37.33891758336472
41.60948386868014
34.50318190979663
29.64847244557728
36.5882566213433
35.74277975815088
38.96376882389439
48.463591518781044
47.49481767690112
40.19584662173822
43.914143114571
45.09851121651947
54.56685894351714
65.91435789888824
66.49952788645908
63.697719397717826
70.7441842816432
65.28281854777137
49.94157295586848
49.65974817059241
45.722996432428445
38.949269464314774
39.21766431177147
53.30013670494846
52.22490441724415
59.03860325768794
50.84708800448616
45.46273065577678
35.05327029639093
50.271910106875
56.29949493307226
61.48943745344374
69.46578839916637
67.0630120331471
69.97889540069208
69.34904864396462
71.11702235303905
65.95060897059174
65.54884072425418
67.70016347127704
70.08741848062274
73.72348751457596
82.2999402452789
74.82909330465553
67.75424859022318
62.148970886001294
60.14960460335906
53.23327392811295
42.2632812542826
39.77629441680786
45.01963127347217
37.502549367289134
32.8649195092438
21.035180587562657
21.337240751265004
11.337411330521471
7.029629323236056
6.713467441992815
16.112572084786958
17.242779948730973
28.40930631567692
37.392084423205844
28.690948638477753
29.306396047021202
22.443592964824123
26.93143188790316
28.413578513124882
28.526568281827185
27.380462306517845
30.863216646944107
31.661940841158895
33.23428501111541
24.976911030504212
31.65090833941974
20.163793907020665
14.540867202033565
36.2030971172617
46.56943842793172
54.53034908807423
52.33324232944934
40.863849098033775
38.84758771675381
38.625678499490995
36.83209817973708
47.09137519151876
43.50810774792852
50.73298086340752
48.23270076497485
49.28330241621016
52.429361106498064
51.061203885992306
48.68569212537353
51.12135655512441
40.570533149774015
44.942604930657545
54.23381501231749
54.303278528340144
51.481026533288336
41.30167510611972
41.215472428524436
39.86435739367958
43.75660503165396
45.47616183858701
43.39686891862204
50.42726580662123
49.92974739537033
45.52510010254974
56.42572373838329
59.5365399847723
54.18165931805273
56.86659314292775
61.005395988094946
71.50249452373468
80.48290007990839
77.40446112949657
64.81757661053113
62.11417122037723
76.51948474702381
64.73698461254847
61.007521951766414
62.2904138908305
53.952312941059354
53.27056411016422
56.59898673745656
54.68122702975736
60.23082204047519
61.31304520026319
59.5825037820863
51.300914639083494
52.56973181625107
50.100296809173834
35.612605940919934
39.43138858728283
34.54545199786461
38.56886074563405
41.29322064529154
39.86402885025256
43.85458504966666
44.531255355108314
35.42277362619215
22.411708059928785
19.328747025191625
26.539341510805592
32.140661361398685
37.57498237295205
44.229662869635256
44.346828160466835
51.1101555361183
51.708151031770264
48.85434474027994
47.48256645431229
49.2609982411721
52.52654013223343
52.239611695802445
62.546309402193316
77.6414728809441
76.39171747724359
66.49037457442793
68.72036529482239
67.44758438662107
72.58092079354107
65.10268581061129
62.87639000636101
72.67531904821479
75.98566822809421
68.93815377137416
67.11711562640569
71.65040634812463
73.53818735938145
67.05599753125121
60.06328738796288
61.26190895736296
53.55055317530406
49.04113474708683
41.23417824001315
41.75546719901057
43.96128235067141
29.70010767887312
28.234056610052285
37.16397725304996
42.5462794817898
34.20764746650906
31.079368090370945
32.728875847424305
37.53488663681211
37.88072761016242
51.602152892949896
60.375682712842455
61.57015617838653
76.28605527653131
77.29900859114746
68.98620560894851
73.52489778534701
69.2126518509742
69.86328319236577
70.5586669673953
68.80394854704518
67.99868867682645
72.12370093042506
77.91249343597474
77.53045346564801
73.34044190226598
70.88780256667081
59.22484352098365
62.63762242699697
69.8795487408654
59.393804238884876
61.82930138979408
62.60346733192282
55.67095192998416
63.05169649156566
64.02048313684014
59.52953379717738
52.54571977245334
46.52628802385313
43.08508582480084
37.1559856251404
58.76928093696607
60.16284176986105
63.68090321941537
68.80067648580768
68.28497138402933
63.33333705953502
68.56095901967504
70.04954834113587
68.08775296343173
66.09403628430115
71.6171804969432
69.49557311951648
72.81881153442036
81.67099387149678
72.69197642523913
