0.0
-0.006860342868031922
-0.02849435683830109
-0.048935656872295175
-0.045748270495826485
-0.03419549046565479
-0.027340228984941862
-0.027555357094108536
-0.0385097775446184
-0.06319147034069347
-0.08291388002968547
-0.09591192245805998
-0.1112938751996898
-0.10780511854804145
-0.09162803492628335
-0.07084962676228425
-0.11751664043473264
-0.2271959426428933
-0.3570201145721269
-0.5175379404590378
-0.6736599284623638
-0.8122017023704332
-0.9267816913720193
-1.0084918990399245
-1.063656214665727
-1.0976636958158295
-1.110296931291922
-1.1098502874163232
-1.0873716483468754
-1.0373393840167178
-0.9749222432300183
-0.9065902359626816
-0.8365452921804475
-0.7614483292546321
-0.6807592754908968
-0.6002007598324234
-0.5241745117479849
-0.4526629187365573
-0.3900485431833489
-0.33492544680413927
-0.2961967061274852
-0.2726086924928351
-0.2583280769168316
-0.26200680161993606
-0.26833445181723325
-0.28846171903633544
-0.3163234602733178
-0.3621677210259726
-0.41031079175244545
-0.45356399168258266
-0.48821753853783073
-0.50178812614242
-0.50363966680987
-0.487487870547428
-0.46010664748638586
-0.42543553885180635
-0.4100175322499683
-0.4105293254853861
-0.42389212597261516
-0.4438026310995762
-0.47054816571104985
-0.49814595794857347
-0.5305562352094204
-0.5429721022559575
-0.5412865524388695
-0.5313721609769234
-0.5146514282666004
-0.4895390598445962
-0.45872951965584197
-0.42667358684807666
-0.3848122462407061
-0.33971785893632067
-0.30280209639792244
-0.2516763642730639
-0.1980582721314924
-0.13965326904017872
-0.07540729038654856
0.06157717149458952
0.23938411092487444
0.4509397571016013
0.6699351421210782
0.8738857073085072
1.0560423785789304
1.2058823459688006
1.3146526436298782
1.3679231657262345
1.38719808766591
1.397745222309992
1.3930206115359118
1.3754775671251995
1.3521520984688047
1.340733565609972
1.3276199584468078
1.3064786388367462
1.2715758955365382
1.2269792392689856
1.17329515771163
1.105759042563271
1.0256149564867898
0.9557056515439475
0.8911451198022632
0.8218772573995176
0.7573199594851261
0.6924273761321156
0.6280314325092416
0.5580734744139284
0.4835147118443953
0.4023374117590996
0.319073858816518
0.2534564868754602
0.19904920942486184
0.14656811388827998
0.08989370863213078
0.03894118021041353
-0.0036091172586051636
-0.026688464366281767
-0.04618489279330286
-0.06023422638134567
-0.07510105942042927
-0.09383747042888735
-0.11364361149852141
-0.13904522457076113
-0.18050488482937915
-0.23295455704815038
-0.284225794193504
-0.3322205886395928
-0.375048186163553
-0.4129730805201401
-0.44585294670215575
-0.46836366400218066
-0.4806917552678693
-0.4700581094394206
-0.44324224578584626
-0.4044455661523243
-0.34489251726473946
-0.27530375890929143
-0.19765898441749916
-0.112841018173998
-0.0554767944264364
-0.009106716945270071
0.025250120253551445
0.04080559102140642
0.043508764494833735
0.053072204247975895
0.07572634024377634
0.1023535084044842
0.13159676714458649
0.1722935415241682
0.21828126486624255
0.24936070733939647
0.2708129226966529
0.2939022884478236
0.3014594485513659
0.3034630636596999
0.30102955959208616
0.29956411584338694
0.3032048955518891
0.30836652759648153
0.30297807735256727
0.27541225573165407
0.19344147330107705
0.05905023861387279
-0.12059152553814975
-0.283165616654056
-0.40688843281361775
-0.4983682739929943
-0.5702487446680178
-0.6518994236203884
-0.7093379904999464
-0.7447395167497787
-0.7769748548146955
-0.783343341970808
-0.7844623597646109
-0.7769345117155002
-0.7595794898764192
-0.7422634506177191
-0.7091906826410129
-0.6612538342531433
-0.605803974412332
-0.5594560356124632
-0.5099162275618525
-0.46316098681598705
-0.42002508217747564
-0.3798234493232153
-0.34222408972688234
-0.3178171410825504
-0.29984089719324103
-0.2730716245999353
-0.23598787389772663
-0.17852911082172038
-0.09399316124792526
0.0052114723854396194
0.10919551281049095
0.22084569364871548
0.3255201199401139
0.4178381503398185
0.49486463431853167
0.5537905083304978
0.602285004024609
0.6483036309041359
0.6906354390926464
0.7292564062867295
0.7527707802295591
0.7771103885643924
0.8761394992254941
1.036811485264601
1.2163997424188076
1.4002844128114855
1.5641392012338913
1.6917979203190987
1.7957942997911307
1.8899334587745353
1.9726404359920902
2.0390311645442334
2.0956828467182076
2.1263586940398773
2.123928516408898
2.0982683242765994
2.049345794342638
1.9760784956406452
1.9017268894731878
1.8134953535962177
1.7310959090591547
1.654161803557723
1.5849047142563446
1.5204776826066835
1.459947219646696
1.3927701474674627
1.3256033242378138
1.2656434280823456
1.2243396193456066
1.1939442027869562
1.1531441593936713
1.1326152910441156
1.121691283091537
1.1144844131552325
1.0945219350977147
1.0697431134175954
1.0215014580000439
0.9759851893706654
0.9332959975934564
0.9073270421327368
0.8842709568355915
0.837185379655168
0.7867668747668678
0.7434054185838952
0.7125444866459643
0.687119202421221
0.6693349064901148
0.665319191754502
0.6647984446075809
0.6517381692766809
0.6191685509862576
0.578655601313099
0.5180143920636843
0.41676111343625355
0.2969637227878651
0.1706677048993698
0.05418824544087138
-0.06834387005679451
-0.16463755669826935
-0.2728857327717398
-0.38919064490804445
-0.4998919148735951
-0.6050843230545266
-0.671052899178427
-0.7154262981724981
-0.736244896118901
-0.7546870512178969
-0.7555511334516019
-0.6952884088069918
-0.604349649617173
-0.5248555078703727
-0.4689073048523502
-0.43213410684141923
-0.4376783490412595
-0.4804239590777354
-0.5452249779847853
-0.6123498416561216
-0.6763358764007967
-0.7205356952061064
-0.7389615151984945
-0.7173631957878536
-0.673845233324172
-0.6232370340216247
-0.556175099338714
-0.5045011548864375
-0.461159278228371
-0.4124545240362385
-0.3747650590975267
-0.35180216820280485
-0.3113490137044303
-0.2554411777828313
-0.20176791206922215
-0.1569544113021905
-0.13563992242495515
-0.11997056714400696
-0.08940171546723989
-0.06349685643534725
-0.025455039396147287
0.019853207314511997
0.07399641508155552
0.1427956054070375
0.22179474521107184
0.28387359775192733
0.3373489775170054
0.3852101256373124
0.4245700326098938
0.4593995597255694
0.4778272171508711
0.5025860647296342
0.5342942884936407
0.5703500841143012
0.6113653098097335
0.6497118905871438
0.6690144756400717
0.6827783943774816
0.6802631548379899
0.6654876587052914
0.6405305115632143
0.6144646029698331
0.5988377155348907
0.5893676975418908
0.5875366270623336
0.6021734117857868
0.623875365413247
0.6346825190186755
0.6396792414650396
0.5754965395775575
0.4752713914892997
0.34593677428156644
0.19637117226161785
0.02492554094258595
-0.15178208977430818
-0.31037229710403863
-0.4618280869300082
-0.5983840998110732
-0.7159620866643457
-0.8066700603381104
-0.8790482124382468
-0.9189831691331046
-0.9339167415210794
-0.9229294861434811
-0.9010283280544487
-0.8594152042955578
-0.8267295350086835
-0.7946822007100485
-0.7707213857486017
-0.7465421674063398
-0.7312051598740088
-0.6956587947874059
-0.6392676270106651
-0.5749799470691849
-0.500942053361439
-0.41268334730033235
-0.32159057668328933
-0.23866684975358593
-0.1756748750076106
-0.12265297735920655
-0.07885874929107724
-0.04392150251299519
-0.022967888586522184
-0.014058627921482336
-0.03451245006529438
-0.07716542964094064
-0.13355426508962165
-0.18412397243368456
-0.23212388098712705
-0.2764250845101434
-0.29758671157253147
-0.3056481471295399
-0.28970137525284634
-0.2920675457081059
-0.3274584007360405
-0.3648329638901861
-0.38311021831850456
-0.3775351018210157
-0.3566010766597232
-0.326165497922983
-0.287276142059368
-0.2444720063277493
-0.18622279132360856
-0.11629518531123345
-0.03255672961798228
0.06030890686236265
0.15755922634914768
0.25146245716022786
0.3419202226701088
0.41081686154655217
0.5066428416967712
0.6114145180126322
0.7271922492039811
0.8446943882723421
0.9556710801256879
1.0454679865872336
1.1152187742713409
1.173705377317546
1.2177953140579945
1.2477748300732656
1.270716913221735
1.2918500124809955
1.3168910684326616
1.3416628793856256
1.3641430409291135
1.3780274361358131
1.3871227423090575
1.383834416480125
1.372674410681317
1.343188003958851
1.302613866917813
1.254886328516612
1.2026360889986307
1.1483468096452627
1.0965181096780439
1.0474066995884241
1.0036956138084385
0.9611395202033629
0.920464386927822
0.8776521235730185
0.8268838876268978
0.7739798124860848
0.7220226188306587
0.6707797324882123
0.621939662838371
0.5720788746333617
0.503423814306391
0.4388421871595683
0.37090267091283047
0.29926693471381915
0.2432252649472152
0.20029837813590073
0.1622799527888811
0.12704666296249958
0.11027311082025656
0.10665501409596433
0.10500686773739361
0.0959846937868116
0.09934693551417338
0.11134512466191637
0.11782217715238233
0.12342144428105004
0.1250239075374298
0.12088055413133039
0.1194592542187903
0.12114179789879057
0.12536268823535174
0.13449665871742938
0.13236339965758784
0.12170188377766435
0.10294515482900987
0.08784033703041538
0.0724252455016976
0.06447861430537608
0.05940859397586167
0.05180473525750808
0.08134338910945413
0.1538073070007014
0.2488671951291569
0.34679578507114917
0.43214254364453913
0.5004747873168407
0.5542175988976205
0.5928210632108954
0.6126575445858851
0.6147850220425587
0.5963228856392145
0.5918462900482712
0.5958190631052114
0.5987351117688725
0.5760183734667745
0.5422188956904146
0.48764997074959116
0.43377811095443597
0.39462302776863034
0.3816401212197755
0.38024538309456446
0.39345712898964114
0.41838270752684914
0.4369029324929175
0.4515157852314069
0.4631608295518499
0.4789377317224793
0.4821435606390261
0.4592914848701046
0.4210556532692431
0.3896980989668187
0.35909963002670287
0.3524177441358145
0.3545297538516062
0.3765511324761418
0.41222951907050076
0.4665810780728311
0.5239376759757701
0.5773814692087971
0.619787933311902
0.6727005985440264
0.726615035393464
0.7766749767712903
0.8200840882176685
0.8502340434411673
0.8691931809574014
0.8735364599684732
0.8650642540011813
0.834906630736073
0.7978549813451663
0.7521388478792547
0.701674222336329
0.6578949147481918
0.6159104476313255
0.5755289667738555
0.54605133589485
0.5144552020047855
0.4834509054196596
0.45062869268501304
0.4168819530079515
0.38018374395157206
0.3497128581427738
0.32745533586807396
0.3197007247303863
0.3232668083528121
0.3424178006763125
0.3936439479224152
0.45102123269098227
0.5005600990972385
0.5243769895722221
0.5230867928988009
0.5130721602559027
0.49630661727735426
0.4717070160369623
0.4409757150184959
0.41849423419712795
0.400451038204798
0.3967100173521275
0.39883206417925987
0.4029705168458237
0.4070778395387229
0.4116180641584043
0.41317930443567313
0.4097757827781227
0.40665308308497977
0.40294324960282113
0.3919192859804188
0.37200693349394187
0.362035756005218
0.34315545558632005
0.32272773110961733
0.3019844392652186
0.2835166218976892
0.2762099966074912
0.2715044166927497
0.271247816919984
0.2696649834651106
0.261932994379181
0.25557960203693814
0.24808582964657516
0.24337425650551697
0.2410560272492535
0.22832281057200388
0.22229140015345286
0.21771743823999617
0.21555552486701007
0.21644192522998906
0.22173054606853304
0.23186758614732064
0.24781267370073892
0.26839063658007345
0.28523611859711
0.3010807748457337
0.3120689626196968
0.32143826600944786
0.3277713373491991
0.3287291232802556
0.32472068780133245
0.31308094164541633
0.29208729901754343
0.2741215533981587
0.2569346898350391
0.23496735087303836
0.21795874536259421
0.21881202375347758
0.24834578401341392
0.2999638883680214
0.3605986080440563
0.4299041784024431
0.5030628968653201
0.5888117790904321
0.6748598173084455
0.7515364473368387
0.8122990805621237
0.8610818353241515
0.8968787560522131
0.9222111229949969
0.9418622788787152
0.9412144918010761
0.9244560778954674
0.8971690860446674
0.8783039660802054
0.8329125929547492
0.7750456402564884
0.7103071967042511
0.6551618666973225
0.6110964465410114
0.5763287079601037
0.5614589396065346
0.5639850958347948
0.583176379389269
0.6013836922178973
0.6207973209820921
0.6650188169473978
0.729251769910132
0.8048272323489387
0.8796417750465544
0.9410326225287549
0.9626410903578853
0.9473725287540482
0.9215116948314489
0.8822044299528164
0.8286159760805321
0.7685923787520076
0.7198105025298362
0.6636751274210958
0.6101042586895022
0.5593990387966576
0.5270296663957583
0.4957994890327566
0.44473062303606614
0.39230390334506143
0.31997989491945766
0.24526667848632683
0.16028814044360842
0.08748346092320969
0.017789482959668222
-0.03214241941213281
-0.05870069929067148
-0.06892336920910787
-0.049707034794490096
-0.0030413024193929536
0.07450381195123246
0.17626268465818457
0.2866645176592192
0.4049772117755741
0.5268667079494155
0.636547186025546
0.7283434584071108
0.811871271487954
0.8817538811327056
0.9232114638249183
0.9406607559102512
0.9345788749773278
0.9100223866054207
0.8679941305673237
0.8134847699768516
0.7606116902451352
0.7053350889741925
0.6560643088873159
0.6065400053701464
0.5411588747806977
0.48542322350551986
0.45493880398528225
0.4349394574161068
0.4284294389641872
0.4097960386722122
0.38504256208909743
0.3514487255151551
0.3293879384496393
0.3079415825841898
0.2868241195444096
0.26844011253050754
0.2522808517491299
0.2412981058511457
0.24890189040112215
0.27931471993341606
0.308550838717766
0.3295485760916863
0.3401803989018056
0.35797945784982066
0.3727783601199279
0.39651582707680927
0.42243133370182706
0.4558464742362194
0.4841516148360413
0.5152820239898268
0.5429838522716415
0.5703141838298835
0.5867018979325089
0.5823879308473938
0.5671882726601419
0.5263221258835036
0.47031139765478014
0.4160856262751006
0.36519204898355795
0.3281142652493308
0.3028063669053563
0.2799281083527817
0.2659944080161018
0.27821278896529406
0.30602678987550236
0.346087065628242
0.3909342409223049
0.43761380111688697
0.4931655988169025
0.5561452579149555
0.6217642562769552
0.6832232107940863
0.737614903055257
0.7878308697707957
0.845360419725343
0.9028505969830812
0.9557231999719752
0.99708207192683
1.028857860163021
1.1311861702096215
1.2710693953877592
1.4129337590169062
1.5453827356410197
1.6753452817276808
1.794553918129365
1.9019479336732603
1.9887811217059699
2.0582692029504366
2.101053220415391
2.1165582446025413
2.1102856869272477
2.0877969864679238
2.03449348485696
1.9635429675756915
1.868012214770818
1.7598993790136346
1.6645424181769322
1.5686533297316545
1.4762752869691225
1.3973079827405734
1.3438149911256165
1.2814603547837418
1.2271416313730577
1.1793461964732495
1.0847219319677
0.971370988391914
0.868996411903032
0.772260840286056
0.7090145546749093
0.6855294121515221
0.6922184748335308
0.7122222178948644
0.7273695656673161
0.7714826227506018
0.8221813859988812
0.8637014559095462
0.890377445939601
0.9040026697354437
0.9068328426416312
0.898926673470098
0.8876026218057045
0.8728664854337378
0.851902974065321
0.8327347946453723
0.8201805418328151
0.8226859176094389
0.8498547717198206
0.8905568280883398
0.9346205792403741
0.9699695008279126
0.999940512731204
1.0469412170602228
1.0798227373446823
1.1282282076976293
1.1806166429151386
1.2284689536106883
1.2938563023217695
1.3684843952842145
1.4405968445277337
1.512205657882431
1.6038993985495111
1.6974860254831976
1.7646579815157513
1.8439470485207277
1.910505881742869
1.9216750925498172
1.8328540935325648
1.7349681007821949
1.6051357329000762
1.3850373051850473
1.1673184723664944
0.9750003960532058
0.8176305942505919
0.7041869928591871
0.6521331662298012
0.629269692354912
0.6359536732017902
0.6397335886749262
0.6438662080336777
0.6837094519551152
0.7639864781330813
0.8441926746709275
0.9113654456080802
0.9500925905623945
0.9699859303284792
0.9842340169743855
0.986848183434198
0.9883995677755054
0.9960447444212117
1.0385022591840678
1.1018562707589101
1.1348230167374382
1.1354943951281622
1.1185654330804167
1.0956437513883577
1.0403883111413896
0.9692210492609757
0.8792319474931553
0.7372416932108866
0.5267801293932248
0.388533300698135
0.23314735635139777
0.07335676184406083
-0.050991031770768816
-0.19036387260986906
-0.3124282956368267
-0.3747326180377535
-0.39466263237723587
-0.42039086801884384
-0.4388311664920836
-0.4170728438254066
-0.38658226877239316
-0.32389413931774397
-0.2515504095843254
-0.15898352528084836
-0.027917898244111783
0.12637412640885423
0.2815827455544756
0.41087838060235127
0.5218019146935657
0.5786278053553875
0.5843254645651816
0.58745764632257
0.6123675575021883
0.6115305939562795
0.6168186503912563
0.6004906418688793
0.5790358381351799
0.5715629916336665
0.5888544382988958
0.6128777306039869
0.6564927682698252
0.7240806831653916
0.7981504020845321
0.8758457733948757
0.9384168632299809
0.9833772031670911
0.9972254524179534
0.9914462190758224
0.9911915520723968
0.990558382991028
1.0059706659192604
1.0227550363797149
1.0379862441659737
1.0434957127442481
1.0552416985005113
1.0661207636427392
1.1045674404378043
1.1697998334077564
1.2540315585340707
1.34768419092672
1.4135739754329246
1.4673524842973134
1.4981228600533272
1.5135926852466204
1.5078726673384915
1.494828384485469
1.4538889696725503
1.4059446084906022
1.352918573114265
1.3125175742979245
1.2675093206757508
1.2074371704114282
1.1060923610060263
0.9926788885382074
0.8508140023435881
0.7140041907255963
0.5855882035716434
0.4901666139327495
0.4039940172809645
0.33854265679664153
0.3110746336605737
0.3191532118995975
0.3526685645522499
0.3973328529556654
0.48099734520302617
0.6034077301833354
0.7340148044294328
0.8778322833226706
1.0071478079560243
1.1068121625815968
1.209979199256633
1.3342982554513925
1.4573710117255492
1.6204647601328563
1.7770950516098125
1.8864613898075222
1.9193161445743359
1.9094457315772821
1.8721522559477166
1.8359397190492774
1.8056171316108922
1.777896282853352
1.7611729529010607
1.7579374533303178
1.7621905794643118
1.7562086569501918
1.7275184285077578
1.7037001362800914
1.6499877033541375
1.5762740844559593
1.489338425894385
1.3839506356456954
1.2551682849379282
1.1328435548950393
1.0263740292257835
0.9464860056304035
0.9044346321662479
0.896771523951919
0.9370997877182898
1.0021413952489393
1.083041932344058
1.1572813460628186
1.1694430268242813
1.143381258588376
1.0836661558373342
1.0221849024273517
0.9901650661507149
0.9835314165972752
1.0100607890733941
1.0610222716199713
1.1025835727435287
1.150632519391535
1.1735152649530811
1.2065848948779996
1.2525644368407947
1.3079117375213931
1.359738184525181
1.3960434090425964
1.4243955905504027
1.442392013650089
1.4694501843035312
1.4900814578097186
1.502525788951274
1.467790324470249
1.3914290045535966
1.269387410343276
1.1447145214560368
0.9249969979658366
0.6511284352197821
0.41458473843745214
0.18146041460704865
0.016531503372485185
-0.10167247222632513
-0.2194212281795009
-0.3276592065773075
-0.40803951733610877
-0.49022574533607766
-0.6603347305031446
-0.7797221050333347
-0.8806615094817675
-1.0123577109403006
-1.1560350284184442
-1.247915728605091
-1.3138699424999525
-1.3532927853532815
-1.3493968030755659
-1.3121276932467725
-1.185257367941927
-1.0095264601857177
-0.8448625071424684
-0.736918325259591
-0.6673872193046436
-0.6554867290596917
-0.6419831868641235
-0.6106055570186438
-0.6268306462804444
-0.7170403866874653
-0.824922842690461
-0.9369848630622888
-0.9894114605022934
-0.9887669429782171
-0.8891400365001068
-0.7455065750051698
-0.5689529580049484
-0.3605788483126494
-0.1993190133737618
-0.0648991605637165
-0.023921522603982417
0.0005884304945784
0.029444980314316055
0.06726382511822021
0.11446728458959021
0.110253387932198
0.02368484186680278
-0.09278712084174322
-0.22615204940511688
-0.3973791371478524
-0.6347862432932583
-0.9651948265912713
-1.231787596415304
-1.431707342344665
-1.5886984577074992
-1.6881058245732885
-1.7495416188773083
-1.8393198888566893
-1.865690681359746
-1.8446101781617343
-1.778882601745372
-1.6611093304723135
-1.5237921207510134
-1.3907139733342537
-1.2760650579425628
-1.1288438467369724
-0.9604486112393193
-0.7736140519188534
-0.5578855721333027
-0.3664716969975853
-0.18306368455075672
-0.022007689869815633
0.13212163466072382
0.24018393980560415
0.27901765687815905
0.3266716789413597
0.34550038145660583
0.31816262449345883
0.3098216151551768
0.33673109173141774
0.3645709785268411
0.37857829434070045
0.3887002702187503
0.38826962756602496
0.4065276704632082
0.43333936134157164
0.46455509259435657
0.5168958199846377
0.577757618658212
0.6231795064788863
0.6911795288698461
0.7930799270400006
0.9189707071466529
1.0634892394816013
1.2066521006820778
1.3364766070157517
1.4560663832273497
1.5553458266272526
1.6242112509640036
1.667499581532614
1.66698885513641
1.637167670421639
1.6238213379101318
1.6304037463090357
1.6594558649866946
1.6987222061083866
1.7595204318790432
1.8531012465565144
1.9593766818211535
2.0614977576302342
2.194040031597583
2.283125507794127
2.344831595785938
2.384786337052055
2.385389705397287
2.358412745319009
2.3263018410210874
2.3045849508748426
2.287980990649003
2.2826817763553233
2.2698110543950505
2.2561518250785566
2.23821037886162
2.2030537133976282
2.1684472244216115
2.1332909833857876
2.1046625749751544
2.07842502129958
2.045856935212697
2.022319761106846
2.0265947323291327
2.049680909528254
2.105479156914841
2.1671964432040327
2.2905000177943906
2.452526750223144
2.622826442171354
2.796648316064303
2.9137955156974584
2.9559941028831647
2.9851842197620395
2.9859210346640395
2.9200196578965727
2.8089906406750926
2.66893498112188
2.5379505450930004
2.353426021309554
2.1616699261822716
1.9910876000467153
1.8846079852565714
1.8058725785894318
1.7150224284099798
1.6282816313839414
1.5572372567370902
1.4724340546669463
1.3810538610565106
1.2859176754387418
1.1710192294148918
1.0596923613423883
0.9213181728793212
0.7098801605606868
0.5150819062637483
0.38234906183837397
0.32635349176288597
0.3777636298989381
0.5120830749304062
0.6821828711540923
0.8545051497050695
1.0304816229022267
1.199248729465601
1.3582986761023614
1.5366792585946005
1.7227783223618627
1.9201354764071379
2.1101459745304267
2.2937046552183755
2.3889673887146032
2.4264263712436436
2.4236710952189133
2.387299565912689
2.3537649088323787
2.3327607045225625
2.3294345507795295
2.325671854140227
2.314936815527143
2.2871409792611495
2.2670726407224353
2.256507380409246
2.255286485039221
2.2548462038409185
2.2207421156977425
2.14934143972915
2.0558012075917826
1.9517931118027934
1.8711051607369997
1.8187198006344354
1.8054897944660089
1.8049242469282802
1.8265598771575584
1.851867670585331
1.863080761402713
1.7955313727091207
1.7066221565617468
1.5865888643580184
1.3748977844904897
1.1532877884695527
0.9438624409798062
0.8084968158144361
0.7059776578210915
0.5971784940253348
0.5336175989459143
0.42681735173666036
0.292754985179415
0.1870542871672634
0.14062085313708458
0.11510088152897839
0.1281747608305158
0.1483471551577774
0.10153330146189737
0.047822467794138616
-0.0028777287710532173
-0.05189849078129723
-0.05633531335043879
-0.03661486177509308
-0.03174057864249623
-0.01098705466296045
0.05726603494315015
0.13642582497940567
0.19275308807571107
0.20840287621447204
0.19789950056109618
0.19343970823203732
0.18936998380458137
0.1695315161265735
0.1573747162701508
0.16833979564119883
0.2335225423140828
0.30273286417221257
0.365363109783572
0.39167348924209416
0.4245370189774401
0.46168924809444517
0.4696522325436781
0.47857288811266413
0.45526487452195713
0.37333085848113007
0.28410119575395154
0.22368487222553607
0.16803107598734876
0.09476297229527819
0.055082378876335186
0.05212917204959802
0.0814853256870958
0.12729383237336694
0.21295085759976934
0.300101340435206
0.3714481306254307
0.3919267014708959
0.39482858615106886
0.35279567074143003
0.2978783427752497
0.280162121099881
0.29865688110049005
0.39340014388594
0.5083732387065358
0.6572390761941703
0.7982628907595857
0.9307435162543167
1.0620454247583038
1.1818690179163307
1.2791412436268306
1.3574549511713023
1.4438092803200249
1.5297788103025314
1.6228301618838035
1.715572502256031
1.811315128865744
1.9302639293995247
2.0590260115464236
2.1832937800864514
2.2809691415481383
2.349424195022929
2.39237618103589
2.437804247541616
2.4896101914733113
2.541650503962706
2.5703195493804283
2.5477821700549494
2.4846949840010426
2.402451497683601
2.3083130190493657
2.2354299258782655
2.168372739241364
2.09987075888945
2.038362057114368
2.0043850921069053
2.0054583053720174
2.039827602544785
2.075213714012377
2.0995467847592404
2.1322702545183345
2.190799828681039
2.2574426761806556
2.320053456543863
2.392148073113381
2.4655823831688837
2.5085295628821975
2.5261541869990896
2.567812460920922
2.584589369452973
2.58554221390955
2.5475000637339593
2.5212500672092144
2.529929625343947
2.5423153215274796
2.5815318296073464
2.6112782624294453
2.644329989012364
2.7193976119735237
2.8255044921561736
2.9294912362133374
3.0072574785124573
3.0739320077001766
3.0963496187644903
3.038761375230438
2.977855100365322
2.9524370001129663
3.0194894771286394
3.093419882207936
3.226946127983254
3.4750495545020845
3.770531414741958
4.131135854987131
4.508386752368906
4.942760387598138
5.310935589465155
5.6105216072870645
5.822670529656912
5.981788565950536
6.115687070156405
6.213618160963484
6.2240801322112365
6.071969508206328
5.689247220410487
5.124086672553973
4.49602930492435
3.659932339028746
2.790033484063756
2.110179329135531
1.448168518456297
0.9251094105920896
0.44616876857252563
-0.05601502907676453
-0.7210152617628212
-1.287231397945782
-1.8752233151758564
-2.674222306243011
-3.242077630751039
-4.001392253803958
-4.653893462449834
-5.29307269678437
-5.841476255349613
-6.376436931484205
-6.88225287253237
-7.1304031134372465
-7.210448650043464
-7.017878102857177
-6.750804643019617
-6.267648203122948
-5.700302711360629
-5.186283024864935
-4.67055578039196
-4.192963102595232
-3.5722334612266557
-2.914585015899272
-2.235463436464569
-1.5732290580855297
-0.9468059073181785
-0.2428420091176685
0.44433655218624424
1.1662832222411632
1.8944071298908405
2.5274368461291687
2.9464085461889047
3.293474301042988
3.536266177107664
3.7428511886390208
3.899404988317342
3.9398590407759393
4.018016188590812
4.134948992021053
4.186602948945922
4.2532166696280775
4.346653387394113
4.470496071558176
4.613627308824934
4.768060226645858
4.943480117771731
5.04410389070022
5.037041407856202
4.9638174818559335
4.88361001198756
4.820019493073616
4.73877024481343
4.672298895926536
4.57234694886718
4.447504736630511
4.272518098052488
4.0693659642858515
3.843393537187507
3.63571953594549
3.4354138821006073
3.275582130268091
3.149211004881107
3.004330432341292
2.916880779970422
2.881870990632679
2.8979707935185006
3.0509750399473807
3.106175764572327
3.113554831346312
3.102622215753427
3.147582818329618
3.22873474968422
3.3541428612339406
3.4744041377583375
3.6636894618368188
3.8993436418172176
4.0778855581443505
4.241862865609232
4.314470213137307
4.349832719830182
4.4309717344536805
4.545435849248056
4.68931597536466
4.904240799663395
5.102162322774345
5.340493527107894
5.603259123604589
5.844423639565498
5.940787151384882
5.948222041877603
5.881025171436491
5.691436968281062
5.405510354196686
5.2009917111874255
5.000894917520781
4.850524254694095
4.581208041951141
4.221232243985479
3.854366067752661
3.464431376750045
3.1051295699811505
2.774233072648632
2.489872987244239
2.427867121127303
2.4510935697764324
2.5153539757107466
2.6506366507641315
2.755557874419029
2.762181399507924
2.622853117411598
2.4860659938452363
2.344558227525078
2.205356836767863
2.091888922045167
2.0150355395689434
1.9320090033849353
1.922919830708379
1.9313780613258291
1.9566786981494082
2.031103118030937
2.2024531773337706
2.5071846653353003
2.9110019580551336
3.2951947776746433
3.667197691244319
4.0735810914262185
4.241979987014769
4.194057709472768
3.8185909480512423
3.3864913407401143
2.8393781261928774
2.221006813533348
1.6073433996235433
1.0789028987548577
0.5696112517089853
0.06357894529919078
-0.4542335255098698
-0.9169478027697316
-1.2409238154473412
-1.5670983875556792
-1.8324990509980221
-1.9678494047582986
-1.9842602519108778
-1.9555200597209046
-1.8465494795466904
-1.6548128207151724
-1.517513742758587
-1.3512247678242368
-1.2437191741587261
-1.1133175170093685
-0.9608976333970286
-0.7170356468094017
-0.3378237738656893
0.1304073958099911
0.5976826277146032
1.0193558664881368
1.3880185332518093
1.614173657539419
1.7423336434416183
1.800775994498764
1.8097885443343276
1.804600984400653
1.6885523998108871
1.5558286481509123
1.2474264815078966
0.8747834465922801
0.44351879932681143
-0.005125610983599371
-0.3757199970801097
-0.5182045380867226
-0.39897850665719975
-0.11419750600668865
0.17464466435192866
0.33274899518334977
0.4882504891832399
0.6151466971379729
0.7331306117946834
0.8491598079079594
0.9117524182351133
0.8815667317494353
0.8141813798486608
0.6927693208701372
0.5378128109153831
0.4285576409026871
0.3528572088986708
0.3230503608309347
0.30432801168960955
0.3269834835189019
0.3602389787204404
0.3795456732173547
0.3901468314861096
0.39272964854929726
0.4166978337546754
0.38469580804285236
0.29799190501142014
0.22458284697700465
0.1778402845593212
0.1487400708314151
0.2140493568413771
0.33685481429380254
0.4752501383983043
0.6788964499364589
0.9327565566963922
1.1560691249747173
1.3734948301532286
1.6079618426715983
1.824230716537396
1.9741909602269427
2.082035850272252
2.077620545066853
2.0016891554540646
1.7902087112959053
1.5971392175817198
1.4433095719070081
1.2848663720928188
1.0880653605717305
0.897554913882048
0.6659599001966067
0.41333331240038734
0.22029294714753672
0.2002572632131679
0.29930279867378473
0.4827470926805567
0.7654910005055416
1.13857978418655
1.5552358921058866
2.0700177646893074
2.503397204714591
2.980020216248786
3.4497364174260072
3.9383186164595863
4.38834218703532
4.783636435568116
5.117310313032178
5.403947403769622
5.618603422191974
5.790728387509052
5.921951604236384
5.986580800985149
6.00041476623462
5.9614685371500915
5.832903611386214
5.53854700721161
5.123299261578835
4.662791861113134
4.098723185115556
3.5440573611273267
3.08903603583614
2.6643022098452795
2.1740724412569916
1.6502923939327467
1.2068779185149898
0.7671606289509263
0.45301156472777454
0.21130392411418536
0.1023356801950642
0.06002779830725114
0.04658518355078477
0.09810121837581612
0.17671825518699458
0.16696588114081995
0.09605290291421639
0.080286990611762
0.12509713867789962
0.17141776021834262
0.16608827467718132
0.1943376066240451
0.22192635948755346
0.19306355075377662
0.1924322834296499
0.31407058549598066
0.6124664684039693
0.9853072879708662
1.4155650065602607
1.9094767363671594
2.4545233933250463
2.998411056262017
3.5473889877945366
4.016426144797915
4.463997847404435
4.884261936732622
5.222338152231016
5.471617513727965
5.6767160432429895
5.776028765284871
5.854164381580633
5.907969444346647
5.936939648732027
5.817071412002797
5.564232931088827
5.223358489289953
4.828163637167947
4.343699620039092
3.7977199514892357
3.2851601572008753
2.8564847103487336
2.412108175965218
1.9605311274074173
1.408294544943564
0.8830021595911364
0.48180856108650705
0.13094613532885901
-0.20377947846426142
-0.5097414571830189
-0.7268672629430856
-0.89617375144068
-0.9350858479006053
-0.8731009894507137
-0.7528046968070224
-0.63533101652275
-0.5184335555172154
-0.4432196496212861
-0.39866013404834644
-0.4001089157476295
-0.3483587113481515
-0.21700086000954308
-0.06192120457552751
0.11631174624659374
0.35768189112447346
0.6355277147270458
0.952130985604156
1.2498489840176652
1.5016395154083324
1.7641811531853908
1.9922245730462809
2.2332044083884757
2.5105188484390126
2.7865184624189396
3.0635300587140137
3.2930280467333484
3.5322408185754006
3.799709726510376
4.054230355964527
4.289220738201783
4.586399375792818
4.896684179859706
5.223973848207312
5.492813024750164
5.706700460584546
5.852034492430519
5.99183717912108
6.131597865958283
6.226417879229257
6.269440844362895
6.2037844045487684
6.096166620599489
5.987180355234659
5.945027859949712
5.989744328217245
6.0630204829467775
6.096491935679714
6.084259275211223
6.03462137768347
5.9250191170991275
5.768637730977561
5.614680935574781
5.447785542668669
5.3171352754995045
5.202975601007025
5.07524914752588
4.903993819160723
4.711392636663395
4.550399937665478
4.45578860599766
4.425508096069183
4.402798601278837
4.338497584757026
4.337974581934365
4.48866065629799
4.720618789177907
4.9482103552008105
5.140124383399561
5.241313479569256
5.278438792673944
5.323176879529858
5.330926749220695
5.302138586669175
5.22902468407183
5.119883799883018
4.966897406384151
4.783607345737472
4.5328041577926514
4.21793145268201
3.8902154769146033
3.6074350697146076
3.4396718411060734
3.3513355385486627
3.22441863510173
2.9837580362246534
2.685597538759916
2.421213937583259
2.201977532470424
2.014162206598895
1.7686521533184631
1.3259041698642193
0.787377144942368
0.1820685861602438
-0.31922845083333673
-0.8238939584141243
-1.2121946976308489
-1.435040731203605
-1.5114692404022478
-1.4886746290200326
-1.4113824885058481
-1.322305866981149
-1.1727751723390234
-0.8877722124143764
-0.5074814638347112
-0.03710511809142908
0.48015898942014945
0.985518480987698
1.5081258051545814
1.9851833104706804
2.387725265765624
2.7486077265599986
3.2665612556637167
3.8671928476517223
4.595333661122379
5.318853308864912
6.049414421170852
6.746184191188548
7.408801275300801
7.9923277223451
8.492313628152742
8.877779911183824
9.06886084587784
9.133424039359673
9.16293151430397
9.13766546603178
9.1134495644252
9.06416746103288
9.015400623056644
8.97832132697227
8.877717438405051
8.688035377280501
8.436332191323153
8.008416936653289
7.585117979360119
7.073249631759312
6.508442416167818
5.915815167481772
5.219949717473882
4.534692584274354
4.020953594678054
3.6332828608258003
3.306835941280269
3.1789485869369285
3.1248760210938737
2.93632568185074
2.7673512453902336
2.4576416159004935
2.052805967162244
1.5428281412033933
1.107910366070467
0.8346033899663186
0.6987878290962841
0.7784826445673914
0.9681576415637221
1.2257846677251232
1.4677434718267486
1.6359893254267135
1.7204363035492691
1.6524335057235977
1.2871723791886818
0.7119233167815704
0.03614353845079421
-0.6636346267394799
-1.3289304446970391
-1.882218910089082
-2.546915085966136
-3.154635814216535
-3.8080537903587146
-4.4363324552715895
-5.033408410087424
-5.657021460338006
-6.246258682128694
-6.894545400374998
-7.398999555795846
-7.720056710448222
-7.757401864022714
-7.553887418195327
-7.22827739070468
-6.751749064542825
-6.385023155447962
-6.016964643178889
-5.733263616737107
-5.4466458293448925
-5.054714074417443
-4.746675837946016
-4.613655027210292
-4.587427778893897
-4.5317851916664615
-4.465769464060557
-4.52645436725237
-4.697727520022614
-4.921980043244995
-5.275325727142475
-5.450570650833312
-5.449179856011391
-5.301117628550362
-5.118068834690544
-4.827420761112863
-4.541690308286117
-4.360353365080888
-4.418716668714904
-4.663009267251832
-4.798581318300019
-4.894392996887697
-5.037173926904809
-5.24834333100849
-5.308473762036072
-5.14317436620264
-4.820280903919818
-4.321428376724073
-3.748851313900811
-3.0733596449421015
-2.434680473586582
-1.773456040064628
-1.1354221543017942
-0.43078227681987863
0.354793561922501
1.1243790264650064
1.7524895914822873
2.2727152132008084
2.781416391912828
3.184634403230394
3.311780496880286
3.281511314885436
3.07648548740524
2.5788353655674805
1.8669296335625594
1.1425033142453542
0.32131592530927944
-0.5071951856441834
-1.2194466529785626
-1.8018004216073573
-2.356649028541975
-2.9679714930290473
-3.46914445452091
-4.0346200122691425
-4.39415290592625
-4.493474591105043
-4.607461017941343
-4.603278942604229
-4.55767598471967
-4.347287531443343
-4.236239636208872
-4.225423037238789
-4.4303036145883015
-4.671045326069127
-5.053789983749863
-5.576919290822591
-6.05584794178956
-6.462100988146161
-6.701899872470335
-7.012782220455597
-7.350934980685935
-7.680953103238312
-7.841994884711224
-7.887243029260217
-7.793297651795876
-7.545344737685452
-7.079558263105389
-6.507376956259559
-5.874897270050266
-5.189928168857715
-4.568890133074464
-4.030327198768591
-3.502675428443446
-3.034884307118813
-2.7118816889937287
-2.6786432606579647
-2.9938517148006563
-3.4685340598087473
-3.8943939977451247
-4.366782980668243
-4.790861556874509
-5.054347285596991
-5.201576495044726
-5.164946435218047
-4.86218773243309
-4.442245824014519
-4.094921721077718
-3.741679527426112
-3.4494415009164054
-3.159022685968704
-2.825597048271433
-2.422647579011084
-1.9567832822733182
-1.483252773859281
-1.0766161639844456
-0.9037161447379323
-0.8994782915504781
-0.9774286633785081
-1.058459329078429
-1.1741678858769644
-1.2186307763616546
-1.1696149953148547
-1.0209093271525456
-0.8866644658007495
-0.7909100447298903
-0.8330616326564775
-0.6888693572305643
-0.31149849846901145
0.262034149854056
0.8842992056685914
1.4515785053142576
2.073398823607873
2.710907945808707
3.30684640516609
3.7966302488708887
4.217139301288414
4.67202031033976
5.079808218574521
5.503141584829854
5.92637278551735
6.301720557619415
6.590840293042332
6.7773884921235314
6.810283571469765
6.595608427228681
6.20108171716115
5.690005479428049
5.168521517001054
4.484401467892871
3.6783567198976854
2.7937052754482186
1.875860523698396
0.9639789810412622
0.032198189689720436
-0.9081148325215869
-1.7251938371324824
-2.4114071676379263
-2.8793586377716176
-3.144474162280427
-3.4952829119753654
-3.8697766364360064
-4.339792207339433
-4.845359580319636
-5.339173893373173
-5.820591754451984
-6.311577189656584
-6.736048321112233
-7.1300457546410465
-7.475536646606879
-7.772067599908976
-7.930305018639794
-8.032450274665152
-8.149166258479363
-8.12524004304337
-7.866028271802572
-7.4498988257182495
-6.978700988721147
-6.682010174657327
-6.574632974969829
-6.637822751775934
-6.784054708757969
-6.823754862610399
-6.869670290035793
-6.758305869180442
-6.52332004430996
-6.240529086062337
-5.933640724036485
-5.5189643210274415
-4.9640414165895965
-4.284586026357558
-3.8614871688225145
-3.6853578481893363
-3.519353367109599
-3.420045210167857
-3.423131534216447
-3.611184945998413
-3.9904168841263727
-4.346586366542741
-4.5563384589292895
-4.636984183584741
-4.691473594384352
-4.421341409974722
-3.88593452691943
-3.2921751984304097
-2.678763174055186
-2.082912996905072
-1.5253560856848876
-1.0248910062337164
-0.5708670589540308
-0.12090698627917079
0.3438776588418102
0.7913696739019981
1.1113420623153456
1.3092664665596383
1.653618812683104
2.060749466739456
2.4864540079499795
2.818916632903119
2.988035447497311
3.0271318893692873
3.0241257418487644
2.9564058244716316
2.9580530636298143
3.0667092165868177
3.234537027916152
3.292296650907774
3.201613050581808
2.9476979628311737
2.6196033485580497
2.2982030484825473
1.8930534802975834
1.4609507288893342
1.003036841461475
0.5118941554512635
0.12788865030808355
-0.18811217693629192
-0.4483241057793509
-0.8261082843392002
-1.3642281531448714
-1.9297243498402623
-2.4433968113926188
-2.864489290048728
-3.088546785734528
-3.1266067403514506
-3.027478505713886
-2.822790490367799
-2.6286692077446774
-2.5072590498419904
-2.2998105422312274
-2.006415492604827
-1.6785735629988356
-1.3653159013222256
-0.9566059052189126
-0.5047604251339448
-0.13536601321890757
0.24466130286827376
0.689688678589204
1.3396157484496694
1.9811313710921998
2.5540219035792715
3.2201948426097453
3.88933207418328
4.466766926189826
4.93797762777138
5.437798114911679
5.9305167546083855
6.333967938489185
6.531488661945461
6.509441712960895
6.25009911147471
5.822866938820431
5.35154111219549
4.776541614222276
4.17081437678063
3.5562683251587233
2.910048563422138
2.3484389670193826
1.9306386605254882
1.6456847037322344
1.411787143349845
1.2117548527583073
1.0186559175061887
0.7781933706468476
0.6039130798160395
0.5884811688119506
0.7462679803423823
1.1743222617550382
1.7981915785286455
2.3931197603364702
2.9579958270292614
3.4439102785466136
3.932686448545158
4.435097854688629
4.842760799644675
5.14028176708376
5.425694890921099
5.732669251138479
6.091806028377793
6.433855341525183
6.731801702323806
6.9258327257735
7.1446040439771625
7.3158706248797065
7.327048313983618
7.231129581951957
7.157942538050449
7.027494415815738
6.894415701821868
6.7440903399779675
6.576740897114311
6.355170339766397
6.09116175824641
5.736852170927497
5.230131558289251
4.96081557789201
4.994040146835099
5.242536757235924
5.573863606167117
5.924641115357856
6.23960401346087
6.517500927838336
6.826344067076385
7.090926181965967
7.271410168546378
7.4578667038794695
7.5861944607310265
7.635882819595683
7.624090567909336
7.593380834227368
