nan
nan
nan
nan
nan
nan
nan
nan
nan
nan
nan
nan
nan
nan
nan
70.68128502314573
49.99789769282927
25.693474059214356
9.020656890852228
6.080213289005884
10.489359343228466
11.155781377755092
18.430656916030102
24.208570175779766
27.97952637016097
30.400385163668812
31.098698545318086
30.959039420847958
34.859258133541324
57.15907665126857
76.76958046975021
92.1308640001565
87.70999804711808
90.18567218768982
93.91669922078722
95.95662206084955
92.95951742255659
89.66321410459186
84.9686699587232
82.59986354541162
70.05281592237628
54.03710710019886
33.83907606048098
20.029494649321816
20.640034814629338
14.10848064290433
12.749688823464405
3.447398143113855
10.403141091004107
17.253837265694745
25.740287307458246
36.333284464643945
43.22804649349164
56.690170348062786
67.65852892756952
81.0401402496868
68.6088786361827
47.90426753395385
23.567699020098704
17.057276144608952
10.765689160520184
10.856735096914775
8.157404593481548
22.264926540374802
32.89620643896045
45.245906286831115
44.480882108314916
46.55741204202254
50.27326163368307
53.55935136025891
66.55730297595186
77.69364810182545
80.91167998278495
80.91918109255836
79.40033638463395
89.39897449238457
89.61657599320756
94.14130577253191
95.59204612256595
98.00892084534945
98.25403420461272
95.1905112254562
91.89714584840146
87.74860207447277
83.61176522893264
74.14477730228104
67.2717108865752
66.47685382927722
69.09611999961226
70.30935497421576
62.45425314064662
65.03722885654527
64.1256601577327
66.00375473089228
55.208307369192205
51.610511870180765
48.91345011641592
44.29066855333625
32.87196166118441
34.300115948899894
39.59135487580659
41.227767481730496
36.39710419728708
29.901977283861964
29.779402139969406
19.117655308597644
14.373254603146103
7.136107289045522
7.526739376678383
18.299041444378556
30.208362825199035
34.37502328305187
24.512154052752237
20.751765450553165
25.626276960276588
41.12124587550307
45.356494485189295
48.669747220325256
41.926600162247894
39.568523640473465
35.79277377474062
26.140344889202982
15.393344144954666
6.689706591271979
8.361583739390941
13.537076365692831
16.37836475065239
19.802726320984096
23.2340026830944
29.43969992515517
32.780029419947
49.043095308240176
63.54798392298009
78.37839231080513
86.41498024010484
92.30598849632474
96.32455627486206
96.20562745559887
82.86758453196194
74.5635614476689
63.42474649558566
58.30419876304891
45.006171886102116
44.00025177349758
57.359139010654665
71.85850190503699
76.88376819897611
81.58427679085624
82.88154931325066
73.93415293049365
60.4972526092572
58.19522614733376
56.26153234959076
56.26153234959076
50.73664776529278
56.16943162047755
60.012563963829145
61.408122036086205
52.16934335240498
30.37039758082329
11.111126809449333
7.518217852756759
10.623808209201158
23.450911116177043
33.86491144838056
48.91369510567072
52.47296331595705
43.59636651297664
41.1384116678749
41.052165618077225
44.4911388440642
47.68057938165825
47.92365665553243
56.0887885239786
63.98354189716318
69.46860318138944
77.95057366650549
83.286721809003
87.10676191860516
76.12873373629309
68.4630768158929
64.19598194077076
65.91324916136122
61.81928236474002
57.86768278927258
45.98676035283319
35.85182472511575
40.02903959126275
59.287600780533495
82.39873223669669
91.66831163456764
94.2725278910684
90.00896715738075
91.74390085182664
92.02216296494623
92.27680971450268
87.9732580476064
84.78097783653222
84.85520439774676
89.45801583141254
93.78884749352396
96.83571746766886
90.58834540202004
83.20615638110745
79.1678616755725
85.35919784747159
91.91497840916936
95.18925048478441
91.19018086126862
86.71487799308073
83.5623080742166
86.82234734870684
92.17277670193191
94.85674581240728
95.62328631759893
94.16399727041322
90.07403961748979
74.086006936591
55.23847669354951
32.33324634587206
32.109973636524664
27.074896237671656
40.81636572088154
43.129265258395066
59.727864252872315
64.35371522852626
68.57141967417824
61.76870070413582
59.12671617835093
60.69104543880676
78.1186368042349
84.22030066971574
75.4839682599373
72.45158975982856
75.59822638128192
88.1893865710068
77.26862017408742
70.59980879715818
47.817017197454724
48.18289254266521
45.529656028252155
71.26884749109554
73.29680989659714
58.25067527838133
38.7995930990382
35.04822953924354
53.16182326956699
62.16499768583256
68.59588912275882
75.83790243752561
82.16401053240584
76.76134020701262
60.16639195902142
48.5035604910312
35.934494501027906
23.04801695492388
8.868846863769297
7.7052718751502525
15.17119661126437
15.400114309116228
21.076188195662276
16.24114552919058
16.65369342150068
13.117892557608926
16.27768704642842
30.72824682690928
37.648609843153956
50.46875674116921
47.782265962507346
53.37928578678628
67.40445605654041
84.40448840159566
86.25486628502722
69.94991645666731
54.86923573824773
39.06512134321461
27.930462238771764
17.058150534573095
18.502420212952202
19.855071021538848
25.74879542206944
32.41546577443313
45.60386644360829
53.76810921162572
57.294676268644565
61.35195488459368
61.19496227423252
65.6268585509063
68.23112235935498
70.616767374117
66.2433065328886
69.36229623361152
80.77212049227984
89.84410290742153
81.69614006423683
58.61492763535497
49.2101951667452
58.57142273260464
70.71428863369768
86.78570341901418
84.56065026754062
95.87018624128096
93.79721601935142
95.36292500100883
83.9753009657594
77.45098716120815
73.00151207067377
76.62141962032526
79.26092655179993
75.21391113031423
80.46425865754634
82.03215321628943
88.90051886827852
90.64269697550168
92.40701231469804
83.16824489968114
77.35001687323928
65.32355764595412
63.61411652481487
50.89423606847121
51.09706104225452
61.802568783307
76.82402988454938
87.62954811491284
90.53325376498258
90.61688824988941
81.19302476226456
71.760783588111
48.24675578885222
35.42541445550372
16.777759128146702
13.256685815105731
7.384132320274816
5.997950453634357
9.568307422360986
9.928132562236874
9.928132562236874
6.918241257088077
9.658584685999601
10.679202834169793
16.119802323189912
29.846007674530124
50.489357647883196
61.62052354351502
74.89534565469727
65.71015675171274
65.13416233554908
44.927749311602675
45.579604542169655
34.53333536783854
51.037688757090315
64.54625961156529
82.78893730036832
86.02887218580658
90.38697003250348
96.30528685837464
92.97691908444075
80.29349174322051
72.7463498468923
68.76311052144587
71.38365534333471
65.27134256730682
57.92827546847926
43.79486689468005
32.20771966746555
20.981358645891728
23.096418604756238
25.6344841007429
28.959213310596116
37.000562893966766
45.477638989049815
62.70853955863112
50.40873756671393
35.83374979713259
21.556795406541156
35.29282816428855
58.291825572829225
72.55385728795298
77.77771451580709
79.51903188941047
81.34325407557337
88.26007404073464
92.22839272542411
96.68526182090763
95.14364029743074
95.41323775184632
94.91699650023885
94.68760610622788
86.91048811895708
83.78213389966794
80.6414383109594
88.42376530486918
92.6614893246646
95.19585697179214
90.20327556389286
83.30286129928396
81.62465171076148
82.5844573592715
84.62522336585288
86.69726590069422
91.18130363626572
95.03114724034658
95.61198478368912
92.95895911166768
88.78184958295601
88.24940080867958
85.13186783028705
86.3308908282562
76.01912838245788
69.94468311509921
61.789170167864334
61.10478355881879
60.12932389888607
61.73009545892443
61.02178343303117
66.32474569485076
62.54692383612681
63.31609245663416
53.77765231662326
41.110992431640625
32.55090509257822
30.235331940829173
36.29193903716277
37.67260163482489
32.93892279726004
21.10457522241082
23.818015827521517
25.458432352910915
32.47027355122784
33.98051500468092
42.33922002030321
52.38165155727912
50.84134284906628
60.335940045135686
71.83464901061757
81.71429602874349
71.9281756279028
75.21192078295178
82.7535109212099
88.06918757372182
80.88999416909813
69.88266032719368
65.75346124479978
62.57244817025687
64.36835836291523
70.24617206954878
75.28039903189725
61.50818085026077
48.34503516200291
31.496100424891548
39.26795093264445
41.867936512616765
53.78422938803893
55.5555760316577
56.03864823326049
61.41776058310666
75.26640369324639
91.11565141906442
92.60729183898904
84.22444926716256
76.83169074710418
72.14520225578318
70.16500897272329
66.33635439765986
60.62069187988494
52.158530534052325
59.164886204291804
68.08210050824846
72.87219355206061
55.79869533505831
41.22336722978742
29.06799287922624
34.46101432587844
44.64387561855411
68.01872101308186
79.60037437452375
87.94430189885959
89.58741067553012
89.20687052572953
85.51092188847345
81.23957867079191
85.85950785372586
82.69171888247892
70.29863314413795
55.44794971620693
51.892544899010254
51.08328180496486
68.00582285195664
74.00834827988389
92.44557362696645
91.71833547270641
95.3783095498787
90.06758585729733
85.06914183137246
80.00000000000001
84.51366852770236
89.01689582069382
95.52730950875655
92.4951795874772
87.56185872140672
82.93859295554304
75.62710275012377
68.82575477973907
47.7313434403438
34.604409655937
19.086901401957835
17.55240141678247
21.739170496721584
27.21421401867667
32.367188930127774
38.00323604318165
38.41292508896291
40.7045748497264
31.144495699280696
33.555583001631604
29.809061930399015
38.85052270094456
49.42520873398596
70.61574946606851
79.27654531764394
85.91658039169812
88.91911889839513
88.86501964493847
81.73390707879497
63.215427806104366
46.24159704114791
37.68958753270439
37.337550839757064
38.59495416460044
33.55341043354765
35.05512995845677
37.1895684969275
48.83643873743758
53.16450500738796
58.75520295131681
57.38247552340436
63.217714202244615
67.73454160771469
69.87959436506941
68.65565969605375
68.85462946531135
63.968454240042725
52.70011073148199
57.33305139103934
46.29704006428394
46.718786282230916
31.96815909621333
42.38688747970008
57.61319101206498
67.65658796705402
78.2331334436238
72.19826778295199
64.83739884675414
61.1788632069291
59.75610796192444
69.10566458176812
72.76420022159317
62.493513777253305
62.08696490964952
56.36831466702904
66.68032794386349
65.35178635069613
72.70532602826569
84.54104677712728
89.36415395574562
89.12256577440142
79.54122558924969
76.97261648956886
70.47795045488867
71.51639198123605
68.90884623718456
68.46043313147902
63.228022808242144
54.576377022507984
43.500137329101584
40.94129753784467
38.274569836021755
32.4968717430313
30.666775173611132
46.59476077811703
74.16365105461433
91.7985597995526
92.57964966360215
93.08309435248033
89.0534340607599
92.68476907485429
90.88811020174057
91.81488897445543
86.58371414355823
84.50900411069273
83.54082016524026
84.87796669442751
86.6581566687795
76.01893199985231
60.09203579528154
43.28425524274343
54.575664385408324
42.78719722377173
36.78453829551941
15.257665354042283
32.57068335380884
46.38984019768461
61.7079768217558
73.83430032473733
83.1416095251558
94.02317306881258
88.85277474563692
85.74072621976767
85.034522489124
89.83163806077242
93.61261738858191
91.42027039458787
89.21778421114688
75.46909757778592
56.58894231767918
46.6414114130418
44.18769156957628
45.02804656065663
40.476217189744794
44.67793871803792
44.7479816574051
46.63871360345013
42.36700256289842
52.028430130141736
54.28383927215497
47.56831601057339
39.534722767501215
25.976582735606815
25.510949403782675
12.773116238098202
18.66533334744339
15.898903352796232
27.552020444282743
35.68211014991374
48.50954673018291
63.776044681895144
77.16497967465716
89.59137158222946
94.0361992942578
95.35426551821494
97.4686843426598
97.65791074750241
95.87166859521942
93.09270253389161
92.87116246802536
93.64159182732247
89.37129655968273
80.16738303723784
67.28912460261203
55.613778730085734
41.30280596542471
30.72615225056828
30.984346917771422
32.550337861479385
39.709177987031744
37.360191571469805
27.273453575900707
25.12396105725593
38.12497724006659
58.06796479786963
73.13100148788045
61.84753422865686
55.555615676874396
37.8251173042082
46.808595063979645
49.52731116119221
55.91030139718942
51.89134153808974
53.19158529997685
57.446912123975004
70.3016450728511
83.37066337181699
85.35255142944818
73.82417299523752
59.81605214196285
63.905966603868556
67.68922329226105
81.3491892113242
81.83707779315024
91.54401006087744
86.85816243509787
90.96557445129461
84.39130427031581
85.74175570787979
76.00323256843616
63.269973542465074
51.5049990856628
33.370267160707805
23.373817047246245
17.595700861328634
24.2623675279953
37.704930334942624
46.010956299872454
50.27324044659016
52.45908063803356
65.75994675536029
83.19841581844246
94.79993163523726
93.30767061543743
92.67091274481403
93.76173534896994
94.22085085745817
94.54734472439016
93.79722185938728
94.30953241351496
95.71187191791488
96.7447355682574
95.80857704665694
92.31359055573336
87.09948540248409
83.9392501686177
79.81983224219043
78.53571470685826
74.4747028420354
70.99939499480489
70.50415338919238
73.07266084388807
77.80433186552823
78.54245504927248
79.53989341257117
77.46816946509033
75.25438317843204
72.69029016869455
71.65834324783854
50.562150897384434
34.15994701842718
12.451332779712429
13.331375370411365
24.18552979284027
33.08274917874178
42.230648325551016
44.110364107094405
64.4137589805299
64.63411558798065
67.02126220500351
59.692713927434205
49.59560219096978
33.586633070939854
25.61166387272215
36.391448546507256
56.039819834323204
72.47172009524722
89.19167987987697
91.71097193670666
84.23673817849249
85.91314619547946
84.78433337929054
85.07158590421653
76.61763660910968
72.30392651849196
70.31636993102198
68.49014697725745
67.44557374886996
63.39077860018352
55.59350076823699
49.045780001629055
50.36753553715405
63.83961241815664
79.25383305470949
89.57668733562501
91.20513675264363
85.64149962678776
82.53870864910213
85.53300775010057
78.95825614114047
80.7551552584052
77.64188437943785
86.78431292434387
90.61973072290088
92.86119224068484
90.01601143637743
84.14696725188567
86.25334645237035
87.86454557461995
82.78522802847196
80.99880959129304
79.72522459239752
72.98611952049028
41.43920462433585
34.32214039127399
32.16267016594055
32.89948140662922
26.015132845262666
27.016755632532153
42.61981652466478
49.78211966308492
59.39542855409447
65.30501065559825
70.50654659094619
67.32025573435743
71.04056481824233
80.13109689295561
92.51781588665146
95.32962309368202
89.61696803386297
81.40438519926431
74.38900200428385
71.01315978402
68.00628341897043
66.92976302089589
66.6130867988943
77.91860105276685
88.25254279702726
82.90451034849583
65.19290716647093
51.51517688125048
52.50783567855604
47.49216432144402
42.006252598439794
30.929993299363815
20.895602723548098
9.363715166772375
22.881373197488738
30.15091338756517
37.401569383087654
29.166651022396866
26.049836886585084
28.99529815939537
36.33293963031402
52.89367927506467
55.396788437169185
49.57296853176124
52.27458887079882
59.01568790781622
70.63688740802446
70.98391078315802
80.31117431314388
85.02781678423564
93.01398556189626
93.90437278901221
88.25175297132462
83.12666061243023
69.12655672973305
55.60942020328053
47.953117062575394
56.201631570201776
57.9462307635284
59.05509682419062
48.95012426964263
51.35608600854321
52.05601428692057
63.91077416299468
71.52231063105354
79.30882916870672
86.48410089415727
94.54023773085487
96.12376048946898
88.97918451708745
81.83917553856507
71.04700306072134
65.91880733758008
68.32263507317613
75.37390928690495
87.41888499162445
87.84305035994716
88.9411787166415
81.11546203728282
83.58995439067603
79.63390648227315
87.3973460211868
89.27103619521274
97.76785521149377
97.69012827380085
89.70848441440825
84.87957112772209
76.83929212008607
78.64988120746398
73.76588725143213
74.59438951659705
66.18691211035788
63.856242637002715
56.65863913190947
64.52234985389795
61.48365781964625
53.19309905751226
34.36576120955191
27.840675491292984
19.281444852061323
21.222442482643636
18.769541550343448
34.66412740038508
37.325763883046804
44.613487120427585
51.901210357808374
69.64517960038954
84.6008391375778
89.85423647886866
93.0744636734792
94.9298324728993
94.75130481857373
93.79281286418082
89.49391605800334
84.80222719310403
80.47917321832749
84.62960056253746
88.91529412965862
94.29333556565257
90.04663316649733
82.48710611788897
64.2454543752224
49.24881358716019
38.39796590217739
41.1316668099366
46.92377508495496
55.41779680104978
61.43247620018436
67.05224646979461
73.19777935236816
72.40475195510719
65.72765805026569
65.75574938444224
61.473059636349085
61.2539595273534
52.780880143619356
47.6650072714855
37.030142759351286
29.603440125124326
30.43051797990546
43.226742565703326
62.55701717715042
80.64905203696445
93.98992476996737
95.03065507944878
94.58271219829464
89.54082028283706
72.33334495907742
55.238087972005246
38.57142130533857
42.8095136369978
54.7142755417597
70.44120754137832
82.42656435782034
87.91374507464583
85.79484988481575
87.33328794821718
78.7691556490385
85.75608471710352
84.16305827609376
92.00923285175111
89.70220741357771
88.54423030807872
86.87555417242952
85.55786105393243
90.52423325700941
89.96538888371214
88.20709509064754
66.67398056076665
47.097370387543386
27.672667441069475
30.553808054365618
22.7757678036152
20.175034427996867
20.88656766887079
29.15973302645942
43.32221191242379
46.49416258078105
48.998339747414924
42.48750034230374
39.482487742343096
39.82870234649639
29.520449087773823
33.878150947804706
37.146310781538325
42.416151060926786
33.26333922352719
36.7728899334219
45.954420115871216
52.87749971416937
54.87181527035671
61.91601247308472
77.24342640546433
88.14761060509687
90.54686564735924
76.55951337911813
63.34160008503667
50.70076602157493
51.8274385292688
55.53724556361828
46.28625923124438
32.68596866183808
19.930565493221728
25.446093698518382
37.75538348807178
48.176896211424435
69.06507712009743
80.51513694945488
92.47938274928963
92.1537546924144
84.01618696193545
75.21914401481128
57.99574481852761
55.79247468029657
54.37099608155304
62.07748623933088
64.30152081238082
49.896111621257084
32.58955743247404
17.277341600142798
16.25452246460951
19.111423767978206
14.286365397862227
8.091993041231948
14.585553520704067
26.88069308994443
38.99480619307707
40.93973644280057
40.824200977643976
35.223146661710835
37.9326346542742
45.042666242461024
61.068696472666396
70.3044475282215
78.83274818310109
83.00986079040946
81.10504206181862
84.89201175515386
88.2662020498651
95.10203175517421
94.63035523407285
90.68946595919432
88.78503251285294
83.05956988213818
86.45906382671198
76.00960868008401
57.427382888389594
53.313233400511876
50.05017323170002
49.24694192237783
44.917341480652794
58.38124021798014
73.20564032429854
69.86617277572658
60.920621084854936
56.44588039342684
65.96616966475646
72.62115841217714
82.74558511144134
88.08987942590318
91.74771929806614
88.99969938183922
89.1074739480568
90.78655127728427
96.28013022042425
93.34087474905618
90.27851827992167
88.27023928669945
88.67500206809238
88.39969506849938
86.08393716997257
82.35806547435254
72.90783965935933
66.59246194653859
71.16859466022703
83.13372932666006
93.5681528196384
92.40254902552995
88.84875357356869
91.38558026319892
91.83099288438079
92.99636087755965
91.48381781010544
83.76070356095356
79.11815515010726
72.71217011481123
71.93566848727009
67.52132281133491
63.84090016558026
66.5494523492623
71.35511917747914
78.55754064687075
77.89790236902763
80.42068999729503
79.37108873796456
78.86793285752813
83.08767582830107
85.43314263411374
94.93548832338622
93.64951818899544
91.58749356380333
91.22533949042092
93.21814980951405
97.108710665484
97.005908911492
94.18007122527018
89.8177690522245
86.60874298413164
86.1871499215586
89.80333091918044
83.50038896036044
72.4085420203529
67.27260067962511
67.90889764580872
65.1651022245017
53.07309638912664
40.362070804623265
40.24795628999939
27.55265277902048
23.216880560240956
20.97099306089181
45.361466651034505
60.487385098370474
61.44865380885171
53.1582032316148
52.0691772438395
52.246128325219
49.2811546219323
42.49771649589658
36.92720034685274
34.636121693203336
23.49505512113286
17.375850188260596
17.37290568014501
34.35222912606269
57.583670659048416
76.6954949814558
86.9007948996909
89.90266591286577
86.02384031070449
85.09521545729355
85.86122720512249
88.83780919371064
92.87572818386332
96.32065803944545
98.0938951579348
96.77499764959045
95.7913781392562
84.11766406406419
70.9065851082273
53.94077485277851
47.63774074219965
50.541797047846046
60.09465928530633
74.70536049119877
78.88629073738024
79.29011668260505
72.52018154766444
75.96996449678288
80.2238586895278
89.98525245732355
91.01212173048248
82.37112255003369
66.93010307899961
53.76180784258393
44.11443172347902
48.75456664524552
57.38881429036462
79.77897815109147
89.20312149251696
95.25309343942342
92.27215049946932
88.96824239363646
64.8598446838352
50.73714592942645
34.331939507524595
31.096841128995436
26.934207022465046
30.091795433186565
50.519919030380436
59.755411273591676
61.31502837576403
60.42819825797731
49.02143044461434
42.70933138201429
35.87667490643359
51.12356143338062
63.37438863753863
76.947011790329
78.70330701166094
64.231984052047
49.33040826425702
38.60945070985263
47.06034070855841
58.33328064418459
68.09384007649062
70.30376348051875
68.04782488656029
74.1012506882405
84.35643162160652
80.34300729590035
62.88478275019144
49.78007621340563
49.78007621340563
53.755397512525555
52.72319618675032
50.70764570128977
55.079578609372085
69.33223305149436
71.4989875498476
68.36312291348374
52.71425881311483
52.37498050589551
54.07130733127169
55.555577125795736
53.02758188070107
38.70044978467718
29.102419563880776
22.209651845577856
33.05578098944594
43.20580423599835
40.98357830793539
42.982728234249095
55.0133946989227
73.65954279357142
80.82642725915646
87.06581224994177
87.46015801910846
85.60882980825902
69.42832606002986
61.72699265072894
48.81368888540707
41.308341929286144
44.398813738950174
59.76275600064528
79.40035415986632
79.96854604796809
82.17365497129246
79.45659889699863
82.40557041998592
82.20677130416671
85.81847395893375
86.9450359881004
85.98410618259186
89.89702136139549
94.27578567892367
97.0751098881616
96.13596338254986
95.0663662462455
96.84817771545333
96.98156980931503
95.25904881905969
88.53168650931262
81.84867974950254
78.46260601169075
84.78997466972889
90.87391923930767
97.32153832686947
93.00759654349987
79.23961873946006
62.83068829040095
52.53580493810744
53.161033393638
65.98293451856182
74.58688284566124
81.42455210501517
81.13963472844604
86.65353115299558
93.00345081462069
96.22855226838527
92.85004251671182
88.79284557995499
89.44152282164981
90.7613096720195
92.39968122767834
88.9777736367967
91.78191911553051
93.52402608957897
90.54450401163648
84.09252142905218
85.84793200996818
84.03103713448739
82.60099294047977
67.93565294158334
73.48161169563933
81.08840696608861
87.08854479345086
90.2997824293367
83.95826740531596
89.61876110624657
89.52616458623497
95.26014630511303
93.84406009866619
86.9762480359945
83.90020397275946
79.7088726053102
68.69175339825958
64.00025943647339
70.22194910893285
85.28867624982193
84.9816202700203
87.46996780784013
89.67851780372013
92.90004739779916
92.38810058954942
90.95534066084547
96.76462555663885
90.71475715188213
86.44909696921438
78.97270494471486
79.35990054394682
81.2815185758509
83.5231265346061
80.06583846005556
64.80560235866328
46.16498715904868
28.6163578192767
23.589390652015606
14.498144013713649
17.24693018678867
26.732591878263193
38.05454809514463
46.523154284560555
41.76341533774316
39.054747770225745
22.50555939879271
19.130136414178256
13.925047057150488
13.823070766226243
22.58503390841122
19.32308722550495
28.525444828497637
14.491666158040408
20.566673278808636
12.883338928222699
11.390725397432343
18.71625943064228
32.44931865776359
56.19706580809548
61.931603907753605
77.66812055222388
76.94110395395977
77.69781138184821
69.76648120565585
65.75738268995883
77.64234279408144
81.6893417020933
88.67246660336171
85.55674841193365
86.13707052771674
90.41139865098076
92.27770970002605
97.20223110739686
95.70303081887391
92.60346761924409
79.1906765582451
73.45929899831165
68.73078383809786
74.32560123228915
70.40777671577477
61.501635228811104
64.76457638462044
73.7783395902123
79.36932602836252
80.57036098427166
77.26965780495594
87.81009888919255
89.73172770277482
94.6592513220621
96.30157598317798
88.82090937176339
75.11039888439025
63.686542395641794
64.88229171578901
73.6126113549581
77.0194465452905
80.5237254392551
76.14882466813138
74.31153008874809
62.07237367597951
55.93129977432133
49.98596226019223
54.71966870074166
58.390379489150696
69.30891821496631
76.33279699651385
75.52981187056535
80.24009000475853
84.68958212300576
95.75506106356637
94.78760366983067
76.6892496133619
62.42395258822827
50.41057887107695
59.943010610271166
68.45817276146829
78.7552934158205
80.15889667741767
87.69892308689039
88.87058160374708
87.28000102572445
81.58298475600792
71.94413118507016
72.01606789573624
76.59587852854014
86.87211941160048
93.63963641901329
94.36589348073257
86.69528230921821
86.23468592765443
83.95565494405191
90.1314386569743
79.44225331904816
70.72565127220064
62.50546667406328
57.906242111892915
49.91967358803861
53.54872597853477
54.774299733799154
64.1894450455801
41.96128130349443
32.2897610479718
20.4516365795359
25.861193883010667
31.10355859090698
31.549811019099213
38.799068649002486
58.37359234727895
72.858036502634
83.19257046986654
82.87797014442663
81.53669284335429
73.77050422970807
52.29344167854223
46.84553227615904
46.39875340960799
54.37405376374639
55.19770624067659
60.18966869134285
61.62105685037275
67.75530162463032
70.31865233951372
77.77281570385728
84.4608454930561
91.24775973885944
92.56154854674197
90.24229237681743
84.79981592076462
84.7674027043443
85.84203927198034
71.28176672844812
54.333717542629756
23.09156712739882
21.29703941736527
13.829092956505361
16.27014684479485
10.783519514078327
15.285670440989726
16.360943928204254
14.95384582953117
10.7747571904589
12.48534033457212
19.66674905273393
20.27316664072755
25.008980882666894
35.58465755109672
54.85949598877778
64.2452062615424
72.25742906413056
79.06518920305128
77.89382604061366
75.68583533529619
63.37843018016665
70.21796092524086
70.54645157798599
85.62866652479102
90.12004966765817
93.56305341286588
87.26697610899777
81.51912742633289
75.45771600145292
63.887506526207005
55.69720095878184
47.75212860986867
48.84743380686222
51.43040238353421
41.17254928279257
34.743350416615314
16.926993663105765
14.648686771993866
8.32797390639489
11.163509521840673
17.393300079015777
38.328170130006846
66.86015436426572
89.32237619252145
86.62833359336595
67.74589116498287
55.07603695518096
51.62574812682751
58.058496664839204
58.853809735928394
57.70761590254937
51.35674727590464
45.403116109875135
37.73971643025617
27.592709129565396
22.468885408481256
22.31127433367635
30.861704041542282
39.333550728654174
54.303166138165665
64.44445683108542
67.60875982877128
64.67612266877246
64.19146681751867
71.60246532663551
63.275748694034256
50.40023765498939
40.39296363545504
48.18713206208395
59.980718303279055
72.23998334361205
80.37356226334384
86.81703121257635
86.17569908921386
86.92528338885374
84.13164353594054
81.47698635915107
82.77905485499976
86.491535159993
82.15694749874655
75.48422962221748
59.90002488028824
49.340701473904
25.466064976067685
27.195189005358912
31.364808110258537
42.82589483577104
35.47680742674979
28.302702262520786
18.52579044048938
13.538913274487534
13.757649424090515
41.2390061925389
69.93214273764775
85.84801118142927
88.34493249596703
88.65944682496676
87.38772659660309
84.34049032342223
75.48308158768896
81.07371824429718
81.70532209869081
91.22822394788268
91.3787795301887
91.81950161596119
90.78529716167559
91.94988451322548
90.15574848537949
91.100619454467
91.08444324328462
90.78065376975576
88.62451624438945
85.30414350668686
77.81508209919393
53.9570958894293
34.59852084142332
24.96936320928383
21.87416162806811
21.396009909246672
26.794517203553113
35.70774026113017
28.01850898479662
15.235238332759472
15.481948273827031
20.155666316518687
32.52386380177075
35.214085355016586
58.7830724512881
68.33766892511427
78.0460772334011
77.64897298725539
78.92352646736411
68.96626874714103
53.43884429825201
51.223680605921935
64.03929026397766
71.75320096212913
59.48238194000218
53.35143481754096
49.57003028829498
44.2165044496119
42.19373624371991
57.53569000000439
82.3070846857379
93.95340089353233
93.57317264565808
93.8158837023804
97.03177512169181
96.4147378705833
96.78077854323276
92.68931569291237
94.40017228440279
94.94098420371239
96.20658879356101
93.01404929512044
92.0234712829108
86.97607524353498
89.25636633381403
88.59142315494302
93.01100527301817
67.66070768404423
44.51799036693453
22.288887917041837
22.43360617778336
18.070568717962697
11.95836230054126
14.321084753473983
24.43890110489828
27.5675455729167
24.403045082274076
11.637104338170644
13.732366364600823
21.191578831422785
32.78910343425742
35.46970353209684
32.43378369315932
36.82166190271334
42.14136562532796
57.90541660288514
68.72044568587323
81.70054219013984
80.79276083602628
78.78379250421328
72.13623117021719
67.16325051854403
57.66492229310893
65.08598766102075
77.59363387566476
87.81350851665644
86.61081812626016
86.70620588794536
92.00135842716865
98.08375766093654
95.39293592290794
90.6165689199659
89.22343617228974
87.46459036525772
92.08634224386022
93.18792979830334
95.45323832701426
94.75556649070758
89.01556819398718
91.32468254437168
93.00459531740005
97.70317002965692
97.62634034764888
97.59504022781721
96.76144021799234
96.1941781584444
91.90196966105033
90.16076082497337
85.04546858001149
86.44846365333525
88.44602190577125
89.94934174084824
87.19441881273947
74.56175377214308
68.21170891260557
68.14369881933455
82.13407793085445
92.4427917133827
96.63340622317877
89.90367214995915
82.23951808276752
76.50636289300881
72.7813338464958
69.80894418775529
71.12528355139501
74.52232807277062
84.50106941234485
89.27832006121336
89.47963764650383
71.01102819102347
54.83749012121936
55.62021830776005
75.2589557067789
92.42651321743084
93.93596916199186
81.79901029186296
80.761396244247
83.73723823506282
94.1697049028714
90.66891042336374
86.74239624204756
77.7131808734678
73.0297245973742
75.46135649451537
79.59331150409226
81.70568711957884
76.37027711502331
74.03099193471601
70.83332594050134
69.0116138434033
46.3406589246648
25.047374995017368
11.008671776785087
26.586549330495462
57.36604749468275
82.0190470461388
82.05810456504842
60.29194194318876
38.39441108978729
40.3374956943868
51.434549850148606
61.03373347368832
51.73000344449063
31.68576154708734
12.793460706140594
3.405260450518488
13.101751554365565
15.058308975353013
25.955856470611156
32.799134994516784
52.56387964618435
64.81177556382339
69.70143011472548
66.52144334640249
70.3368256031414
80.35059569165175
92.96589898666186
97.81965526569962
97.34486603143505
95.08350058330625
95.898648258792
94.747208836486
93.48201023574337
89.95648216214066
89.44184377622669
91.57061969295823
95.05831889866239
95.67567018874752
97.10460137819614
96.55147318369761
98.72946216941541
96.24433908860426
95.28093071032015
92.46030839104598
87.00691562624894
82.2855283674155
82.91909742732554
87.17872377259164
91.733693597146
88.42417294454727
89.95637801859822
87.70388853965902
77.0290593842525
59.650441522209555
44.05723337323192
29.406769971001363
29.061393107436732
19.39674847636464
20.01545467376435
9.428091922122352
10.854053501172187
16.419072990488065
31.63718435926624
44.237253805050294
51.517068873499404
59.54487290778505
69.35094563848956
66.81550676219356
62.49996051039529
43.73702766483756
38.62249682998741
20.457172773412623
24.17733459205851
35.98344032880175
54.54660790060829
73.58704846973296
83.67486917253069
92.2083192178651
87.7545458639567
81.13377272648647
72.26129526964168
59.55642501547508
36.52751645097903
17.390640208914636
6.747729581100099
14.338855489390829
20.570158749250645
28.149452208884906
20.74921729730218
17.39188527524466
6.676524006701324
7.2953291499506365
2.394400312301519
2.0119551220363223
12.182568378277296
20.071405124052312
34.282229415739685
39.57520526658819
53.95552399553325
63.99917176420458
70.27733226453117
75.42318445085381
72.33831378222173
74.81730985326216
68.24506123562718
71.0690497503345
75.56524292987446
76.78526887280522
63.44637818906269
38.567430707806935
28.89269593667089
29.33668851385622
25.18689642128679
14.272010929199999
6.348378204339891
5.557691076872442
22.713294783585877
40.4815759543439
62.79801080689199
63.09498006905037
67.23803725107753
69.56304983128011
69.57599094649903
51.95222058097744
33.01867114511213
32.29235323391065
40.18512582243009
44.431026414788505
32.2970131527396
33.866584868884104
48.27447823208714
67.16973531170979
80.5312372958587
85.33050111581515
92.39381034459437
89.862764961562
92.99999418712804
92.18630754252081
97.33866655420051
97.85413388004686
97.82701426245522
91.57623017358914
86.06979084210074
86.80837087193527
86.79625516714373
69.02964796348998
46.939221651418826
21.133354127444075
11.694768994984036
2.925175920485336
8.458267345036178
8.642316915671259
9.098572569418373
8.564746477918433
15.365144147634545
15.672187205407726
10.02283136038168
10.279146450828652
8.23819974322689
20.814589037727824
34.31993867866118
44.87995533702261
52.485373897706495
48.31188369958818
66.1373894228377
55.95141110037107
45.865586370030464
18.682776486012056
15.03898461743536
9.587390354190523
12.524044441967584
14.68599480439832
22.713202985447214
32.04751234467876
26.32643880513864
19.529268429454095
10.447848318164729
17.794286525643997
26.25710842741934
38.00312364950858
51.096539882062906
72.799284198696
86.38398660567492
90.34402323016793
87.64916755197741
82.87998046875005
78.96529947916673
76.74664713541671
77.16266276041672
72.93867187500005
45.75078291439714
20.855712708929442
4.02791398622924
12.861993271739152
15.376832540942146
18.288190298735703
20.112412292558805
28.61244175573491
40.65780980592035
56.11184940067912
69.07091070339844
67.21495886709742
60.52524576801006
54.9402185354976
61.57741295374232
68.09756058663486
79.6132613652873
89.61822621135845
94.53492105412597
89.5328559709606
62.92988655540179
38.79590099899636
24.956303821796723
34.61289959538076
39.2589410010965
47.11649304730583
55.11820724150257
70.38637127615955
71.58300730204493
66.62337182350493
47.967078319667344
58.69921006773694
71.95411846419442
95.52987883454186
93.65273142540276
88.50989691501066
88.66274524066318
92.20496890755335
97.9753777402662
93.8520001880346
90.67846390085715
91.00670395958075
92.78781786327596
96.10741898838234
95.97598340443845
97.46772184142509
93.09465310590811
87.63304964147426
77.21716862044609
50.41970837324999
25.063795892354182
5.197398504810719
10.376093447650197
8.670073339216252
8.998086083091918
3.9537211529037743
4.619277678718495
7.392873070300422
6.435133908435561
6.68414044708733
7.522730224651542
12.06199758272997
24.68159036158353
36.818000870555416
31.40311704182208
20.309959041323136
4.2928724409552474
7.347547679449491
9.365613410023668
11.485536646652081
8.02546331919046
7.230560926815091
6.673841833903473
8.94104148714108
7.069173260647258
10.904242758075307
11.696091376234287
9.968660261976003
15.74084111563547
41.457568137432
72.0090700105984
85.84627234966774
59.83192827146336
32.59765163609098
7.978906689344712
7.400509326016345
19.893332246119282
28.250948852084807
45.511384577963895
50.026482532606714
58.42075803601339
56.95811360917545
60.79488676069062
72.20983675277417
87.10702523364172
75.47405101986503
53.63001670928072
38.18029988082111
39.02642737790858
40.50976456060878
23.087617026879204
9.750605360907818
7.362250335039015
20.095737092373827
33.53718956181465
36.30240720477739
49.69423594282565
65.86015386993479
83.16198262442508
84.49914142331495
81.94443524620026
82.06981099447744
81.34643163312994
81.6550805582231
84.88618092578496
90.74635634410835
95.00458774853685
88.36698071616804
77.58801591509592
78.74742095263639
85.66201344180097
95.12747286833648
84.76656543650013
67.51397416430102
48.31438018529527
42.757510670174604
42.67366621065178
57.13751406816965
64.29123716791098
75.51898461569061
62.906750088480436
47.05039355716451
24.704367549831648
15.120357703167175
14.575162471717634
17.06652017689117
18.039228151520785
13.610662290282812
9.550760535497751
12.079875776776042
15.252364814658776
20.854139606240604
15.791415109201717
9.756443667521854
9.522900163015075
16.47609150875999
27.905894773204523
42.53787243880594
56.919188124343805
70.02523865946118
75.80807059118195
72.3989827471607
63.18180504580533
63.017657428546705
71.5656445972893
84.97435003418339
86.06976530966737
89.71547788410624
91.37939724640783
86.7181643618731
83.55886894018035
82.6296398883921
93.08957506712785
90.39182848480124
85.93550722036782
84.96482473386872
83.88837761612827
82.09999721899989
73.23011749862424
76.56635441503232
81.71556226188007
84.46840458505314
74.33102281698427
60.29626401878827
41.809033125919356
24.043296425548494
14.735535460262065
8.367981311919696
9.287732822894123
5.2337568809179835
4.479467376727484
8.32788771032403
17.782656919989105
30.01815012825669
35.106085087938034
36.87835038056095
39.509201821570294
35.02278986040153
41.350808211355925
58.66575812589108
83.4921559207477
97.34749867748734
94.50476088149803
86.35674830273426
78.30508447150653
71.96431092205302
76.74683101013612
82.73941052632155
86.36529468746467
84.21104533687645
84.15785599893086
89.96631529473404
96.17937079001746
96.41723263695685
92.75830645126752
83.99521877312509
85.5481458967467
85.5854003370107
79.92268644814156
66.33665891706485
66.58347845562463
72.09192957544055
80.92867093374457
75.60983215010845
74.0799182522223
60.477037660666404
49.34482243773928
35.03628744893157
20.864089207995892
35.25773104794925
60.56782362946462
92.14267586590852
94.58057955879765
91.27722348909897
88.2233185162368
87.85371419081031
90.36836042384937
92.05728365881264
91.24771013975554
91.83868586225147
92.30234462889037
93.25891143442607
88.04869981511455
87.06758719943446
