124.87932586669922
126.16736602783203
124.82939910888672
129.42239379882812
129.9515838623047
130.53070068359375
133.2864990234375
133.2066192626953
134.55455017089844
135.73275756835938
135.00387573242188
135.06378173828125
137.65980529785156
140.89488220214844
142.31271362304688
141.64373779296875
143.74053955078125
145.70751953125
142.78199768066406
144.0700225830078
145.20828247070312
150.590087890625
154.26446533203125
151.49868774414062
154.4142303466797
151.6884002685547
150.63999938964844
151.00999450683594
153.85000610351562
153.1999969482422
155.3300018310547
153.7100067138672
152.5500030517578
148.47999572753906
148.91000366210938
149.39999389648438
146.7100067138672
147.9199981689453
147.41000366210938
145.30999755859375
145.91000366210938
151.02999877929688
153.8300018310547
151.60000610351562
152.8699951171875
150.58999633789062
148.5
150.47000122070312
152.58999633789062
152.99000549316406
155.85000610351562
155.0
157.39999389648438
159.27999877929688
157.8300018310547
158.92999267578125
160.25
158.27999877929688
157.64999389648438
160.77000427246094
162.36000061035156
164.89999389648438
166.1699981689453
165.6300048828125
